record_id,keyword,category,form_type,complexity,num_fields,created_date,form_title,estimated_time
61900001,content marketing,marketing,assessment,Moderate,14,2024-11-06,Content Marketing Assessment,8
61900002,content marketing,marketing,survey,Simple,9,2025-02-06,Content Marketing Survey,9
61900003,content marketing,marketing,survey,Simple,7,2025-09-21,Content Marketing Survey,4
61900004,digital marketing,marketing,survey,Moderate,10,2025-01-01,Digital Marketing Survey,4
61900005,brand management,marketing,application,Complex,12,2025-01-18,Brand Management Application,6
61900006,market analysis,economics,registration,Simple,10,2025-07-20,Market Analysis Registration,4
61900007,portfolio management,economics,assessment,Complex,8,2024-11-22,Portfolio Management Assessment,6
61900008,brand management,marketing,registration,Moderate,10,2025-02-21,Brand Management Registration,11
61900009,data science,it,survey,Simple,12,2024-11-07,Data Science Survey,5
61900010,cloud computing,it,registration,Complex,6,2025-09-21,Cloud Computing Registration,12
61900011,cloud computing,it,registration,Moderate,8,2024-11-11,Cloud Computing Registration,6
61900012,data science,it,application,Simple,7,2024-12-15,Data Science Application,3
61900013,investment planning,economics,registration,Simple,15,2025-07-05,Investment Planning Registration,5
61900014,machine learning,it,registration,Moderate,9,2024-11-06,Machine Learning Registration,7
61900015,content marketing,marketing,survey,Complex,10,2025-03-12,Content Marketing Survey,10
61900016,machine learning,it,assessment,Simple,12,2025-03-23,Machine Learning Assessment,6
61900017,digital marketing,marketing,survey,Moderate,6,2024-12-25,Digital Marketing Survey,7
61900018,content marketing,marketing,survey,Moderate,5,2025-04-29,Content Marketing Survey,12
61900019,cybersecurity,it,survey,Simple,14,2024-11-18,Cybersecurity Survey,8
61900020,market analysis,economics,survey,Moderate,8,2025-05-14,Market Analysis Survey,11
61900021,digital marketing,marketing,survey,Complex,13,2025-03-31,Digital Marketing Survey,8
61900022,investment planning,economics,survey,Moderate,12,2025-06-20,Investment Planning Survey,10
61900023,machine learning,it,registration,Moderate,6,2025-09-30,Machine Learning Registration,6
61900024,financial modeling,economics,assessment,Simple,10,2025-08-11,Financial Modeling Assessment,11
61900025,web development,it,application,Simple,6,2024-12-05,Web Development Application,11
61900026,digital marketing,marketing,registration,Complex,6,2025-07-20,Digital Marketing Registration,11
61900027,data science,it,registration,Complex,15,2024-11-30,Data Science Registration,7
61900028,web development,it,assessment,Complex,13,2025-05-23,Web Development Assessment,4
61900029,brand management,marketing,application,Moderate,9,2025-09-06,Brand Management Application,11
61900030,brand management,marketing,registration,Moderate,13,2025-05-10,Brand Management Registration,9
61900031,investment planning,economics,application,Moderate,11,2025-03-26,Investment Planning Application,9
61900032,social media,marketing,registration,Simple,11,2025-02-24,Social Media Registration,11
61900033,portfolio management,economics,survey,Moderate,12,2025-09-20,Portfolio Management Survey,9
61900034,web development,it,assessment,Moderate,13,2025-08-28,Web Development Assessment,8
61900035,portfolio management,economics,survey,Simple,12,2025-05-25,Portfolio Management Survey,6
61900036,content marketing,marketing,application,Simple,15,2025-10-13,Content Marketing Application,7
61900037,data science,it,assessment,Complex,5,2024-11-30,Data Science Assessment,11
61900038,digital marketing,marketing,registration,Complex,14,2025-06-07,Digital Marketing Registration,8
61900039,data science,it,application,Complex,11,2025-06-17,Data Science Application,10
61900040,machine learning,it,application,Simple,9,2024-12-01,Machine Learning Application,11
61900041,machine learning,it,registration,Simple,11,2024-12-03,Machine Learning Registration,9
61900042,investment planning,economics,assessment,Moderate,5,2025-06-03,Investment Planning Assessment,6
61900043,portfolio management,economics,application,Moderate,7,2025-05-08,Portfolio Management Application,12
61900044,content marketing,marketing,assessment,Moderate,14,2025-05-12,Content Marketing Assessment,12
61900045,investment planning,economics,registration,Simple,7,2025-07-04,Investment Planning Registration,5
61900046,web development,it,registration,Complex,13,2024-12-06,Web Development Registration,12
61900047,market analysis,economics,assessment,Complex,8,2025-04-05,Market Analysis Assessment,10
61900048,portfolio management,economics,survey,Complex,6,2025-03-30,Portfolio Management Survey,11
61900049,brand management,marketing,registration,Moderate,14,2025-04-22,Brand Management Registration,7
61900050,cloud computing,it,application,Moderate,5,2025-10-21,Cloud Computing Application,10
61900051,digital marketing,marketing,assessment,Complex,6,2025-07-08,Digital Marketing Assessment,5
61900052,market analysis,economics,assessment,Simple,13,2025-05-08,Market Analysis Assessment,7
61900053,digital marketing,marketing,registration,Complex,13,2025-02-19,Digital Marketing Registration,9
61900054,financial modeling,economics,survey,Simple,15,2025-01-11,Financial Modeling Survey,9
61900055,investment planning,economics,registration,Moderate,7,2025-08-20,Investment Planning Registration,9
61900056,investment planning,economics,registration,Simple,10,2025-01-09,Investment Planning Registration,8
61900057,web development,it,registration,Moderate,9,2025-01-15,Web Development Registration,10
61900058,brand management,marketing,application,Simple,14,2025-06-23,Brand Management Application,11
61900059,machine learning,it,application,Moderate,9,2025-03-16,Machine Learning Application,3
61900060,cloud computing,it,survey,Complex,8,2025-06-06,Cloud Computing Survey,5
61900061,digital marketing,marketing,survey,Complex,7,2025-03-07,Digital Marketing Survey,10
61900062,digital marketing,marketing,application,Simple,7,2025-05-07,Digital Marketing Application,12
61900063,data science,it,survey,Complex,5,2025-03-06,Data Science Survey,11
61900064,machine learning,it,registration,Simple,12,2024-12-20,Machine Learning Registration,3
61900065,brand management,marketing,application,Moderate,14,2025-07-01,Brand Management Application,8
61900066,financial modeling,economics,application,Complex,5,2025-09-16,Financial Modeling Application,3
61900067,content marketing,marketing,registration,Complex,13,2025-07-30,Content Marketing Registration,11
61900068,social media,marketing,survey,Simple,15,2025-02-06,Social Media Survey,4
61900069,portfolio management,economics,survey,Simple,8,2025-01-27,Portfolio Management Survey,7
61900070,market analysis,economics,assessment,Complex,6,2025-03-25,Market Analysis Assessment,6
61900071,web development,it,assessment,Complex,12,2025-06-21,Web Development Assessment,5
61900072,market analysis,economics,application,Complex,5,2025-02-06,Market Analysis Application,11
61900073,brand management,marketing,assessment,Simple,9,2025-06-17,Brand Management Assessment,4
61900074,web development,it,registration,Simple,9,2025-03-21,Web Development Registration,7
61900075,portfolio management,economics,assessment,Simple,11,2025-08-27,Portfolio Management Assessment,10
61900076,content marketing,marketing,registration,Moderate,11,2025-06-25,Content Marketing Registration,5
61900077,brand management,marketing,assessment,Simple,11,2025-04-11,Brand Management Assessment,9
61900078,brand management,marketing,application,Complex,9,2025-03-17,Brand Management Application,3
61900079,digital marketing,marketing,registration,Complex,13,2025-01-22,Digital Marketing Registration,4
61900080,brand management,marketing,registration,Moderate,12,2025-02-03,Brand Management Registration,10
61900081,cybersecurity,it,application,Moderate,9,2025-10-06,Cybersecurity Application,8
61900082,digital marketing,marketing,application,Moderate,9,2025-03-13,Digital Marketing Application,5
61900083,cybersecurity,it,assessment,Simple,8,2025-02-24,Cybersecurity Assessment,6
61900084,market analysis,economics,survey,Complex,15,2025-09-14,Market Analysis Survey,6
61900085,market analysis,economics,survey,Simple,13,2024-11-16,Market Analysis Survey,11
61900086,financial modeling,economics,survey,Moderate,10,2024-11-03,Financial Modeling Survey,12
61900087,financial modeling,economics,survey,Complex,7,2025-08-01,Financial Modeling Survey,8
61900088,investment planning,economics,registration,Complex,11,2025-08-03,Investment Planning Registration,10
61900089,cybersecurity,it,registration,Complex,11,2024-12-16,Cybersecurity Registration,10
61900090,machine learning,it,application,Complex,12,2024-10-25,Machine Learning Application,6
61900091,content marketing,marketing,survey,Complex,8,2024-10-25,Content Marketing Survey,3
61900092,content marketing,marketing,assessment,Complex,10,2025-10-12,Content Marketing Assessment,10
61900093,portfolio management,economics,assessment,Simple,11,2025-08-13,Portfolio Management Assessment,4
61900094,financial modeling,economics,survey,Complex,7,2025-04-13,Financial Modeling Survey,12
61900095,investment planning,economics,registration,Simple,14,2025-04-19,Investment Planning Registration,3
61900096,portfolio management,economics,application,Moderate,12,2025-09-13,Portfolio Management Application,5
61900097,market analysis,economics,assessment,Simple,15,2025-02-12,Market Analysis Assessment,4
61900098,digital marketing,marketing,application,Simple,11,2025-09-23,Digital Marketing Application,8
61900099,investment planning,economics,registration,Moderate,6,2025-02-22,Investment Planning Registration,4
61900100,market analysis,economics,assessment,Moderate,10,2025-07-03,Market Analysis Assessment,3
61900101,social media,marketing,application,Moderate,5,2025-02-23,Social Media Application,12
61900102,machine learning,it,registration,Complex,7,2025-02-13,Machine Learning Registration,7
61900103,brand management,marketing,registration,Moderate,14,2025-07-23,Brand Management Registration,12
61900104,web development,it,assessment,Complex,14,2024-12-09,Web Development Assessment,10
61900105,market analysis,economics,registration,Simple,11,2025-08-24,Market Analysis Registration,7
61900106,financial modeling,economics,assessment,Complex,8,2025-10-17,Financial Modeling Assessment,10
61900107,brand management,marketing,application,Complex,9,2025-01-13,Brand Management Application,5
61900108,portfolio management,economics,assessment,Complex,5,2025-05-22,Portfolio Management Assessment,6
61900109,content marketing,marketing,registration,Simple,14,2025-05-28,Content Marketing Registration,3
61900110,market analysis,economics,assessment,Moderate,6,2025-02-07,Market Analysis Assessment,10
61900111,web development,it,application,Simple,5,2025-08-22,Web Development Application,9
61900112,investment planning,economics,survey,Simple,14,2024-12-21,Investment Planning Survey,3
61900113,cybersecurity,it,survey,Complex,14,2025-05-15,Cybersecurity Survey,6
61900114,content marketing,marketing,survey,Moderate,9,2024-11-20,Content Marketing Survey,12
61900115,portfolio management,economics,survey,Simple,6,2025-10-20,Portfolio Management Survey,7
61900116,data science,it,assessment,Complex,9,2024-11-28,Data Science Assessment,12
61900117,digital marketing,marketing,registration,Simple,12,2025-02-26,Digital Marketing Registration,9
61900118,cybersecurity,it,assessment,Complex,5,2025-07-25,Cybersecurity Assessment,10
61900119,portfolio management,economics,assessment,Moderate,13,2025-06-09,Portfolio Management Assessment,12
61900120,portfolio management,economics,survey,Simple,9,2025-07-21,Portfolio Management Survey,10
61900121,financial modeling,economics,survey,Complex,6,2025-10-02,Financial Modeling Survey,6
61900122,digital marketing,marketing,survey,Complex,5,2025-07-13,Digital Marketing Survey,6
61900123,cloud computing,it,application,Simple,13,2025-05-01,Cloud Computing Application,9
61900124,web development,it,assessment,Simple,15,2024-12-20,Web Development Assessment,3
61900125,market analysis,economics,assessment,Moderate,7,2025-06-14,Market Analysis Assessment,9
61900126,social media,marketing,application,Simple,6,2025-09-28,Social Media Application,6
61900127,machine learning,it,assessment,Moderate,7,2025-05-14,Machine Learning Assessment,11
61900128,data science,it,survey,Simple,6,2025-01-08,Data Science Survey,12
61900129,portfolio management,economics,survey,Simple,7,2025-04-02,Portfolio Management Survey,6
61900130,data science,it,registration,Simple,5,2025-04-26,Data Science Registration,8
61900131,portfolio management,economics,assessment,Moderate,11,2025-09-12,Portfolio Management Assessment,6
61900132,brand management,marketing,assessment,Complex,10,2025-01-20,Brand Management Assessment,9
61900133,machine learning,it,registration,Moderate,15,2024-11-11,Machine Learning Registration,4
61900134,machine learning,it,survey,Moderate,7,2025-10-15,Machine Learning Survey,12
61900135,financial modeling,economics,application,Complex,10,2025-01-22,Financial Modeling Application,9
61900136,investment planning,economics,registration,Simple,15,2025-09-03,Investment Planning Registration,5
61900137,content marketing,marketing,survey,Simple,15,2024-11-17,Content Marketing Survey,9
61900138,investment planning,economics,registration,Complex,9,2024-11-24,Investment Planning Registration,12
61900139,data science,it,registration,Complex,15,2025-03-21,Data Science Registration,5
61900140,data science,it,survey,Complex,13,2025-06-12,Data Science Survey,6
61900141,web development,it,survey,Simple,15,2025-07-31,Web Development Survey,9
61900142,machine learning,it,registration,Moderate,11,2025-03-24,Machine Learning Registration,6
61900143,cloud computing,it,registration,Complex,5,2025-06-29,Cloud Computing Registration,8
61900144,web development,it,application,Moderate,14,2025-07-07,Web Development Application,10
61900145,cloud computing,it,registration,Moderate,13,2025-02-08,Cloud Computing Registration,7
61900146,financial modeling,economics,assessment,Moderate,11,2025-09-17,Financial Modeling Assessment,4
61900147,web development,it,application,Simple,15,2025-03-21,Web Development Application,8
61900148,digital marketing,marketing,survey,Simple,15,2025-04-30,Digital Marketing Survey,9
61900149,social media,marketing,survey,Moderate,8,2025-03-24,Social Media Survey,7
61900150,portfolio management,economics,survey,Complex,15,2025-08-26,Portfolio Management Survey,11
61900151,digital marketing,marketing,registration,Moderate,12,2025-05-27,Digital Marketing Registration,5
61900152,portfolio management,economics,application,Complex,11,2024-11-07,Portfolio Management Application,4
61900153,machine learning,it,registration,Complex,11,2025-03-28,Machine Learning Registration,3
61900154,data science,it,survey,Simple,12,2024-12-08,Data Science Survey,5
61900155,content marketing,marketing,registration,Complex,10,2025-10-22,Content Marketing Registration,8
61900156,social media,marketing,survey,Moderate,15,2024-12-19,Social Media Survey,3
61900157,market analysis,economics,application,Complex,6,2024-12-11,Market Analysis Application,5
61900158,content marketing,marketing,survey,Moderate,7,2025-07-01,Content Marketing Survey,7
61900159,market analysis,economics,registration,Simple,7,2025-10-11,Market Analysis Registration,12
61900160,investment planning,economics,registration,Simple,6,2025-09-15,Investment Planning Registration,12
61900161,financial modeling,economics,survey,Moderate,7,2025-03-07,Financial Modeling Survey,8
61900162,investment planning,economics,registration,Moderate,11,2025-06-27,Investment Planning Registration,3
61900163,market analysis,economics,survey,Simple,6,2024-12-18,Market Analysis Survey,10
61900164,cloud computing,it,assessment,Moderate,11,2025-06-28,Cloud Computing Assessment,11
61900165,portfolio management,economics,survey,Simple,12,2025-06-21,Portfolio Management Survey,8
61900166,investment planning,economics,assessment,Simple,12,2025-01-25,Investment Planning Assessment,3
61900167,social media,marketing,survey,Complex,5,2025-01-14,Social Media Survey,3
61900168,financial modeling,economics,application,Complex,12,2025-09-15,Financial Modeling Application,10
61900169,portfolio management,economics,survey,Simple,6,2025-06-15,Portfolio Management Survey,10
61900170,cybersecurity,it,survey,Complex,10,2025-09-18,Cybersecurity Survey,10
61900171,web development,it,registration,Complex,11,2024-12-24,Web Development Registration,9
61900172,market analysis,economics,registration,Moderate,7,2025-05-28,Market Analysis Registration,3
61900173,cybersecurity,it,registration,Moderate,10,2025-04-06,Cybersecurity Registration,6
61900174,cybersecurity,it,registration,Moderate,15,2025-06-27,Cybersecurity Registration,11
61900175,investment planning,economics,registration,Moderate,13,2025-01-23,Investment Planning Registration,12
61900176,portfolio management,economics,registration,Moderate,6,2025-05-24,Portfolio Management Registration,9
61900177,content marketing,marketing,registration,Simple,7,2025-06-30,Content Marketing Registration,9
61900178,investment planning,economics,application,Complex,13,2025-02-25,Investment Planning Application,3
61900179,data science,it,registration,Simple,8,2025-07-16,Data Science Registration,9
61900180,brand management,marketing,survey,Complex,10,2025-03-21,Brand Management Survey,8
61900181,social media,marketing,application,Simple,10,2025-06-18,Social Media Application,7
61900182,brand management,marketing,assessment,Simple,13,2025-09-01,Brand Management Assessment,5
61900183,digital marketing,marketing,registration,Moderate,8,2025-07-28,Digital Marketing Registration,9
61900184,portfolio management,economics,application,Moderate,11,2025-03-11,Portfolio Management Application,8
61900185,machine learning,it,assessment,Complex,8,2024-12-09,Machine Learning Assessment,8
61900186,digital marketing,marketing,registration,Complex,9,2025-10-10,Digital Marketing Registration,9
61900187,social media,marketing,registration,Simple,10,2024-11-07,Social Media Registration,3
61900188,data science,it,registration,Simple,12,2025-02-20,Data Science Registration,3
61900189,content marketing,marketing,application,Moderate,10,2024-12-19,Content Marketing Application,9
61900190,cybersecurity,it,application,Simple,6,2025-06-12,Cybersecurity Application,6
61900191,machine learning,it,application,Simple,13,2024-12-21,Machine Learning Application,6
61900192,cybersecurity,it,survey,Simple,14,2025-09-30,Cybersecurity Survey,12
61900193,machine learning,it,survey,Moderate,9,2025-04-18,Machine Learning Survey,9
61900194,digital marketing,marketing,application,Moderate,7,2025-01-13,Digital Marketing Application,9
61900195,data science,it,registration,Simple,11,2025-06-20,Data Science Registration,8
61900196,cybersecurity,it,assessment,Moderate,6,2024-10-31,Cybersecurity Assessment,6
61900197,digital marketing,marketing,survey,Moderate,14,2025-02-24,Digital Marketing Survey,8
61900198,content marketing,marketing,assessment,Simple,14,2025-02-11,Content Marketing Assessment,10
61900199,web development,it,application,Moderate,13,2024-11-29,Web Development Application,8
61900200,digital marketing,marketing,assessment,Simple,10,2024-12-25,Digital Marketing Assessment,12
61900201,content marketing,marketing,assessment,Moderate,10,2025-04-21,Content Marketing Assessment,10
61900202,web development,it,registration,Complex,15,2025-07-15,Web Development Registration,7
61900203,cybersecurity,it,application,Moderate,15,2025-10-22,Cybersecurity Application,9
61900204,financial modeling,economics,registration,Moderate,11,2025-03-29,Financial Modeling Registration,6
61900205,social media,marketing,survey,Moderate,11,2025-05-21,Social Media Survey,4
61900206,social media,marketing,assessment,Simple,8,2025-10-04,Social Media Assessment,5
61900207,brand management,marketing,registration,Moderate,10,2024-12-06,Brand Management Registration,9
61900208,social media,marketing,application,Moderate,12,2025-08-08,Social Media Application,4
61900209,cybersecurity,it,assessment,Moderate,7,2025-03-26,Cybersecurity Assessment,5
61900210,digital marketing,marketing,survey,Complex,14,2025-10-12,Digital Marketing Survey,3
61900211,machine learning,it,application,Complex,12,2024-11-24,Machine Learning Application,8
61900212,machine learning,it,assessment,Complex,5,2025-02-01,Machine Learning Assessment,11
61900213,cybersecurity,it,assessment,Simple,13,2025-10-22,Cybersecurity Assessment,5
61900214,financial modeling,economics,registration,Complex,12,2025-07-08,Financial Modeling Registration,6
61900215,machine learning,it,survey,Moderate,7,2025-04-19,Machine Learning Survey,5
61900216,digital marketing,marketing,application,Simple,8,2025-01-18,Digital Marketing Application,9
61900217,social media,marketing,assessment,Simple,12,2025-09-03,Social Media Assessment,11
61900218,market analysis,economics,application,Moderate,12,2025-09-10,Market Analysis Application,10
61900219,social media,marketing,survey,Simple,13,2025-05-10,Social Media Survey,5
61900220,brand management,marketing,application,Simple,7,2025-04-25,Brand Management Application,7
61900221,web development,it,assessment,Moderate,7,2025-07-28,Web Development Assessment,12
61900222,digital marketing,marketing,survey,Complex,5,2025-07-09,Digital Marketing Survey,6
61900223,social media,marketing,survey,Simple,7,2025-04-07,Social Media Survey,3
61900224,portfolio management,economics,survey,Simple,11,2025-06-21,Portfolio Management Survey,9
61900225,social media,marketing,survey,Complex,15,2025-02-12,Social Media Survey,7
61900226,digital marketing,marketing,assessment,Complex,13,2025-03-02,Digital Marketing Assessment,9
61900227,cloud computing,it,assessment,Simple,13,2025-05-13,Cloud Computing Assessment,6
61900228,investment planning,economics,registration,Complex,12,2025-05-08,Investment Planning Registration,3
61900229,digital marketing,marketing,registration,Complex,10,2025-07-01,Digital Marketing Registration,10
61900230,cybersecurity,it,registration,Moderate,12,2024-11-25,Cybersecurity Registration,7
61900231,brand management,marketing,application,Complex,8,2025-10-20,Brand Management Application,8
61900232,content marketing,marketing,assessment,Simple,10,2025-07-22,Content Marketing Assessment,4
61900233,data science,it,registration,Complex,12,2025-06-13,Data Science Registration,4
61900234,machine learning,it,application,Simple,6,2024-11-26,Machine Learning Application,8
61900235,cloud computing,it,survey,Moderate,7,2025-02-15,Cloud Computing Survey,8
61900236,digital marketing,marketing,assessment,Moderate,6,2025-06-07,Digital Marketing Assessment,8
61900237,cybersecurity,it,application,Simple,14,2025-06-20,Cybersecurity Application,4
61900238,portfolio management,economics,registration,Simple,5,2025-02-19,Portfolio Management Registration,4
61900239,data science,it,application,Simple,15,2025-08-31,Data Science Application,9
61900240,investment planning,economics,assessment,Complex,15,2024-11-06,Investment Planning Assessment,4
61900241,brand management,marketing,survey,Simple,9,2025-05-19,Brand Management Survey,7
61900242,digital marketing,marketing,assessment,Simple,10,2025-02-16,Digital Marketing Assessment,6
61900243,data science,it,survey,Simple,12,2025-07-14,Data Science Survey,12
61900244,portfolio management,economics,survey,Simple,10,2025-04-18,Portfolio Management Survey,10
61900245,market analysis,economics,assessment,Complex,5,2025-03-25,Market Analysis Assessment,10
61900246,financial modeling,economics,survey,Simple,5,2025-09-19,Financial Modeling Survey,5
61900247,digital marketing,marketing,application,Moderate,14,2025-06-24,Digital Marketing Application,5
61900248,cybersecurity,it,assessment,Simple,15,2025-06-20,Cybersecurity Assessment,3
61900249,data science,it,assessment,Complex,11,2025-10-13,Data Science Assessment,7
61900250,brand management,marketing,application,Moderate,10,2024-11-15,Brand Management Application,11
61900251,portfolio management,economics,registration,Simple,5,2025-06-23,Portfolio Management Registration,7
61900252,machine learning,it,survey,Moderate,12,2025-07-08,Machine Learning Survey,3
61900253,financial modeling,economics,registration,Moderate,9,2025-01-27,Financial Modeling Registration,9
61900254,social media,marketing,assessment,Complex,13,2025-07-16,Social Media Assessment,9
61900255,content marketing,marketing,assessment,Complex,15,2025-01-29,Content Marketing Assessment,8
61900256,content marketing,marketing,survey,Moderate,5,2025-01-01,Content Marketing Survey,10
61900257,cybersecurity,it,application,Simple,15,2025-05-06,Cybersecurity Application,9
61900258,cloud computing,it,survey,Simple,10,2025-02-14,Cloud Computing Survey,4
61900259,machine learning,it,registration,Complex,6,2025-02-20,Machine Learning Registration,10
61900260,brand management,marketing,survey,Complex,7,2025-05-19,Brand Management Survey,6
61900261,cloud computing,it,assessment,Simple,6,2025-09-23,Cloud Computing Assessment,4
61900262,digital marketing,marketing,application,Simple,15,2025-04-12,Digital Marketing Application,7
61900263,market analysis,economics,registration,Simple,5,2025-05-22,Market Analysis Registration,12
61900264,investment planning,economics,application,Moderate,14,2025-07-17,Investment Planning Application,3
61900265,data science,it,application,Complex,9,2024-11-14,Data Science Application,5
61900266,content marketing,marketing,registration,Moderate,13,2025-05-04,Content Marketing Registration,8
61900267,machine learning,it,registration,Moderate,11,2025-10-06,Machine Learning Registration,10
61900268,social media,marketing,survey,Simple,5,2025-02-23,Social Media Survey,6
61900269,investment planning,economics,survey,Simple,11,2025-04-30,Investment Planning Survey,3
61900270,brand management,marketing,assessment,Complex,6,2025-01-06,Brand Management Assessment,8
61900271,social media,marketing,assessment,Simple,11,2025-02-23,Social Media Assessment,10
61900272,web development,it,registration,Simple,8,2025-03-31,Web Development Registration,3
61900273,web development,it,application,Simple,6,2025-06-21,Web Development Application,12
61900274,content marketing,marketing,assessment,Moderate,8,2025-10-20,Content Marketing Assessment,11
61900275,financial modeling,economics,application,Complex,15,2024-11-16,Financial Modeling Application,10
61900276,content marketing,marketing,application,Simple,13,2024-12-06,Content Marketing Application,9
61900277,brand management,marketing,survey,Simple,8,2025-08-28,Brand Management Survey,10
61900278,machine learning,it,assessment,Complex,6,2025-01-02,Machine Learning Assessment,10
61900279,cloud computing,it,survey,Complex,10,2025-06-11,Cloud Computing Survey,8
61900280,brand management,marketing,application,Moderate,8,2024-12-19,Brand Management Application,3
61900281,machine learning,it,registration,Complex,9,2025-09-30,Machine Learning Registration,9
61900282,social media,marketing,survey,Complex,5,2025-01-18,Social Media Survey,9
61900283,cloud computing,it,application,Simple,6,2025-07-26,Cloud Computing Application,12
61900284,portfolio management,economics,assessment,Simple,13,2025-08-09,Portfolio Management Assessment,5
61900285,cybersecurity,it,assessment,Simple,14,2025-01-11,Cybersecurity Assessment,11
61900286,cybersecurity,it,registration,Moderate,13,2025-03-16,Cybersecurity Registration,4
61900287,brand management,marketing,survey,Moderate,10,2025-10-25,Brand Management Survey,4
61900288,financial modeling,economics,survey,Simple,14,2025-01-20,Financial Modeling Survey,9
61900289,financial modeling,economics,assessment,Simple,8,2025-01-16,Financial Modeling Assessment,8
61900290,social media,marketing,application,Complex,10,2024-12-22,Social Media Application,8
61900291,digital marketing,marketing,registration,Moderate,13,2025-08-30,Digital Marketing Registration,11
61900292,content marketing,marketing,assessment,Simple,5,2025-09-06,Content Marketing Assessment,11
61900293,data science,it,assessment,Simple,13,2024-10-30,Data Science Assessment,6
61900294,data science,it,assessment,Moderate,7,2025-03-16,Data Science Assessment,5
61900295,market analysis,economics,assessment,Moderate,8,2025-07-25,Market Analysis Assessment,3
61900296,social media,marketing,registration,Simple,8,2025-01-10,Social Media Registration,3
61900297,content marketing,marketing,application,Moderate,5,2024-11-25,Content Marketing Application,5
61900298,investment planning,economics,application,Simple,9,2024-11-27,Investment Planning Application,5
61900299,financial modeling,economics,survey,Moderate,11,2025-09-25,Financial Modeling Survey,5
61900300,web development,it,assessment,Complex,7,2025-10-03,Web Development Assessment,5
61900301,content marketing,marketing,registration,Simple,10,2025-08-24,Content Marketing Registration,4
61900302,portfolio management,economics,registration,Complex,11,2025-02-16,Portfolio Management Registration,11
61900303,investment planning,economics,survey,Simple,14,2025-10-05,Investment Planning Survey,5
61900304,data science,it,assessment,Moderate,9,2025-05-08,Data Science Assessment,11
61900305,social media,marketing,survey,Complex,8,2024-11-17,Social Media Survey,4
61900306,cloud computing,it,survey,Simple,15,2025-09-05,Cloud Computing Survey,7
61900307,cybersecurity,it,survey,Moderate,12,2025-01-21,Cybersecurity Survey,8
61900308,cloud computing,it,survey,Complex,14,2025-01-01,Cloud Computing Survey,10
61900309,cloud computing,it,registration,Moderate,11,2025-07-08,Cloud Computing Registration,8
61900310,brand management,marketing,assessment,Simple,6,2025-04-06,Brand Management Assessment,4
61900311,financial modeling,economics,registration,Moderate,7,2025-02-14,Financial Modeling Registration,9
61900312,machine learning,it,assessment,Simple,13,2025-04-06,Machine Learning Assessment,6
61900313,financial modeling,economics,registration,Moderate,10,2025-04-18,Financial Modeling Registration,4
61900314,cybersecurity,it,application,Complex,11,2025-03-29,Cybersecurity Application,11
61900315,content marketing,marketing,registration,Simple,8,2025-01-18,Content Marketing Registration,11
61900316,machine learning,it,application,Moderate,10,2025-02-06,Machine Learning Application,8
61900317,cybersecurity,it,survey,Simple,10,2024-11-11,Cybersecurity Survey,11
61900318,market analysis,economics,assessment,Complex,13,2025-03-08,Market Analysis Assessment,7
61900319,cybersecurity,it,survey,Moderate,8,2025-07-31,Cybersecurity Survey,3
61900320,social media,marketing,survey,Complex,5,2025-08-26,Social Media Survey,8
61900321,data science,it,assessment,Simple,7,2025-02-09,Data Science Assessment,10
61900322,investment planning,economics,registration,Complex,15,2025-01-04,Investment Planning Registration,10
61900323,market analysis,economics,assessment,Simple,9,2025-01-17,Market Analysis Assessment,11
61900324,data science,it,application,Complex,10,2025-05-05,Data Science Application,4
61900325,portfolio management,economics,survey,Simple,10,2025-07-11,Portfolio Management Survey,4
61900326,financial modeling,economics,assessment,Complex,13,2025-02-20,Financial Modeling Assessment,9
61900327,social media,marketing,survey,Simple,12,2025-03-25,Social Media Survey,10
61900328,investment planning,economics,assessment,Moderate,10,2025-01-30,Investment Planning Assessment,11
61900329,financial modeling,economics,survey,Complex,13,2025-07-24,Financial Modeling Survey,5
61900330,cybersecurity,it,application,Complex,10,2025-01-06,Cybersecurity Application,9
61900331,digital marketing,marketing,survey,Moderate,12,2025-01-29,Digital Marketing Survey,6
61900332,cybersecurity,it,assessment,Moderate,5,2025-04-09,Cybersecurity Assessment,11
61900333,investment planning,economics,application,Moderate,10,2025-04-06,Investment Planning Application,3
61900334,data science,it,assessment,Simple,10,2025-09-01,Data Science Assessment,7
61900335,digital marketing,marketing,application,Simple,7,2025-04-30,Digital Marketing Application,9
61900336,market analysis,economics,application,Complex,7,2025-02-14,Market Analysis Application,4
61900337,social media,marketing,registration,Complex,11,2024-11-21,Social Media Registration,8
61900338,portfolio management,economics,assessment,Moderate,6,2025-04-03,Portfolio Management Assessment,9
61900339,portfolio management,economics,application,Simple,10,2024-12-27,Portfolio Management Application,3
61900340,brand management,marketing,assessment,Complex,14,2025-04-26,Brand Management Assessment,11
61900341,digital marketing,marketing,registration,Complex,6,2025-03-12,Digital Marketing Registration,7
61900342,data science,it,application,Complex,14,2025-07-06,Data Science Application,11
61900343,market analysis,economics,registration,Complex,14,2025-03-11,Market Analysis Registration,3
61900344,financial modeling,economics,assessment,Moderate,14,2025-09-29,Financial Modeling Assessment,9
61900345,portfolio management,economics,application,Complex,14,2025-02-11,Portfolio Management Application,12
61900346,market analysis,economics,registration,Moderate,6,2025-01-10,Market Analysis Registration,5
61900347,cybersecurity,it,survey,Moderate,15,2025-02-09,Cybersecurity Survey,12
61900348,financial modeling,economics,survey,Simple,11,2024-12-01,Financial Modeling Survey,10
61900349,financial modeling,economics,application,Simple,9,2025-03-16,Financial Modeling Application,6
61900350,data science,it,application,Moderate,14,2025-04-08,Data Science Application,11
61900351,content marketing,marketing,assessment,Simple,7,2025-10-12,Content Marketing Assessment,6
61900352,digital marketing,marketing,registration,Moderate,6,2025-08-08,Digital Marketing Registration,10
61900353,social media,marketing,assessment,Complex,8,2025-07-25,Social Media Assessment,6
61900354,cloud computing,it,application,Complex,6,2024-11-02,Cloud Computing Application,9
61900355,machine learning,it,survey,Simple,14,2025-06-23,Machine Learning Survey,6
61900356,brand management,marketing,application,Moderate,12,2024-11-06,Brand Management Application,5
61900357,financial modeling,economics,registration,Moderate,12,2024-11-21,Financial Modeling Registration,12
61900358,digital marketing,marketing,survey,Complex,9,2024-11-12,Digital Marketing Survey,10
61900359,cybersecurity,it,survey,Moderate,9,2024-11-01,Cybersecurity Survey,6
61900360,portfolio management,economics,registration,Moderate,6,2025-10-01,Portfolio Management Registration,5
61900361,machine learning,it,registration,Complex,6,2025-01-18,Machine Learning Registration,8
61900362,market analysis,economics,assessment,Moderate,8,2025-02-27,Market Analysis Assessment,12
61900363,financial modeling,economics,assessment,Complex,13,2024-11-26,Financial Modeling Assessment,6
61900364,machine learning,it,application,Complex,13,2025-07-07,Machine Learning Application,7
61900365,financial modeling,economics,survey,Simple,5,2025-08-08,Financial Modeling Survey,7
61900366,content marketing,marketing,application,Simple,12,2024-12-11,Content Marketing Application,4
61900367,data science,it,application,Simple,9,2025-06-04,Data Science Application,3
61900368,cloud computing,it,assessment,Complex,14,2025-03-05,Cloud Computing Assessment,11
61900369,investment planning,economics,registration,Simple,7,2025-02-23,Investment Planning Registration,5
61900370,portfolio management,economics,survey,Simple,12,2025-05-24,Portfolio Management Survey,11
61900371,brand management,marketing,assessment,Complex,5,2025-03-29,Brand Management Assessment,9
61900372,data science,it,survey,Complex,7,2025-09-18,Data Science Survey,10
61900373,investment planning,economics,registration,Simple,7,2025-01-31,Investment Planning Registration,5
61900374,financial modeling,economics,application,Complex,8,2025-04-09,Financial Modeling Application,10
61900375,investment planning,economics,assessment,Moderate,13,2024-12-23,Investment Planning Assessment,7
61900376,cybersecurity,it,registration,Moderate,10,2024-11-17,Cybersecurity Registration,4
61900377,market analysis,economics,application,Simple,8,2025-07-25,Market Analysis Application,3
61900378,financial modeling,economics,application,Simple,9,2024-11-27,Financial Modeling Application,5
61900379,content marketing,marketing,survey,Simple,5,2025-07-06,Content Marketing Survey,11
61900380,social media,marketing,assessment,Simple,12,2025-08-11,Social Media Assessment,4
61900381,cloud computing,it,assessment,Complex,6,2025-07-16,Cloud Computing Assessment,7
61900382,portfolio management,economics,application,Complex,8,2025-07-21,Portfolio Management Application,4
61900383,market analysis,economics,survey,Moderate,14,2025-08-23,Market Analysis Survey,4
61900384,content marketing,marketing,survey,Simple,9,2025-09-13,Content Marketing Survey,8
61900385,investment planning,economics,registration,Moderate,7,2025-03-17,Investment Planning Registration,6
61900386,content marketing,marketing,registration,Simple,7,2024-11-23,Content Marketing Registration,7
61900387,machine learning,it,application,Moderate,11,2025-10-13,Machine Learning Application,3
61900388,portfolio management,economics,application,Simple,15,2025-04-19,Portfolio Management Application,12
61900389,investment planning,economics,assessment,Complex,7,2025-07-11,Investment Planning Assessment,4
61900390,social media,marketing,assessment,Simple,6,2025-02-21,Social Media Assessment,12
61900391,social media,marketing,survey,Moderate,13,2025-03-06,Social Media Survey,7
61900392,market analysis,economics,assessment,Complex,9,2025-08-01,Market Analysis Assessment,9
61900393,cybersecurity,it,survey,Complex,9,2024-11-01,Cybersecurity Survey,9
61900394,investment planning,economics,application,Complex,14,2025-05-03,Investment Planning Application,8
61900395,content marketing,marketing,assessment,Moderate,7,2025-06-20,Content Marketing Assessment,10
61900396,social media,marketing,registration,Simple,6,2025-02-24,Social Media Registration,11
61900397,cybersecurity,it,assessment,Simple,9,2025-07-04,Cybersecurity Assessment,4
61900398,content marketing,marketing,application,Complex,11,2024-12-19,Content Marketing Application,8
61900399,market analysis,economics,application,Complex,14,2025-03-18,Market Analysis Application,9
61900400,content marketing,marketing,assessment,Simple,13,2025-04-20,Content Marketing Assessment,9
61900401,content marketing,marketing,assessment,Complex,12,2025-05-16,Content Marketing Assessment,9
61900402,digital marketing,marketing,registration,Moderate,6,2025-03-11,Digital Marketing Registration,11
61900403,financial modeling,economics,registration,Simple,14,2025-07-24,Financial Modeling Registration,6
61900404,brand management,marketing,assessment,Simple,15,2025-08-20,Brand Management Assessment,5
61900405,financial modeling,economics,survey,Moderate,15,2025-09-24,Financial Modeling Survey,9
61900406,cybersecurity,it,registration,Simple,10,2025-02-04,Cybersecurity Registration,9
61900407,market analysis,economics,registration,Complex,13,2025-10-18,Market Analysis Registration,8
61900408,cloud computing,it,survey,Complex,14,2024-12-27,Cloud Computing Survey,10
61900409,web development,it,survey,Simple,15,2025-06-01,Web Development Survey,3
61900410,financial modeling,economics,assessment,Complex,10,2024-10-25,Financial Modeling Assessment,12
61900411,machine learning,it,application,Moderate,10,2025-10-21,Machine Learning Application,4
61900412,social media,marketing,survey,Moderate,12,2025-03-16,Social Media Survey,11
61900413,investment planning,economics,registration,Simple,6,2025-07-27,Investment Planning Registration,8
61900414,cybersecurity,it,assessment,Complex,15,2025-04-01,Cybersecurity Assessment,4
61900415,machine learning,it,survey,Moderate,11,2025-01-13,Machine Learning Survey,6
61900416,brand management,marketing,survey,Simple,5,2025-06-24,Brand Management Survey,9
61900417,financial modeling,economics,survey,Complex,6,2025-05-28,Financial Modeling Survey,12
61900418,brand management,marketing,assessment,Complex,5,2025-04-04,Brand Management Assessment,6
61900419,financial modeling,economics,assessment,Moderate,14,2025-06-27,Financial Modeling Assessment,9
61900420,investment planning,economics,registration,Moderate,10,2024-11-05,Investment Planning Registration,3
61900421,machine learning,it,survey,Complex,8,2025-10-10,Machine Learning Survey,7
61900422,investment planning,economics,registration,Simple,15,2025-10-12,Investment Planning Registration,8
61900423,content marketing,marketing,assessment,Simple,9,2025-07-31,Content Marketing Assessment,7
61900424,investment planning,economics,survey,Simple,10,2025-09-11,Investment Planning Survey,7
61900425,brand management,marketing,registration,Complex,5,2025-04-14,Brand Management Registration,8
61900426,investment planning,economics,survey,Complex,15,2025-08-08,Investment Planning Survey,3
61900427,data science,it,survey,Moderate,7,2025-05-23,Data Science Survey,11
61900428,cybersecurity,it,registration,Moderate,12,2025-06-06,Cybersecurity Registration,11
61900429,brand management,marketing,assessment,Moderate,13,2025-07-08,Brand Management Assessment,5
61900430,cybersecurity,it,registration,Complex,10,2025-09-16,Cybersecurity Registration,4
61900431,content marketing,marketing,survey,Complex,7,2025-02-25,Content Marketing Survey,4
61900432,cybersecurity,it,application,Simple,15,2025-08-13,Cybersecurity Application,12
61900433,social media,marketing,registration,Simple,6,2025-03-03,Social Media Registration,8
61900434,investment planning,economics,registration,Moderate,7,2025-08-28,Investment Planning Registration,7
61900435,cloud computing,it,survey,Moderate,14,2025-04-26,Cloud Computing Survey,10
61900436,portfolio management,economics,registration,Complex,12,2024-12-20,Portfolio Management Registration,3
61900437,brand management,marketing,registration,Moderate,12,2025-03-05,Brand Management Registration,7
61900438,social media,marketing,assessment,Complex,7,2025-05-21,Social Media Assessment,4
61900439,data science,it,survey,Complex,9,2025-02-23,Data Science Survey,7
61900440,digital marketing,marketing,assessment,Complex,13,2024-12-01,Digital Marketing Assessment,9
61900441,investment planning,economics,application,Simple,12,2025-09-14,Investment Planning Application,3
61900442,social media,marketing,assessment,Moderate,15,2025-08-13,Social Media Assessment,9
61900443,investment planning,economics,application,Simple,6,2025-05-22,Investment Planning Application,11
61900444,cloud computing,it,survey,Moderate,13,2025-09-10,Cloud Computing Survey,12
61900445,portfolio management,economics,registration,Simple,12,2025-08-10,Portfolio Management Registration,11
61900446,financial modeling,economics,survey,Moderate,5,2025-09-06,Financial Modeling Survey,11
61900447,data science,it,registration,Simple,12,2025-03-13,Data Science Registration,11
61900448,market analysis,economics,assessment,Complex,14,2024-11-03,Market Analysis Assessment,5
61900449,cloud computing,it,application,Simple,15,2024-11-18,Cloud Computing Application,10
61900450,cloud computing,it,application,Simple,11,2024-11-05,Cloud Computing Application,10
61900451,market analysis,economics,assessment,Moderate,14,2025-09-08,Market Analysis Assessment,6
61900452,digital marketing,marketing,registration,Moderate,10,2025-04-22,Digital Marketing Registration,11
61900453,content marketing,marketing,assessment,Complex,10,2025-04-16,Content Marketing Assessment,7
61900454,investment planning,economics,assessment,Complex,11,2025-10-16,Investment Planning Assessment,3
61900455,cloud computing,it,survey,Moderate,14,2025-05-29,Cloud Computing Survey,3
61900456,web development,it,application,Moderate,11,2024-12-01,Web Development Application,4
61900457,financial modeling,economics,survey,Moderate,5,2024-11-05,Financial Modeling Survey,9
61900458,market analysis,economics,assessment,Complex,14,2025-10-11,Market Analysis Assessment,8
61900459,investment planning,economics,assessment,Simple,15,2025-08-09,Investment Planning Assessment,5
61900460,financial modeling,economics,assessment,Complex,13,2024-10-31,Financial Modeling Assessment,5
61900461,content marketing,marketing,application,Moderate,9,2025-07-20,Content Marketing Application,11
61900462,data science,it,survey,Complex,8,2025-02-23,Data Science Survey,12
61900463,investment planning,economics,registration,Moderate,14,2025-06-28,Investment Planning Registration,7
61900464,cloud computing,it,application,Simple,13,2025-09-26,Cloud Computing Application,12
61900465,social media,marketing,registration,Moderate,9,2025-08-23,Social Media Registration,8
61900466,content marketing,marketing,assessment,Moderate,14,2025-03-09,Content Marketing Assessment,12
61900467,market analysis,economics,registration,Moderate,10,2025-03-15,Market Analysis Registration,3
61900468,portfolio management,economics,survey,Moderate,11,2025-06-20,Portfolio Management Survey,11
61900469,cybersecurity,it,application,Complex,6,2025-08-25,Cybersecurity Application,3
61900470,investment planning,economics,assessment,Complex,10,2025-07-06,Investment Planning Assessment,11
61900471,content marketing,marketing,survey,Moderate,5,2025-02-25,Content Marketing Survey,6
61900472,digital marketing,marketing,application,Moderate,7,2024-11-16,Digital Marketing Application,6
61900473,content marketing,marketing,survey,Moderate,10,2025-08-13,Content Marketing Survey,10
61900474,cloud computing,it,application,Moderate,7,2025-06-07,Cloud Computing Application,10
61900475,data science,it,survey,Complex,9,2024-10-29,Data Science Survey,11
61900476,content marketing,marketing,survey,Moderate,10,2025-07-15,Content Marketing Survey,10
61900477,brand management,marketing,survey,Complex,13,2025-09-27,Brand Management Survey,7
61900478,web development,it,registration,Complex,8,2025-04-29,Web Development Registration,7
61900479,social media,marketing,assessment,Moderate,10,2025-05-14,Social Media Assessment,9
61900480,portfolio management,economics,survey,Moderate,10,2025-03-24,Portfolio Management Survey,8
61900481,market analysis,economics,registration,Moderate,7,2024-12-29,Market Analysis Registration,7
61900482,market analysis,economics,assessment,Complex,11,2025-05-02,Market Analysis Assessment,11
61900483,cybersecurity,it,survey,Complex,13,2024-10-31,Cybersecurity Survey,8
61900484,investment planning,economics,assessment,Moderate,14,2024-10-28,Investment Planning Assessment,10
61900485,cloud computing,it,registration,Simple,9,2025-05-12,Cloud Computing Registration,10
61900486,digital marketing,marketing,application,Simple,8,2025-04-18,Digital Marketing Application,3
61900487,investment planning,economics,survey,Simple,11,2025-04-05,Investment Planning Survey,7
61900488,financial modeling,economics,registration,Moderate,7,2024-11-04,Financial Modeling Registration,7
61900489,portfolio management,economics,registration,Complex,8,2024-12-18,Portfolio Management Registration,12
61900490,financial modeling,economics,survey,Moderate,6,2025-05-18,Financial Modeling Survey,10
61900491,portfolio management,economics,survey,Complex,5,2025-02-06,Portfolio Management Survey,7
61900492,cloud computing,it,assessment,Simple,8,2025-01-19,Cloud Computing Assessment,5
61900493,content marketing,marketing,registration,Moderate,6,2024-11-29,Content Marketing Registration,4
61900494,machine learning,it,assessment,Complex,7,2025-01-31,Machine Learning Assessment,9
61900495,investment planning,economics,assessment,Simple,8,2025-07-27,Investment Planning Assessment,7
61900496,market analysis,economics,survey,Simple,14,2025-08-15,Market Analysis Survey,6
61900497,web development,it,survey,Simple,12,2025-01-19,Web Development Survey,12
61900498,financial modeling,economics,survey,Moderate,12,2025-01-02,Financial Modeling Survey,8
61900499,social media,marketing,assessment,Moderate,10,2025-07-14,Social Media Assessment,3
61900500,machine learning,it,registration,Moderate,13,2025-07-18,Machine Learning Registration,9
61900501,investment planning,economics,application,Simple,8,2025-02-19,Investment Planning Application,6
61900502,market analysis,economics,registration,Complex,12,2025-06-13,Market Analysis Registration,6
61900503,portfolio management,economics,application,Complex,10,2024-11-10,Portfolio Management Application,3
61900504,financial modeling,economics,application,Simple,11,2025-05-15,Financial Modeling Application,7
61900505,market analysis,economics,registration,Complex,8,2025-05-04,Market Analysis Registration,12
61900506,cloud computing,it,registration,Complex,15,2025-08-20,Cloud Computing Registration,6
61900507,market analysis,economics,registration,Simple,7,2025-08-26,Market Analysis Registration,8
61900508,investment planning,economics,assessment,Moderate,7,2025-08-19,Investment Planning Assessment,6
61900509,content marketing,marketing,survey,Moderate,5,2025-09-11,Content Marketing Survey,5
61900510,machine learning,it,application,Moderate,9,2025-08-27,Machine Learning Application,10
61900511,social media,marketing,survey,Moderate,10,2025-06-11,Social Media Survey,11
61900512,digital marketing,marketing,application,Complex,15,2025-03-17,Digital Marketing Application,5
61900513,digital marketing,marketing,survey,Moderate,10,2025-08-28,Digital Marketing Survey,12
61900514,cybersecurity,it,assessment,Simple,5,2025-06-24,Cybersecurity Assessment,5
61900515,portfolio management,economics,assessment,Simple,15,2025-02-12,Portfolio Management Assessment,7
61900516,investment planning,economics,assessment,Moderate,9,2025-07-28,Investment Planning Assessment,10
61900517,portfolio management,economics,registration,Simple,11,2025-06-22,Portfolio Management Registration,6
61900518,data science,it,application,Simple,15,2025-07-04,Data Science Application,11
61900519,cloud computing,it,assessment,Moderate,14,2025-04-05,Cloud Computing Assessment,11
61900520,digital marketing,marketing,application,Complex,10,2025-01-01,Digital Marketing Application,11
61900521,social media,marketing,registration,Complex,15,2025-09-22,Social Media Registration,9
61900522,data science,it,survey,Complex,6,2025-07-30,Data Science Survey,6
61900523,investment planning,economics,survey,Simple,10,2025-07-06,Investment Planning Survey,7
61900524,data science,it,survey,Complex,7,2025-10-11,Data Science Survey,5
61900525,brand management,marketing,assessment,Moderate,5,2024-11-07,Brand Management Assessment,10
61900526,cybersecurity,it,survey,Complex,6,2024-11-08,Cybersecurity Survey,4
61900527,market analysis,economics,application,Moderate,10,2025-07-10,Market Analysis Application,7
61900528,content marketing,marketing,assessment,Moderate,14,2025-04-25,Content Marketing Assessment,9
61900529,digital marketing,marketing,survey,Simple,14,2025-08-16,Digital Marketing Survey,5
61900530,market analysis,economics,survey,Simple,15,2025-10-18,Market Analysis Survey,8
61900531,brand management,marketing,application,Moderate,12,2025-09-23,Brand Management Application,7
61900532,web development,it,survey,Complex,8,2025-05-05,Web Development Survey,7
61900533,investment planning,economics,assessment,Moderate,13,2025-01-27,Investment Planning Assessment,12
61900534,financial modeling,economics,assessment,Simple,9,2025-07-11,Financial Modeling Assessment,6
61900535,portfolio management,economics,registration,Complex,9,2025-05-09,Portfolio Management Registration,6
61900536,brand management,marketing,survey,Moderate,14,2025-09-01,Brand Management Survey,12
61900537,cybersecurity,it,assessment,Moderate,7,2025-06-22,Cybersecurity Assessment,9
61900538,financial modeling,economics,application,Complex,11,2025-04-29,Financial Modeling Application,4
61900539,social media,marketing,survey,Moderate,15,2025-06-15,Social Media Survey,3
61900540,digital marketing,marketing,assessment,Moderate,6,2025-03-05,Digital Marketing Assessment,3
61900541,portfolio management,economics,registration,Complex,6,2025-09-04,Portfolio Management Registration,11
61900542,web development,it,registration,Simple,15,2025-03-14,Web Development Registration,9
61900543,financial modeling,economics,registration,Moderate,11,2024-12-20,Financial Modeling Registration,4
61900544,cloud computing,it,survey,Simple,8,2024-11-20,Cloud Computing Survey,12
61900545,market analysis,economics,survey,Simple,11,2024-11-03,Market Analysis Survey,4
61900546,investment planning,economics,assessment,Moderate,7,2024-11-27,Investment Planning Assessment,8
61900547,machine learning,it,application,Complex,9,2024-11-21,Machine Learning Application,5
61900548,content marketing,marketing,registration,Complex,8,2025-01-10,Content Marketing Registration,3
61900549,market analysis,economics,assessment,Simple,5,2025-07-22,Market Analysis Assessment,12
61900550,financial modeling,economics,application,Simple,7,2025-10-02,Financial Modeling Application,4
61900551,brand management,marketing,application,Complex,13,2024-12-19,Brand Management Application,12
61900552,web development,it,assessment,Simple,5,2025-07-26,Web Development Assessment,3
61900553,cybersecurity,it,registration,Simple,12,2024-11-29,Cybersecurity Registration,8
61900554,machine learning,it,registration,Complex,7,2024-11-01,Machine Learning Registration,12
61900555,social media,marketing,survey,Complex,6,2025-09-16,Social Media Survey,7
61900556,market analysis,economics,application,Moderate,15,2025-02-23,Market Analysis Application,4
61900557,investment planning,economics,assessment,Moderate,12,2024-12-04,Investment Planning Assessment,10
61900558,content marketing,marketing,assessment,Simple,15,2025-03-01,Content Marketing Assessment,6
61900559,social media,marketing,application,Complex,8,2024-11-28,Social Media Application,8
61900560,machine learning,it,assessment,Moderate,12,2025-07-24,Machine Learning Assessment,11
61900561,portfolio management,economics,application,Moderate,6,2025-06-06,Portfolio Management Application,3
61900562,social media,marketing,application,Moderate,13,2025-04-17,Social Media Application,6
61900563,digital marketing,marketing,assessment,Simple,12,2025-06-29,Digital Marketing Assessment,7
61900564,financial modeling,economics,application,Moderate,11,2025-08-13,Financial Modeling Application,6
61900565,brand management,marketing,application,Simple,11,2025-08-31,Brand Management Application,11
61900566,market analysis,economics,assessment,Complex,15,2025-08-13,Market Analysis Assessment,7
61900567,digital marketing,marketing,assessment,Complex,11,2025-10-19,Digital Marketing Assessment,7
61900568,cybersecurity,it,application,Complex,7,2024-11-28,Cybersecurity Application,6
61900569,machine learning,it,survey,Simple,8,2025-05-31,Machine Learning Survey,9
61900570,social media,marketing,assessment,Complex,14,2025-09-02,Social Media Assessment,8
61900571,social media,marketing,registration,Simple,7,2025-08-20,Social Media Registration,6
61900572,brand management,marketing,assessment,Complex,10,2025-09-24,Brand Management Assessment,5
61900573,portfolio management,economics,application,Complex,9,2024-11-23,Portfolio Management Application,8
61900574,social media,marketing,assessment,Moderate,10,2024-11-30,Social Media Assessment,4
61900575,social media,marketing,registration,Complex,13,2025-08-08,Social Media Registration,9
61900576,brand management,marketing,registration,Complex,15,2024-11-01,Brand Management Registration,7
61900577,brand management,marketing,assessment,Complex,7,2025-07-31,Brand Management Assessment,10
61900578,cloud computing,it,survey,Moderate,8,2025-08-19,Cloud Computing Survey,4
61900579,market analysis,economics,registration,Complex,6,2025-09-10,Market Analysis Registration,3
61900580,digital marketing,marketing,assessment,Complex,10,2024-12-18,Digital Marketing Assessment,11
61900581,portfolio management,economics,assessment,Complex,9,2025-03-01,Portfolio Management Assessment,9
61900582,market analysis,economics,application,Complex,12,2025-01-10,Market Analysis Application,7
61900583,investment planning,economics,application,Moderate,12,2025-05-05,Investment Planning Application,5
61900584,brand management,marketing,application,Simple,11,2025-08-06,Brand Management Application,9
61900585,social media,marketing,registration,Moderate,13,2025-07-04,Social Media Registration,7
61900586,portfolio management,economics,survey,Moderate,12,2025-01-11,Portfolio Management Survey,8
61900587,portfolio management,economics,assessment,Moderate,15,2024-12-09,Portfolio Management Assessment,8
61900588,cloud computing,it,assessment,Complex,7,2025-04-08,Cloud Computing Assessment,9
61900589,content marketing,marketing,assessment,Simple,6,2024-12-29,Content Marketing Assessment,3
61900590,cloud computing,it,registration,Simple,11,2025-06-07,Cloud Computing Registration,3
61900591,market analysis,economics,survey,Simple,10,2025-10-03,Market Analysis Survey,9
61900592,web development,it,application,Simple,5,2025-10-07,Web Development Application,11
61900593,web development,it,registration,Complex,6,2025-09-25,Web Development Registration,12
61900594,cybersecurity,it,registration,Complex,9,2024-11-05,Cybersecurity Registration,9
61900595,investment planning,economics,assessment,Complex,12,2025-06-28,Investment Planning Assessment,3
61900596,content marketing,marketing,survey,Moderate,15,2025-08-24,Content Marketing Survey,4
61900597,social media,marketing,survey,Moderate,13,2024-12-28,Social Media Survey,8
61900598,social media,marketing,registration,Moderate,7,2025-10-14,Social Media Registration,7
61900599,content marketing,marketing,registration,Simple,5,2025-01-09,Content Marketing Registration,11
61900600,investment planning,economics,application,Moderate,7,2025-09-08,Investment Planning Application,7
61900601,social media,marketing,survey,Simple,6,2025-07-01,Social Media Survey,12
61900602,financial modeling,economics,assessment,Complex,9,2025-04-30,Financial Modeling Assessment,3
61900603,web development,it,survey,Complex,6,2025-03-30,Web Development Survey,10
61900604,machine learning,it,registration,Complex,9,2024-10-27,Machine Learning Registration,3
61900605,digital marketing,marketing,assessment,Moderate,8,2025-01-27,Digital Marketing Assessment,6
61900606,machine learning,it,application,Complex,8,2024-10-27,Machine Learning Application,5
61900607,machine learning,it,assessment,Simple,7,2025-09-10,Machine Learning Assessment,5
61900608,financial modeling,economics,survey,Moderate,15,2024-11-06,Financial Modeling Survey,9
61900609,digital marketing,marketing,survey,Simple,10,2025-07-26,Digital Marketing Survey,11
61900610,investment planning,economics,assessment,Simple,15,2025-05-18,Investment Planning Assessment,9
61900611,cybersecurity,it,survey,Moderate,10,2025-09-03,Cybersecurity Survey,7
61900612,market analysis,economics,application,Complex,14,2025-04-11,Market Analysis Application,12
61900613,digital marketing,marketing,survey,Simple,9,2025-06-10,Digital Marketing Survey,4
61900614,cybersecurity,it,assessment,Simple,6,2025-09-05,Cybersecurity Assessment,11
61900615,machine learning,it,survey,Moderate,13,2025-07-23,Machine Learning Survey,11
61900616,web development,it,survey,Complex,12,2025-01-08,Web Development Survey,6
61900617,investment planning,economics,application,Complex,14,2024-12-05,Investment Planning Application,3
61900618,cloud computing,it,application,Moderate,8,2024-12-07,Cloud Computing Application,7
61900619,investment planning,economics,registration,Moderate,9,2025-07-15,Investment Planning Registration,7
61900620,market analysis,economics,application,Simple,14,2025-05-04,Market Analysis Application,5
61900621,cloud computing,it,application,Complex,15,2025-01-20,Cloud Computing Application,8
61900622,portfolio management,economics,assessment,Complex,5,2025-04-07,Portfolio Management Assessment,8
61900623,market analysis,economics,assessment,Simple,5,2024-12-08,Market Analysis Assessment,6
61900624,content marketing,marketing,assessment,Complex,10,2025-08-05,Content Marketing Assessment,4
61900625,content marketing,marketing,application,Complex,5,2025-01-30,Content Marketing Application,10
61900626,investment planning,economics,registration,Complex,7,2024-11-19,Investment Planning Registration,11
61900627,machine learning,it,application,Simple,6,2025-05-25,Machine Learning Application,11
61900628,market analysis,economics,survey,Complex,15,2025-06-25,Market Analysis Survey,12
61900629,content marketing,marketing,assessment,Complex,13,2025-07-06,Content Marketing Assessment,5
61900630,portfolio management,economics,registration,Moderate,12,2025-09-09,Portfolio Management Registration,8
61900631,social media,marketing,assessment,Moderate,5,2025-10-05,Social Media Assessment,11
61900632,machine learning,it,registration,Moderate,11,2025-07-01,Machine Learning Registration,9
61900633,portfolio management,economics,registration,Simple,11,2025-07-03,Portfolio Management Registration,3
61900634,web development,it,registration,Complex,8,2025-02-13,Web Development Registration,12
61900635,portfolio management,economics,assessment,Moderate,14,2025-04-13,Portfolio Management Assessment,4
61900636,digital marketing,marketing,application,Moderate,10,2025-01-22,Digital Marketing Application,8
61900637,data science,it,survey,Simple,11,2025-03-07,Data Science Survey,10
61900638,portfolio management,economics,assessment,Moderate,6,2025-08-24,Portfolio Management Assessment,3
61900639,data science,it,application,Simple,9,2024-11-03,Data Science Application,7
61900640,financial modeling,economics,survey,Complex,15,2025-03-17,Financial Modeling Survey,5
61900641,social media,marketing,survey,Simple,9,2025-09-29,Social Media Survey,10
61900642,brand management,marketing,registration,Simple,11,2025-06-25,Brand Management Registration,7
61900643,data science,it,application,Complex,14,2024-10-31,Data Science Application,3
61900644,machine learning,it,survey,Moderate,9,2025-07-22,Machine Learning Survey,11
61900645,social media,marketing,assessment,Complex,13,2025-04-13,Social Media Assessment,3
61900646,portfolio management,economics,registration,Simple,5,2024-12-22,Portfolio Management Registration,10
61900647,cloud computing,it,application,Complex,7,2025-04-22,Cloud Computing Application,8
61900648,content marketing,marketing,assessment,Simple,15,2025-03-26,Content Marketing Assessment,9
61900649,digital marketing,marketing,assessment,Moderate,10,2024-12-06,Digital Marketing Assessment,12
61900650,financial modeling,economics,survey,Moderate,7,2025-07-30,Financial Modeling Survey,12
61900651,market analysis,economics,registration,Simple,13,2025-04-23,Market Analysis Registration,10
61900652,digital marketing,marketing,application,Complex,6,2025-02-09,Digital Marketing Application,5
61900653,portfolio management,economics,survey,Simple,10,2025-04-19,Portfolio Management Survey,6
61900654,investment planning,economics,application,Simple,10,2025-06-23,Investment Planning Application,7
61900655,content marketing,marketing,survey,Moderate,12,2025-08-15,Content Marketing Survey,8
61900656,machine learning,it,survey,Complex,8,2025-08-14,Machine Learning Survey,10
61900657,financial modeling,economics,assessment,Simple,12,2025-09-07,Financial Modeling Assessment,3
61900658,brand management,marketing,assessment,Complex,7,2024-11-07,Brand Management Assessment,4
61900659,financial modeling,economics,assessment,Simple,14,2024-12-21,Financial Modeling Assessment,3
61900660,digital marketing,marketing,application,Simple,13,2025-03-23,Digital Marketing Application,12
61900661,cloud computing,it,assessment,Simple,8,2025-05-11,Cloud Computing Assessment,5
61900662,digital marketing,marketing,registration,Simple,7,2025-08-06,Digital Marketing Registration,3
61900663,market analysis,economics,assessment,Moderate,10,2025-07-13,Market Analysis Assessment,12
61900664,content marketing,marketing,survey,Complex,14,2025-06-11,Content Marketing Survey,5
61900665,social media,marketing,registration,Simple,6,2025-06-13,Social Media Registration,10
61900666,financial modeling,economics,assessment,Moderate,15,2025-03-03,Financial Modeling Assessment,4
61900667,cloud computing,it,application,Simple,14,2025-02-19,Cloud Computing Application,3
61900668,brand management,marketing,assessment,Moderate,11,2024-12-16,Brand Management Assessment,6
61900669,machine learning,it,registration,Complex,14,2025-05-08,Machine Learning Registration,7
61900670,portfolio management,economics,application,Complex,9,2024-11-27,Portfolio Management Application,9
61900671,machine learning,it,assessment,Complex,5,2025-02-05,Machine Learning Assessment,8
61900672,content marketing,marketing,registration,Complex,15,2024-10-26,Content Marketing Registration,5
61900673,content marketing,marketing,survey,Simple,8,2025-10-13,Content Marketing Survey,9
61900674,portfolio management,economics,survey,Simple,15,2024-12-23,Portfolio Management Survey,7
61900675,digital marketing,marketing,assessment,Moderate,11,2025-06-09,Digital Marketing Assessment,8
61900676,machine learning,it,registration,Complex,12,2025-07-24,Machine Learning Registration,4
61900677,web development,it,survey,Complex,5,2025-06-26,Web Development Survey,12
61900678,web development,it,survey,Moderate,13,2025-02-24,Web Development Survey,3
61900679,social media,marketing,assessment,Simple,10,2025-09-28,Social Media Assessment,5
61900680,digital marketing,marketing,application,Simple,13,2025-01-31,Digital Marketing Application,11
61900681,financial modeling,economics,registration,Complex,12,2025-03-18,Financial Modeling Registration,10
61900682,market analysis,economics,assessment,Simple,5,2025-07-30,Market Analysis Assessment,6
61900683,machine learning,it,application,Complex,10,2025-03-22,Machine Learning Application,10
61900684,portfolio management,economics,survey,Moderate,5,2025-07-07,Portfolio Management Survey,6
61900685,cybersecurity,it,survey,Moderate,7,2025-07-16,Cybersecurity Survey,4
61900686,web development,it,application,Simple,14,2024-12-25,Web Development Application,5
61900687,investment planning,economics,application,Complex,5,2025-08-19,Investment Planning Application,10
61900688,data science,it,application,Moderate,6,2025-02-28,Data Science Application,10
61900689,financial modeling,economics,survey,Simple,15,2025-05-23,Financial Modeling Survey,5
61900690,cloud computing,it,application,Moderate,14,2024-11-11,Cloud Computing Application,3
61900691,social media,marketing,survey,Moderate,8,2024-12-24,Social Media Survey,5
61900692,machine learning,it,application,Moderate,14,2025-02-11,Machine Learning Application,11
61900693,cloud computing,it,registration,Simple,12,2025-08-20,Cloud Computing Registration,5
61900694,content marketing,marketing,application,Complex,10,2025-10-01,Content Marketing Application,9
61900695,market analysis,economics,assessment,Simple,13,2024-12-28,Market Analysis Assessment,7
61900696,cybersecurity,it,survey,Complex,8,2025-08-16,Cybersecurity Survey,5
61900697,digital marketing,marketing,application,Moderate,10,2025-01-19,Digital Marketing Application,3
61900698,financial modeling,economics,survey,Complex,15,2025-03-22,Financial Modeling Survey,10
61900699,machine learning,it,assessment,Complex,11,2025-01-08,Machine Learning Assessment,11
61900700,social media,marketing,registration,Complex,14,2025-01-27,Social Media Registration,11
61900701,content marketing,marketing,survey,Simple,7,2025-02-07,Content Marketing Survey,9
61900702,cybersecurity,it,application,Moderate,10,2025-07-24,Cybersecurity Application,10
61900703,cybersecurity,it,survey,Complex,8,2025-10-25,Cybersecurity Survey,6
61900704,investment planning,economics,application,Moderate,9,2025-08-03,Investment Planning Application,10
61900705,portfolio management,economics,registration,Complex,8,2024-11-11,Portfolio Management Registration,6
61900706,portfolio management,economics,assessment,Moderate,5,2025-10-14,Portfolio Management Assessment,7
61900707,cybersecurity,it,registration,Complex,10,2025-08-21,Cybersecurity Registration,10
61900708,cloud computing,it,survey,Moderate,13,2025-06-07,Cloud Computing Survey,8
61900709,digital marketing,marketing,survey,Complex,7,2024-12-21,Digital Marketing Survey,5
61900710,financial modeling,economics,registration,Simple,6,2025-09-15,Financial Modeling Registration,5
61900711,social media,marketing,survey,Moderate,6,2025-02-15,Social Media Survey,11
61900712,market analysis,economics,registration,Complex,13,2025-06-16,Market Analysis Registration,7
61900713,content marketing,marketing,survey,Complex,15,2025-09-21,Content Marketing Survey,8
61900714,portfolio management,economics,registration,Simple,7,2025-03-05,Portfolio Management Registration,5
61900715,content marketing,marketing,application,Complex,5,2025-04-16,Content Marketing Application,3
61900716,financial modeling,economics,survey,Complex,12,2025-05-26,Financial Modeling Survey,4
61900717,content marketing,marketing,application,Moderate,8,2025-05-13,Content Marketing Application,10
61900718,financial modeling,economics,registration,Simple,5,2025-02-04,Financial Modeling Registration,7
61900719,investment planning,economics,application,Moderate,15,2025-09-06,Investment Planning Application,8
61900720,brand management,marketing,registration,Simple,13,2025-07-18,Brand Management Registration,4
61900721,digital marketing,marketing,assessment,Moderate,11,2025-02-18,Digital Marketing Assessment,10
61900722,brand management,marketing,registration,Moderate,10,2024-11-06,Brand Management Registration,6
61900723,cybersecurity,it,assessment,Complex,7,2025-07-23,Cybersecurity Assessment,5
61900724,financial modeling,economics,registration,Moderate,5,2024-10-25,Financial Modeling Registration,11
61900725,digital marketing,marketing,registration,Moderate,13,2024-11-20,Digital Marketing Registration,7
61900726,web development,it,application,Simple,9,2024-11-04,Web Development Application,7
61900727,data science,it,registration,Simple,15,2025-01-30,Data Science Registration,3
61900728,financial modeling,economics,application,Simple,6,2025-05-04,Financial Modeling Application,5
61900729,web development,it,registration,Complex,15,2025-06-17,Web Development Registration,7
61900730,market analysis,economics,application,Moderate,13,2025-03-10,Market Analysis Application,12
61900731,brand management,marketing,assessment,Moderate,14,2025-04-24,Brand Management Assessment,11
61900732,social media,marketing,survey,Complex,9,2025-01-25,Social Media Survey,12
61900733,social media,marketing,registration,Simple,9,2025-01-08,Social Media Registration,3
61900734,investment planning,economics,registration,Simple,5,2025-05-27,Investment Planning Registration,11
61900735,cloud computing,it,registration,Simple,12,2025-01-01,Cloud Computing Registration,5
61900736,investment planning,economics,registration,Moderate,8,2025-01-22,Investment Planning Registration,10
61900737,cybersecurity,it,survey,Moderate,13,2025-03-04,Cybersecurity Survey,8
61900738,cybersecurity,it,application,Moderate,5,2025-03-15,Cybersecurity Application,5
61900739,content marketing,marketing,assessment,Simple,11,2025-08-30,Content Marketing Assessment,8
61900740,social media,marketing,registration,Complex,10,2025-01-27,Social Media Registration,6
61900741,market analysis,economics,registration,Moderate,8,2025-01-20,Market Analysis Registration,7
61900742,web development,it,application,Moderate,9,2024-11-26,Web Development Application,9
61900743,content marketing,marketing,registration,Simple,14,2025-05-28,Content Marketing Registration,5
61900744,digital marketing,marketing,registration,Complex,7,2025-02-08,Digital Marketing Registration,7
61900745,market analysis,economics,assessment,Complex,5,2025-02-13,Market Analysis Assessment,12
61900746,cloud computing,it,application,Complex,8,2025-07-06,Cloud Computing Application,11
61900747,market analysis,economics,application,Moderate,10,2025-04-25,Market Analysis Application,3
61900748,content marketing,marketing,application,Complex,10,2025-03-12,Content Marketing Application,7
61900749,digital marketing,marketing,survey,Complex,12,2024-12-21,Digital Marketing Survey,3
61900750,cybersecurity,it,registration,Moderate,14,2025-08-15,Cybersecurity Registration,7
61900751,financial modeling,economics,assessment,Simple,12,2025-08-18,Financial Modeling Assessment,6
61900752,portfolio management,economics,application,Moderate,9,2025-02-27,Portfolio Management Application,9
61900753,market analysis,economics,assessment,Complex,6,2025-03-18,Market Analysis Assessment,5
61900754,machine learning,it,application,Simple,10,2024-12-25,Machine Learning Application,4
61900755,cybersecurity,it,application,Simple,9,2025-06-25,Cybersecurity Application,5
61900756,content marketing,marketing,survey,Simple,14,2025-01-06,Content Marketing Survey,12
61900757,portfolio management,economics,application,Moderate,13,2025-07-03,Portfolio Management Application,4
61900758,market analysis,economics,registration,Moderate,15,2025-03-06,Market Analysis Registration,5
61900759,cloud computing,it,registration,Moderate,13,2025-10-07,Cloud Computing Registration,9
61900760,market analysis,economics,assessment,Moderate,6,2025-04-25,Market Analysis Assessment,4
61900761,market analysis,economics,application,Moderate,15,2025-06-17,Market Analysis Application,3
61900762,machine learning,it,survey,Moderate,8,2025-02-02,Machine Learning Survey,6
61900763,cybersecurity,it,assessment,Simple,5,2024-12-03,Cybersecurity Assessment,8
61900764,financial modeling,economics,survey,Complex,12,2025-02-21,Financial Modeling Survey,12
61900765,brand management,marketing,registration,Simple,10,2024-12-21,Brand Management Registration,3
61900766,web development,it,survey,Complex,9,2025-04-03,Web Development Survey,4
61900767,machine learning,it,application,Complex,5,2025-08-27,Machine Learning Application,9
61900768,content marketing,marketing,registration,Simple,7,2024-12-22,Content Marketing Registration,6
61900769,cloud computing,it,registration,Moderate,11,2025-08-22,Cloud Computing Registration,8
61900770,brand management,marketing,registration,Moderate,6,2024-11-02,Brand Management Registration,8
61900771,social media,marketing,application,Moderate,8,2024-10-25,Social Media Application,3
61900772,brand management,marketing,registration,Moderate,7,2024-12-26,Brand Management Registration,11
61900773,data science,it,survey,Simple,6,2025-05-18,Data Science Survey,6
61900774,web development,it,application,Simple,12,2025-03-01,Web Development Application,7
61900775,market analysis,economics,application,Complex,14,2024-12-12,Market Analysis Application,7
61900776,social media,marketing,assessment,Simple,7,2025-06-27,Social Media Assessment,9
61900777,investment planning,economics,assessment,Moderate,5,2025-04-04,Investment Planning Assessment,7
61900778,market analysis,economics,registration,Complex,13,2025-05-13,Market Analysis Registration,8
61900779,digital marketing,marketing,survey,Simple,5,2025-06-30,Digital Marketing Survey,10
61900780,brand management,marketing,registration,Complex,6,2024-10-30,Brand Management Registration,7
61900781,brand management,marketing,survey,Moderate,10,2025-07-14,Brand Management Survey,11
61900782,investment planning,economics,application,Simple,11,2024-11-29,Investment Planning Application,4
61900783,content marketing,marketing,survey,Simple,6,2025-06-09,Content Marketing Survey,8
61900784,financial modeling,economics,assessment,Moderate,15,2025-05-28,Financial Modeling Assessment,9
61900785,cloud computing,it,application,Complex,11,2025-04-30,Cloud Computing Application,7
61900786,market analysis,economics,survey,Complex,7,2025-01-05,Market Analysis Survey,9
61900787,brand management,marketing,application,Moderate,12,2024-12-05,Brand Management Application,8
61900788,content marketing,marketing,registration,Moderate,14,2025-09-04,Content Marketing Registration,12
61900789,machine learning,it,assessment,Moderate,12,2025-05-01,Machine Learning Assessment,12
61900790,data science,it,application,Simple,5,2024-10-31,Data Science Application,11
61900791,investment planning,economics,application,Complex,15,2025-08-28,Investment Planning Application,6
61900792,investment planning,economics,registration,Moderate,8,2025-04-29,Investment Planning Registration,9
61900793,brand management,marketing,assessment,Simple,6,2025-06-12,Brand Management Assessment,6
61900794,cloud computing,it,registration,Moderate,14,2025-04-12,Cloud Computing Registration,9
61900795,investment planning,economics,application,Simple,5,2025-10-16,Investment Planning Application,3
61900796,cybersecurity,it,application,Simple,5,2025-06-11,Cybersecurity Application,10
61900797,market analysis,economics,assessment,Moderate,15,2025-07-28,Market Analysis Assessment,12
61900798,social media,marketing,assessment,Moderate,14,2024-11-20,Social Media Assessment,7
61900799,machine learning,it,assessment,Complex,15,2025-05-28,Machine Learning Assessment,8
61900800,data science,it,application,Simple,12,2025-02-08,Data Science Application,6
61900801,social media,marketing,assessment,Moderate,8,2025-07-15,Social Media Assessment,11
61900802,financial modeling,economics,assessment,Complex,15,2025-09-04,Financial Modeling Assessment,10
61900803,data science,it,application,Moderate,10,2025-02-06,Data Science Application,9
61900804,social media,marketing,survey,Moderate,5,2025-10-09,Social Media Survey,10
61900805,financial modeling,economics,survey,Simple,14,2025-04-26,Financial Modeling Survey,7
61900806,digital marketing,marketing,survey,Simple,6,2025-02-02,Digital Marketing Survey,7
61900807,portfolio management,economics,survey,Complex,12,2025-03-24,Portfolio Management Survey,5
61900808,financial modeling,economics,registration,Moderate,13,2025-02-18,Financial Modeling Registration,3
61900809,investment planning,economics,registration,Complex,15,2025-05-03,Investment Planning Registration,11
61900810,digital marketing,marketing,application,Moderate,5,2025-02-02,Digital Marketing Application,8
61900811,brand management,marketing,application,Simple,15,2025-02-12,Brand Management Application,9
61900812,social media,marketing,registration,Simple,8,2024-12-04,Social Media Registration,9
61900813,content marketing,marketing,registration,Complex,11,2025-07-11,Content Marketing Registration,12
61900814,cloud computing,it,assessment,Moderate,14,2025-03-04,Cloud Computing Assessment,11
61900815,machine learning,it,assessment,Simple,10,2025-07-28,Machine Learning Assessment,6
61900816,financial modeling,economics,survey,Simple,14,2025-06-13,Financial Modeling Survey,3
61900817,social media,marketing,assessment,Moderate,5,2025-05-16,Social Media Assessment,3
61900818,cybersecurity,it,registration,Simple,9,2025-01-19,Cybersecurity Registration,11
61900819,brand management,marketing,application,Moderate,12,2025-06-30,Brand Management Application,9
61900820,cloud computing,it,survey,Moderate,5,2025-09-16,Cloud Computing Survey,9
61900821,investment planning,economics,registration,Moderate,8,2025-03-05,Investment Planning Registration,6
61900822,web development,it,assessment,Simple,8,2025-03-19,Web Development Assessment,6
61900823,brand management,marketing,survey,Moderate,6,2025-01-01,Brand Management Survey,3
61900824,investment planning,economics,survey,Complex,14,2024-11-08,Investment Planning Survey,5
61900825,portfolio management,economics,assessment,Complex,11,2025-08-05,Portfolio Management Assessment,6
61900826,content marketing,marketing,registration,Complex,7,2025-02-03,Content Marketing Registration,4
61900827,brand management,marketing,survey,Simple,10,2025-01-10,Brand Management Survey,6
61900828,brand management,marketing,application,Complex,13,2025-04-20,Brand Management Application,6
61900829,digital marketing,marketing,assessment,Complex,13,2025-10-16,Digital Marketing Assessment,4
61900830,brand management,marketing,assessment,Complex,14,2025-03-14,Brand Management Assessment,11
61900831,web development,it,registration,Simple,15,2025-07-16,Web Development Registration,10
61900832,content marketing,marketing,survey,Simple,8,2025-02-22,Content Marketing Survey,12
61900833,investment planning,economics,assessment,Complex,13,2025-01-09,Investment Planning Assessment,4
61900834,web development,it,assessment,Simple,13,2024-11-15,Web Development Assessment,4
61900835,brand management,marketing,registration,Simple,5,2025-07-02,Brand Management Registration,6
61900836,content marketing,marketing,assessment,Moderate,6,2025-07-18,Content Marketing Assessment,11
61900837,social media,marketing,application,Complex,5,2024-11-27,Social Media Application,12
61900838,social media,marketing,application,Simple,7,2025-06-25,Social Media Application,3
61900839,social media,marketing,assessment,Simple,12,2024-10-29,Social Media Assessment,4
61900840,financial modeling,economics,registration,Moderate,7,2025-10-06,Financial Modeling Registration,9
61900841,cybersecurity,it,assessment,Moderate,13,2025-10-07,Cybersecurity Assessment,6
61900842,cybersecurity,it,application,Simple,10,2025-08-07,Cybersecurity Application,6
61900843,investment planning,economics,assessment,Complex,6,2025-03-15,Investment Planning Assessment,10
61900844,data science,it,registration,Moderate,8,2025-10-01,Data Science Registration,6
61900845,portfolio management,economics,survey,Moderate,7,2025-03-15,Portfolio Management Survey,11
61900846,data science,it,application,Moderate,7,2024-11-26,Data Science Application,4
61900847,investment planning,economics,assessment,Complex,7,2025-02-10,Investment Planning Assessment,9
61900848,cybersecurity,it,survey,Moderate,7,2025-05-26,Cybersecurity Survey,9
61900849,market analysis,economics,registration,Simple,14,2024-11-17,Market Analysis Registration,9
61900850,cloud computing,it,survey,Simple,12,2025-08-10,Cloud Computing Survey,12
61900851,web development,it,survey,Complex,12,2025-03-01,Web Development Survey,6
61900852,investment planning,economics,application,Moderate,5,2025-01-31,Investment Planning Application,4
61900853,content marketing,marketing,registration,Moderate,12,2025-06-09,Content Marketing Registration,10
61900854,cybersecurity,it,registration,Simple,6,2025-02-01,Cybersecurity Registration,12
61900855,investment planning,economics,assessment,Moderate,15,2025-05-13,Investment Planning Assessment,7
61900856,market analysis,economics,registration,Moderate,8,2025-07-15,Market Analysis Registration,4
61900857,web development,it,application,Simple,5,2025-10-10,Web Development Application,5
61900858,portfolio management,economics,application,Complex,15,2025-04-30,Portfolio Management Application,5
61900859,market analysis,economics,application,Complex,9,2025-07-26,Market Analysis Application,6
61900860,market analysis,economics,registration,Moderate,9,2025-07-01,Market Analysis Registration,6
61900861,social media,marketing,registration,Moderate,9,2025-10-22,Social Media Registration,6
61900862,cloud computing,it,registration,Moderate,5,2025-07-24,Cloud Computing Registration,7
61900863,web development,it,survey,Simple,10,2025-06-22,Web Development Survey,10
61900864,digital marketing,marketing,survey,Simple,15,2024-12-03,Digital Marketing Survey,7
61900865,brand management,marketing,survey,Simple,15,2025-03-06,Brand Management Survey,4
61900866,cybersecurity,it,application,Complex,14,2025-03-01,Cybersecurity Application,3
61900867,digital marketing,marketing,assessment,Simple,12,2025-01-12,Digital Marketing Assessment,12
61900868,social media,marketing,registration,Simple,14,2025-06-14,Social Media Registration,3
61900869,data science,it,application,Complex,7,2025-05-24,Data Science Application,5
61900870,investment planning,economics,application,Moderate,7,2024-10-27,Investment Planning Application,12
61900871,cloud computing,it,application,Simple,8,2025-08-02,Cloud Computing Application,10
61900872,portfolio management,economics,registration,Complex,7,2025-05-12,Portfolio Management Registration,5
61900873,market analysis,economics,application,Complex,14,2025-01-28,Market Analysis Application,10
61900874,cybersecurity,it,assessment,Moderate,13,2025-04-03,Cybersecurity Assessment,3
61900875,portfolio management,economics,assessment,Simple,7,2025-02-26,Portfolio Management Assessment,8
61900876,market analysis,economics,survey,Complex,8,2024-12-19,Market Analysis Survey,8
61900877,financial modeling,economics,assessment,Moderate,5,2025-10-16,Financial Modeling Assessment,11
61900878,cloud computing,it,assessment,Simple,7,2025-03-31,Cloud Computing Assessment,7
61900879,machine learning,it,survey,Simple,8,2025-10-10,Machine Learning Survey,6
61900880,financial modeling,economics,survey,Simple,7,2025-03-23,Financial Modeling Survey,3
61900881,financial modeling,economics,application,Moderate,14,2025-07-15,Financial Modeling Application,4
61900882,cloud computing,it,survey,Moderate,6,2025-06-27,Cloud Computing Survey,12
61900883,market analysis,economics,registration,Moderate,7,2024-11-18,Market Analysis Registration,11
61900884,digital marketing,marketing,registration,Complex,6,2025-05-25,Digital Marketing Registration,11
61900885,portfolio management,economics,survey,Complex,5,2025-05-22,Portfolio Management Survey,7
61900886,web development,it,assessment,Complex,5,2025-03-30,Web Development Assessment,7
61900887,web development,it,survey,Moderate,7,2024-12-07,Web Development Survey,10
61900888,data science,it,assessment,Simple,12,2025-03-13,Data Science Assessment,9
61900889,brand management,marketing,application,Moderate,12,2024-11-15,Brand Management Application,9
61900890,web development,it,survey,Simple,6,2025-08-31,Web Development Survey,5
61900891,financial modeling,economics,registration,Complex,5,2025-07-29,Financial Modeling Registration,10
61900892,web development,it,assessment,Complex,10,2025-10-21,Web Development Assessment,5
61900893,web development,it,registration,Complex,9,2025-04-29,Web Development Registration,5
61900894,investment planning,economics,assessment,Moderate,9,2024-12-07,Investment Planning Assessment,10
61900895,brand management,marketing,assessment,Moderate,5,2025-03-02,Brand Management Assessment,5
61900896,data science,it,registration,Complex,14,2025-02-03,Data Science Registration,8
61900897,digital marketing,marketing,assessment,Moderate,6,2024-12-29,Digital Marketing Assessment,9
61900898,social media,marketing,survey,Simple,9,2025-03-15,Social Media Survey,3
61900899,content marketing,marketing,registration,Simple,13,2025-08-28,Content Marketing Registration,5
61900900,market analysis,economics,application,Moderate,15,2025-04-21,Market Analysis Application,11
61900901,machine learning,it,registration,Complex,9,2025-01-06,Machine Learning Registration,10
61900902,cloud computing,it,survey,Complex,12,2025-10-12,Cloud Computing Survey,8
61900903,financial modeling,economics,survey,Complex,14,2024-11-16,Financial Modeling Survey,5
61900904,cloud computing,it,survey,Complex,14,2025-03-25,Cloud Computing Survey,6
61900905,brand management,marketing,assessment,Simple,5,2025-09-28,Brand Management Assessment,11
61900906,brand management,marketing,assessment,Simple,10,2025-06-16,Brand Management Assessment,11
61900907,portfolio management,economics,registration,Moderate,11,2025-05-20,Portfolio Management Registration,3
61900908,social media,marketing,assessment,Simple,7,2025-09-06,Social Media Assessment,9
61900909,brand management,marketing,registration,Moderate,7,2024-11-06,Brand Management Registration,4
61900910,machine learning,it,survey,Moderate,12,2024-11-18,Machine Learning Survey,3
61900911,portfolio management,economics,registration,Complex,9,2025-06-01,Portfolio Management Registration,6
61900912,web development,it,survey,Complex,5,2025-10-07,Web Development Survey,4
61900913,content marketing,marketing,registration,Complex,7,2025-01-06,Content Marketing Registration,6
61900914,financial modeling,economics,application,Simple,7,2025-04-02,Financial Modeling Application,9
61900915,financial modeling,economics,survey,Complex,10,2024-11-07,Financial Modeling Survey,9
61900916,cybersecurity,it,assessment,Simple,12,2025-09-06,Cybersecurity Assessment,12
61900917,brand management,marketing,assessment,Moderate,7,2025-03-07,Brand Management Assessment,12
61900918,social media,marketing,assessment,Simple,13,2025-06-27,Social Media Assessment,9
61900919,data science,it,survey,Complex,7,2025-03-03,Data Science Survey,3
61900920,investment planning,economics,registration,Simple,5,2025-03-19,Investment Planning Registration,5
61900921,social media,marketing,registration,Complex,14,2025-08-06,Social Media Registration,9
61900922,machine learning,it,application,Complex,8,2025-08-08,Machine Learning Application,4
61900923,portfolio management,economics,registration,Complex,7,2024-11-24,Portfolio Management Registration,8
61900924,financial modeling,economics,application,Simple,8,2025-02-20,Financial Modeling Application,9
61900925,content marketing,marketing,application,Moderate,13,2025-09-21,Content Marketing Application,5
61900926,portfolio management,economics,survey,Simple,14,2025-01-13,Portfolio Management Survey,7
61900927,data science,it,survey,Simple,14,2025-09-21,Data Science Survey,12
61900928,market analysis,economics,registration,Complex,14,2025-04-20,Market Analysis Registration,4
61900929,investment planning,economics,survey,Simple,13,2024-11-25,Investment Planning Survey,4
61900930,financial modeling,economics,application,Simple,15,2025-08-24,Financial Modeling Application,5
61900931,brand management,marketing,assessment,Moderate,12,2025-09-06,Brand Management Assessment,9
61900932,web development,it,application,Simple,10,2024-12-05,Web Development Application,7
61900933,investment planning,economics,survey,Simple,13,2024-11-16,Investment Planning Survey,8
61900934,financial modeling,economics,survey,Complex,8,2025-09-07,Financial Modeling Survey,10
61900935,investment planning,economics,registration,Complex,13,2024-12-05,Investment Planning Registration,8
61900936,portfolio management,economics,registration,Moderate,5,2025-10-11,Portfolio Management Registration,5
61900937,investment planning,economics,registration,Moderate,7,2025-08-06,Investment Planning Registration,12
61900938,digital marketing,marketing,survey,Simple,12,2025-01-19,Digital Marketing Survey,11
61900939,brand management,marketing,survey,Complex,6,2025-02-23,Brand Management Survey,6
61900940,web development,it,survey,Simple,15,2025-01-17,Web Development Survey,6
61900941,brand management,marketing,application,Simple,11,2025-08-16,Brand Management Application,6
61900942,portfolio management,economics,registration,Simple,10,2025-06-04,Portfolio Management Registration,5
61900943,social media,marketing,registration,Complex,10,2025-05-04,Social Media Registration,11
61900944,investment planning,economics,assessment,Simple,11,2025-06-18,Investment Planning Assessment,8
61900945,financial modeling,economics,survey,Complex,6,2025-09-06,Financial Modeling Survey,6
61900946,financial modeling,economics,survey,Complex,8,2025-06-05,Financial Modeling Survey,5
61900947,cloud computing,it,registration,Moderate,6,2025-02-14,Cloud Computing Registration,7
61900948,cloud computing,it,survey,Simple,14,2025-06-21,Cloud Computing Survey,3
61900949,cybersecurity,it,application,Simple,5,2025-02-09,Cybersecurity Application,9
61900950,web development,it,application,Complex,6,2025-04-21,Web Development Application,8
61900951,investment planning,economics,survey,Moderate,5,2024-10-30,Investment Planning Survey,5
61900952,cloud computing,it,registration,Complex,9,2025-06-05,Cloud Computing Registration,5
61900953,market analysis,economics,application,Complex,9,2025-05-18,Market Analysis Application,5
61900954,machine learning,it,registration,Complex,15,2025-02-17,Machine Learning Registration,9
61900955,digital marketing,marketing,application,Moderate,8,2025-03-23,Digital Marketing Application,6
61900956,investment planning,economics,survey,Moderate,13,2025-05-04,Investment Planning Survey,8
61900957,digital marketing,marketing,application,Moderate,8,2025-03-29,Digital Marketing Application,3
61900958,social media,marketing,assessment,Complex,7,2025-07-31,Social Media Assessment,6
61900959,content marketing,marketing,survey,Complex,11,2025-06-04,Content Marketing Survey,4
61900960,cybersecurity,it,registration,Moderate,14,2025-05-25,Cybersecurity Registration,12
61900961,portfolio management,economics,application,Simple,6,2024-11-15,Portfolio Management Application,3
61900962,financial modeling,economics,registration,Complex,6,2024-11-06,Financial Modeling Registration,6
61900963,machine learning,it,registration,Moderate,13,2025-10-12,Machine Learning Registration,5
61900964,investment planning,economics,application,Moderate,15,2024-12-07,Investment Planning Application,11
61900965,market analysis,economics,survey,Complex,5,2025-08-22,Market Analysis Survey,8
61900966,data science,it,assessment,Moderate,15,2025-06-28,Data Science Assessment,11
61900967,machine learning,it,application,Complex,7,2025-04-05,Machine Learning Application,5
61900968,machine learning,it,assessment,Simple,6,2025-05-19,Machine Learning Assessment,7
61900969,social media,marketing,survey,Complex,6,2025-09-23,Social Media Survey,12
61900970,content marketing,marketing,assessment,Complex,12,2025-06-06,Content Marketing Assessment,7
61900971,machine learning,it,survey,Complex,14,2024-11-20,Machine Learning Survey,8
61900972,data science,it,application,Simple,5,2025-07-24,Data Science Application,7
61900973,financial modeling,economics,assessment,Simple,11,2025-05-17,Financial Modeling Assessment,8
61900974,portfolio management,economics,survey,Moderate,15,2025-05-25,Portfolio Management Survey,11
61900975,cloud computing,it,registration,Moderate,10,2025-05-16,Cloud Computing Registration,8
61900976,investment planning,economics,application,Complex,9,2025-08-17,Investment Planning Application,4
61900977,portfolio management,economics,registration,Complex,5,2025-10-07,Portfolio Management Registration,8
61900978,brand management,marketing,registration,Complex,10,2025-02-16,Brand Management Registration,7
61900979,machine learning,it,survey,Simple,12,2025-08-24,Machine Learning Survey,6
61900980,brand management,marketing,registration,Simple,8,2025-10-20,Brand Management Registration,3
61900981,machine learning,it,application,Complex,10,2025-06-06,Machine Learning Application,3
61900982,market analysis,economics,registration,Moderate,6,2025-01-11,Market Analysis Registration,11
61900983,content marketing,marketing,survey,Simple,13,2025-08-10,Content Marketing Survey,12
61900984,web development,it,application,Moderate,9,2024-11-29,Web Development Application,3
61900985,portfolio management,economics,registration,Complex,5,2025-09-30,Portfolio Management Registration,11
61900986,digital marketing,marketing,survey,Simple,5,2025-04-18,Digital Marketing Survey,6
61900987,market analysis,economics,registration,Complex,12,2025-07-21,Market Analysis Registration,9
61900988,financial modeling,economics,survey,Moderate,11,2025-07-06,Financial Modeling Survey,12
61900989,investment planning,economics,application,Simple,8,2025-05-02,Investment Planning Application,7
61900990,financial modeling,economics,registration,Moderate,13,2024-11-17,Financial Modeling Registration,4
61900991,portfolio management,economics,application,Complex,11,2025-04-26,Portfolio Management Application,5
61900992,data science,it,survey,Simple,7,2025-08-25,Data Science Survey,3
61900993,machine learning,it,application,Moderate,14,2024-12-19,Machine Learning Application,7
61900994,web development,it,assessment,Simple,6,2025-01-27,Web Development Assessment,3
61900995,investment planning,economics,assessment,Moderate,6,2024-12-08,Investment Planning Assessment,6
61900996,investment planning,economics,survey,Moderate,11,2025-05-30,Investment Planning Survey,9
61900997,financial modeling,economics,registration,Simple,8,2025-06-10,Financial Modeling Registration,8
61900998,social media,marketing,assessment,Moderate,13,2025-08-21,Social Media Assessment,4
61900999,investment planning,economics,application,Complex,6,2025-07-24,Investment Planning Application,10
61901000,digital marketing,marketing,application,Complex,7,2024-11-09,Digital Marketing Application,10
61901001,brand management,marketing,assessment,Simple,15,2025-05-16,Brand Management Assessment,9
61901002,web development,it,application,Moderate,9,2025-10-15,Web Development Application,3
61901003,portfolio management,economics,registration,Complex,10,2025-02-11,Portfolio Management Registration,12
61901004,brand management,marketing,survey,Complex,15,2025-01-17,Brand Management Survey,10
61901005,market analysis,economics,application,Moderate,11,2025-05-19,Market Analysis Application,3
61901006,market analysis,economics,application,Moderate,15,2025-04-23,Market Analysis Application,6
61901007,social media,marketing,assessment,Complex,14,2024-11-28,Social Media Assessment,12
61901008,web development,it,application,Moderate,13,2025-09-24,Web Development Application,5
61901009,brand management,marketing,application,Simple,10,2025-10-01,Brand Management Application,12
61901010,digital marketing,marketing,assessment,Moderate,12,2025-04-25,Digital Marketing Assessment,5
61901011,brand management,marketing,survey,Moderate,14,2024-10-26,Brand Management Survey,12
61901012,cloud computing,it,survey,Moderate,8,2025-04-08,Cloud Computing Survey,11
61901013,digital marketing,marketing,survey,Complex,10,2025-10-12,Digital Marketing Survey,10
61901014,machine learning,it,assessment,Simple,9,2025-03-28,Machine Learning Assessment,5
61901015,social media,marketing,application,Simple,14,2024-11-27,Social Media Application,8
61901016,digital marketing,marketing,assessment,Complex,8,2025-07-05,Digital Marketing Assessment,9
61901017,financial modeling,economics,assessment,Moderate,15,2025-01-31,Financial Modeling Assessment,10
61901018,cloud computing,it,registration,Moderate,6,2025-02-23,Cloud Computing Registration,9
61901019,social media,marketing,survey,Simple,12,2025-04-14,Social Media Survey,5
61901020,cybersecurity,it,assessment,Simple,6,2025-05-29,Cybersecurity Assessment,6
61901021,social media,marketing,application,Complex,8,2025-01-22,Social Media Application,6
61901022,market analysis,economics,application,Complex,7,2024-12-23,Market Analysis Application,5
61901023,cybersecurity,it,application,Complex,11,2025-06-29,Cybersecurity Application,3
61901024,content marketing,marketing,registration,Simple,13,2025-03-15,Content Marketing Registration,6
61901025,brand management,marketing,registration,Moderate,5,2024-10-31,Brand Management Registration,7
61901026,content marketing,marketing,survey,Moderate,10,2025-06-09,Content Marketing Survey,12
61901027,social media,marketing,application,Simple,8,2025-08-19,Social Media Application,8
61901028,web development,it,assessment,Complex,13,2025-10-11,Web Development Assessment,4
61901029,content marketing,marketing,registration,Complex,10,2025-09-08,Content Marketing Registration,7
61901030,financial modeling,economics,registration,Complex,15,2025-07-23,Financial Modeling Registration,9
61901031,market analysis,economics,application,Moderate,10,2025-02-23,Market Analysis Application,10
61901032,portfolio management,economics,survey,Simple,13,2025-01-25,Portfolio Management Survey,8
61901033,investment planning,economics,registration,Moderate,14,2025-05-14,Investment Planning Registration,3
61901034,market analysis,economics,application,Simple,14,2025-05-11,Market Analysis Application,5
61901035,social media,marketing,application,Complex,8,2025-08-22,Social Media Application,9
61901036,social media,marketing,assessment,Simple,5,2025-04-14,Social Media Assessment,8
61901037,portfolio management,economics,survey,Moderate,11,2025-06-15,Portfolio Management Survey,7
61901038,cloud computing,it,assessment,Complex,11,2025-08-09,Cloud Computing Assessment,12
61901039,digital marketing,marketing,registration,Complex,15,2025-03-24,Digital Marketing Registration,5
61901040,data science,it,assessment,Complex,7,2025-07-07,Data Science Assessment,6
61901041,cybersecurity,it,registration,Simple,12,2025-10-10,Cybersecurity Registration,5
61901042,content marketing,marketing,application,Simple,13,2025-05-24,Content Marketing Application,11
61901043,machine learning,it,registration,Moderate,10,2024-11-03,Machine Learning Registration,12
61901044,investment planning,economics,application,Complex,10,2025-10-25,Investment Planning Application,7
61901045,portfolio management,economics,application,Moderate,10,2024-10-29,Portfolio Management Application,12
61901046,cybersecurity,it,registration,Simple,7,2025-08-17,Cybersecurity Registration,6
61901047,portfolio management,economics,assessment,Moderate,11,2025-10-03,Portfolio Management Assessment,11
61901048,cloud computing,it,assessment,Simple,7,2025-07-07,Cloud Computing Assessment,12
61901049,cybersecurity,it,survey,Simple,14,2025-09-09,Cybersecurity Survey,7
61901050,market analysis,economics,registration,Moderate,13,2024-11-09,Market Analysis Registration,8
61901051,cloud computing,it,assessment,Simple,5,2025-01-20,Cloud Computing Assessment,7
61901052,cybersecurity,it,assessment,Simple,6,2025-09-03,Cybersecurity Assessment,5
61901053,content marketing,marketing,application,Complex,6,2025-07-27,Content Marketing Application,10
61901054,web development,it,survey,Moderate,14,2025-02-14,Web Development Survey,10
61901055,financial modeling,economics,survey,Simple,5,2025-03-09,Financial Modeling Survey,3
61901056,digital marketing,marketing,survey,Moderate,9,2025-10-15,Digital Marketing Survey,10
61901057,investment planning,economics,assessment,Simple,7,2025-04-28,Investment Planning Assessment,12
61901058,investment planning,economics,application,Complex,6,2025-05-01,Investment Planning Application,9
61901059,content marketing,marketing,registration,Simple,13,2025-01-03,Content Marketing Registration,4
61901060,market analysis,economics,survey,Simple,6,2025-03-24,Market Analysis Survey,10
61901061,financial modeling,economics,survey,Moderate,7,2024-11-06,Financial Modeling Survey,9
61901062,digital marketing,marketing,application,Moderate,8,2025-10-24,Digital Marketing Application,10
61901063,cloud computing,it,assessment,Moderate,11,2025-07-03,Cloud Computing Assessment,11
61901064,portfolio management,economics,survey,Complex,13,2025-04-28,Portfolio Management Survey,11
61901065,cloud computing,it,registration,Simple,11,2025-09-16,Cloud Computing Registration,3
61901066,social media,marketing,registration,Moderate,15,2025-10-22,Social Media Registration,4
61901067,data science,it,survey,Moderate,14,2025-04-14,Data Science Survey,6
61901068,content marketing,marketing,application,Complex,15,2025-03-26,Content Marketing Application,5
61901069,digital marketing,marketing,application,Complex,15,2025-02-08,Digital Marketing Application,9
61901070,investment planning,economics,assessment,Complex,14,2024-12-22,Investment Planning Assessment,7
61901071,content marketing,marketing,assessment,Moderate,6,2025-08-10,Content Marketing Assessment,3
61901072,web development,it,registration,Complex,6,2025-02-14,Web Development Registration,3
61901073,investment planning,economics,registration,Complex,9,2025-03-09,Investment Planning Registration,4
61901074,investment planning,economics,survey,Moderate,5,2025-06-13,Investment Planning Survey,8
61901075,machine learning,it,application,Complex,13,2025-03-13,Machine Learning Application,12
61901076,digital marketing,marketing,assessment,Simple,6,2025-04-01,Digital Marketing Assessment,11
61901077,market analysis,economics,assessment,Complex,15,2024-11-22,Market Analysis Assessment,8
61901078,social media,marketing,application,Complex,7,2025-03-31,Social Media Application,12
61901079,social media,marketing,assessment,Simple,14,2025-06-27,Social Media Assessment,7
61901080,portfolio management,economics,assessment,Complex,6,2025-09-27,Portfolio Management Assessment,6
61901081,investment planning,economics,survey,Moderate,11,2025-06-17,Investment Planning Survey,7
61901082,data science,it,registration,Simple,12,2025-04-23,Data Science Registration,12
61901083,market analysis,economics,registration,Moderate,15,2025-01-18,Market Analysis Registration,4
61901084,investment planning,economics,registration,Complex,10,2024-12-09,Investment Planning Registration,4
61901085,investment planning,economics,assessment,Moderate,5,2025-03-02,Investment Planning Assessment,12
61901086,cybersecurity,it,registration,Moderate,7,2025-05-04,Cybersecurity Registration,3
61901087,social media,marketing,survey,Moderate,7,2025-01-28,Social Media Survey,7
61901088,content marketing,marketing,survey,Moderate,6,2025-04-02,Content Marketing Survey,9
61901089,investment planning,economics,survey,Moderate,12,2025-06-23,Investment Planning Survey,5
61901090,content marketing,marketing,survey,Complex,14,2024-11-14,Content Marketing Survey,6
61901091,market analysis,economics,application,Complex,12,2025-10-21,Market Analysis Application,5
61901092,social media,marketing,registration,Simple,7,2025-08-01,Social Media Registration,8
61901093,content marketing,marketing,survey,Simple,5,2025-01-29,Content Marketing Survey,12
61901094,cloud computing,it,application,Complex,15,2025-02-10,Cloud Computing Application,5
61901095,cybersecurity,it,survey,Simple,12,2024-10-30,Cybersecurity Survey,7
61901096,cybersecurity,it,assessment,Complex,11,2024-12-31,Cybersecurity Assessment,8
61901097,cybersecurity,it,registration,Simple,8,2025-10-07,Cybersecurity Registration,8
61901098,investment planning,economics,application,Simple,5,2025-04-21,Investment Planning Application,8
61901099,market analysis,economics,assessment,Moderate,8,2025-04-05,Market Analysis Assessment,10
61901100,web development,it,registration,Moderate,5,2024-12-20,Web Development Registration,9
61901101,data science,it,assessment,Complex,14,2025-07-12,Data Science Assessment,4
61901102,market analysis,economics,registration,Simple,8,2025-09-27,Market Analysis Registration,6
61901103,digital marketing,marketing,application,Moderate,7,2024-12-04,Digital Marketing Application,6
61901104,web development,it,registration,Simple,14,2025-05-17,Web Development Registration,12
61901105,digital marketing,marketing,application,Simple,11,2025-10-16,Digital Marketing Application,12
61901106,portfolio management,economics,application,Simple,14,2025-02-09,Portfolio Management Application,9
61901107,content marketing,marketing,assessment,Simple,9,2025-04-16,Content Marketing Assessment,6
61901108,web development,it,application,Moderate,9,2025-02-26,Web Development Application,6
61901109,cloud computing,it,registration,Complex,8,2024-12-24,Cloud Computing Registration,11
61901110,machine learning,it,assessment,Complex,6,2025-09-22,Machine Learning Assessment,9
61901111,digital marketing,marketing,assessment,Complex,14,2024-11-14,Digital Marketing Assessment,4
61901112,market analysis,economics,survey,Complex,6,2024-11-04,Market Analysis Survey,8
61901113,brand management,marketing,application,Simple,12,2024-12-17,Brand Management Application,7
61901114,cybersecurity,it,survey,Simple,8,2025-10-19,Cybersecurity Survey,10
61901115,cloud computing,it,survey,Moderate,11,2025-05-15,Cloud Computing Survey,7
61901116,web development,it,survey,Complex,9,2025-03-07,Web Development Survey,5
61901117,social media,marketing,assessment,Moderate,6,2025-01-20,Social Media Assessment,3
61901118,web development,it,application,Moderate,14,2025-02-24,Web Development Application,6
61901119,brand management,marketing,survey,Complex,14,2025-08-26,Brand Management Survey,9
61901120,content marketing,marketing,application,Moderate,12,2025-06-28,Content Marketing Application,8
61901121,web development,it,registration,Simple,13,2025-08-07,Web Development Registration,5
61901122,digital marketing,marketing,survey,Complex,12,2025-09-09,Digital Marketing Survey,5
61901123,digital marketing,marketing,survey,Complex,10,2025-10-09,Digital Marketing Survey,11
61901124,cloud computing,it,application,Simple,12,2024-12-30,Cloud Computing Application,6
61901125,digital marketing,marketing,registration,Moderate,5,2025-05-06,Digital Marketing Registration,9
61901126,data science,it,application,Simple,15,2024-11-22,Data Science Application,9
61901127,cybersecurity,it,survey,Complex,15,2025-03-23,Cybersecurity Survey,5
61901128,cybersecurity,it,application,Moderate,14,2025-05-24,Cybersecurity Application,4
61901129,web development,it,registration,Moderate,6,2024-12-19,Web Development Registration,3
61901130,data science,it,registration,Simple,5,2025-06-20,Data Science Registration,9
61901131,financial modeling,economics,application,Complex,7,2025-07-29,Financial Modeling Application,9
61901132,cloud computing,it,survey,Simple,7,2025-07-05,Cloud Computing Survey,8
61901133,financial modeling,economics,survey,Complex,9,2025-05-03,Financial Modeling Survey,5
61901134,investment planning,economics,assessment,Simple,11,2025-09-05,Investment Planning Assessment,9
61901135,portfolio management,economics,registration,Moderate,13,2025-01-12,Portfolio Management Registration,12
61901136,market analysis,economics,assessment,Moderate,11,2025-06-17,Market Analysis Assessment,8
61901137,portfolio management,economics,registration,Moderate,14,2025-07-18,Portfolio Management Registration,5
61901138,market analysis,economics,registration,Simple,8,2025-04-06,Market Analysis Registration,10
61901139,brand management,marketing,survey,Complex,13,2025-06-24,Brand Management Survey,5
61901140,market analysis,economics,survey,Simple,11,2024-11-16,Market Analysis Survey,12
61901141,digital marketing,marketing,registration,Moderate,5,2024-11-05,Digital Marketing Registration,4
61901142,brand management,marketing,application,Complex,8,2025-06-14,Brand Management Application,10
61901143,investment planning,economics,application,Moderate,6,2025-01-14,Investment Planning Application,5
61901144,cloud computing,it,registration,Complex,8,2025-09-20,Cloud Computing Registration,10
61901145,investment planning,economics,registration,Complex,13,2025-04-16,Investment Planning Registration,4
61901146,digital marketing,marketing,survey,Complex,10,2025-06-04,Digital Marketing Survey,9
61901147,brand management,marketing,assessment,Moderate,15,2025-03-28,Brand Management Assessment,7
61901148,digital marketing,marketing,registration,Simple,10,2025-10-06,Digital Marketing Registration,4
61901149,digital marketing,marketing,application,Complex,12,2025-07-30,Digital Marketing Application,11
61901150,content marketing,marketing,survey,Complex,11,2025-02-10,Content Marketing Survey,10
61901151,cloud computing,it,survey,Complex,15,2025-04-12,Cloud Computing Survey,6
61901152,portfolio management,economics,application,Complex,15,2025-04-22,Portfolio Management Application,12
61901153,portfolio management,economics,registration,Moderate,13,2025-06-05,Portfolio Management Registration,3
61901154,investment planning,economics,registration,Moderate,9,2025-07-28,Investment Planning Registration,7
61901155,social media,marketing,assessment,Simple,9,2025-05-06,Social Media Assessment,12
61901156,portfolio management,economics,assessment,Moderate,15,2025-09-22,Portfolio Management Assessment,8
61901157,investment planning,economics,assessment,Complex,7,2024-11-27,Investment Planning Assessment,5
61901158,machine learning,it,survey,Moderate,14,2025-06-25,Machine Learning Survey,8
61901159,content marketing,marketing,application,Complex,12,2025-04-25,Content Marketing Application,3
61901160,digital marketing,marketing,registration,Simple,9,2024-12-01,Digital Marketing Registration,5
61901161,market analysis,economics,assessment,Simple,10,2024-11-13,Market Analysis Assessment,3
61901162,machine learning,it,survey,Moderate,12,2025-10-01,Machine Learning Survey,9
61901163,machine learning,it,registration,Simple,13,2025-03-27,Machine Learning Registration,8
61901164,market analysis,economics,registration,Complex,7,2025-06-10,Market Analysis Registration,11
61901165,cybersecurity,it,survey,Moderate,11,2025-03-07,Cybersecurity Survey,6
61901166,market analysis,economics,survey,Moderate,7,2025-02-12,Market Analysis Survey,5
61901167,cybersecurity,it,survey,Complex,5,2025-02-19,Cybersecurity Survey,5
61901168,social media,marketing,application,Moderate,14,2025-06-13,Social Media Application,4
61901169,content marketing,marketing,application,Simple,7,2024-11-05,Content Marketing Application,12
61901170,market analysis,economics,registration,Moderate,13,2025-08-02,Market Analysis Registration,9
61901171,data science,it,application,Moderate,15,2025-04-29,Data Science Application,10
61901172,content marketing,marketing,application,Complex,10,2025-07-07,Content Marketing Application,5
61901173,content marketing,marketing,survey,Simple,8,2025-02-26,Content Marketing Survey,9
61901174,data science,it,assessment,Complex,9,2025-10-19,Data Science Assessment,9
61901175,portfolio management,economics,assessment,Moderate,8,2024-12-07,Portfolio Management Assessment,6
61901176,web development,it,assessment,Moderate,13,2025-01-28,Web Development Assessment,7
61901177,financial modeling,economics,survey,Moderate,6,2024-12-02,Financial Modeling Survey,8
61901178,brand management,marketing,application,Simple,12,2025-10-07,Brand Management Application,12
61901179,portfolio management,economics,assessment,Complex,7,2025-07-17,Portfolio Management Assessment,7
61901180,financial modeling,economics,assessment,Moderate,10,2025-07-19,Financial Modeling Assessment,9
61901181,social media,marketing,assessment,Moderate,10,2025-08-23,Social Media Assessment,7
61901182,web development,it,application,Moderate,11,2025-08-09,Web Development Application,10
61901183,cybersecurity,it,application,Moderate,10,2025-05-08,Cybersecurity Application,9
61901184,digital marketing,marketing,application,Moderate,13,2024-11-11,Digital Marketing Application,7
61901185,social media,marketing,registration,Moderate,8,2025-03-27,Social Media Registration,8
61901186,data science,it,application,Complex,8,2025-08-06,Data Science Application,8
61901187,investment planning,economics,application,Simple,6,2024-11-07,Investment Planning Application,3
61901188,content marketing,marketing,assessment,Moderate,5,2025-01-09,Content Marketing Assessment,4
61901189,social media,marketing,application,Complex,9,2025-10-11,Social Media Application,3
61901190,market analysis,economics,survey,Simple,10,2024-11-20,Market Analysis Survey,11
61901191,market analysis,economics,assessment,Moderate,13,2025-02-22,Market Analysis Assessment,9
61901192,cloud computing,it,survey,Complex,6,2025-05-11,Cloud Computing Survey,12
61901193,content marketing,marketing,application,Complex,10,2025-01-24,Content Marketing Application,5
61901194,investment planning,economics,assessment,Moderate,13,2025-04-15,Investment Planning Assessment,8
61901195,web development,it,application,Simple,14,2024-12-25,Web Development Application,5
61901196,data science,it,application,Complex,14,2025-05-09,Data Science Application,11
61901197,content marketing,marketing,application,Moderate,8,2025-04-21,Content Marketing Application,6
61901198,financial modeling,economics,assessment,Moderate,8,2025-08-19,Financial Modeling Assessment,6
61901199,social media,marketing,registration,Complex,6,2025-04-15,Social Media Registration,10
61901200,social media,marketing,assessment,Complex,6,2025-03-28,Social Media Assessment,8
61901201,web development,it,registration,Simple,5,2025-03-01,Web Development Registration,7
61901202,financial modeling,economics,survey,Simple,6,2025-09-23,Financial Modeling Survey,9
61901203,content marketing,marketing,survey,Moderate,6,2025-08-26,Content Marketing Survey,5
61901204,social media,marketing,registration,Simple,12,2025-04-13,Social Media Registration,5
61901205,portfolio management,economics,application,Moderate,9,2025-04-20,Portfolio Management Application,9
61901206,portfolio management,economics,survey,Simple,11,2025-10-16,Portfolio Management Survey,7
61901207,portfolio management,economics,registration,Complex,13,2025-06-16,Portfolio Management Registration,5
61901208,social media,marketing,application,Simple,15,2025-04-28,Social Media Application,10
61901209,cloud computing,it,application,Simple,6,2025-07-04,Cloud Computing Application,9
61901210,market analysis,economics,registration,Complex,12,2025-01-19,Market Analysis Registration,7
61901211,portfolio management,economics,registration,Simple,15,2025-02-11,Portfolio Management Registration,3
61901212,cloud computing,it,application,Complex,15,2025-04-03,Cloud Computing Application,10
61901213,portfolio management,economics,application,Moderate,7,2025-10-15,Portfolio Management Application,12
61901214,financial modeling,economics,assessment,Complex,7,2025-04-08,Financial Modeling Assessment,4
61901215,data science,it,assessment,Moderate,9,2025-06-03,Data Science Assessment,7
61901216,market analysis,economics,application,Complex,10,2025-04-16,Market Analysis Application,11
61901217,data science,it,survey,Complex,13,2024-12-14,Data Science Survey,8
61901218,social media,marketing,survey,Complex,15,2025-04-23,Social Media Survey,4
61901219,brand management,marketing,survey,Complex,12,2025-03-05,Brand Management Survey,10
61901220,portfolio management,economics,application,Moderate,12,2025-06-25,Portfolio Management Application,3
61901221,social media,marketing,registration,Simple,13,2025-02-02,Social Media Registration,11
61901222,portfolio management,economics,survey,Moderate,6,2025-03-15,Portfolio Management Survey,3
61901223,cloud computing,it,assessment,Simple,6,2024-12-08,Cloud Computing Assessment,10
61901224,market analysis,economics,survey,Moderate,6,2025-03-18,Market Analysis Survey,9
61901225,cybersecurity,it,registration,Simple,8,2024-12-12,Cybersecurity Registration,3
61901226,brand management,marketing,survey,Simple,6,2024-12-17,Brand Management Survey,12
61901227,data science,it,registration,Simple,10,2024-12-02,Data Science Registration,8
61901228,web development,it,registration,Moderate,12,2025-05-10,Web Development Registration,3
61901229,machine learning,it,survey,Moderate,7,2025-06-25,Machine Learning Survey,5
61901230,market analysis,economics,assessment,Simple,13,2025-04-04,Market Analysis Assessment,5
61901231,machine learning,it,registration,Complex,5,2025-04-15,Machine Learning Registration,8
61901232,digital marketing,marketing,application,Complex,6,2025-01-25,Digital Marketing Application,4
61901233,market analysis,economics,application,Moderate,13,2025-07-17,Market Analysis Application,7
61901234,content marketing,marketing,assessment,Simple,6,2025-05-21,Content Marketing Assessment,11
61901235,web development,it,assessment,Simple,13,2025-02-02,Web Development Assessment,12
61901236,content marketing,marketing,application,Complex,6,2025-06-11,Content Marketing Application,7
61901237,market analysis,economics,registration,Simple,5,2025-07-05,Market Analysis Registration,3
61901238,portfolio management,economics,application,Moderate,5,2025-10-18,Portfolio Management Application,9
61901239,web development,it,assessment,Complex,9,2024-12-19,Web Development Assessment,7
61901240,data science,it,assessment,Simple,5,2025-03-20,Data Science Assessment,8
61901241,financial modeling,economics,survey,Simple,9,2025-10-20,Financial Modeling Survey,4
61901242,data science,it,application,Moderate,11,2025-10-05,Data Science Application,8
61901243,market analysis,economics,application,Simple,8,2025-05-05,Market Analysis Application,12
61901244,financial modeling,economics,registration,Complex,13,2025-08-25,Financial Modeling Registration,11
61901245,market analysis,economics,assessment,Simple,13,2024-11-20,Market Analysis Assessment,8
61901246,portfolio management,economics,survey,Simple,10,2025-08-09,Portfolio Management Survey,7
61901247,financial modeling,economics,assessment,Complex,10,2024-11-09,Financial Modeling Assessment,9
61901248,brand management,marketing,registration,Complex,6,2025-01-10,Brand Management Registration,5
61901249,digital marketing,marketing,application,Simple,7,2025-06-30,Digital Marketing Application,5
61901250,brand management,marketing,registration,Moderate,15,2025-05-23,Brand Management Registration,12
61901251,data science,it,survey,Complex,11,2025-01-09,Data Science Survey,12
61901252,content marketing,marketing,registration,Moderate,13,2025-08-24,Content Marketing Registration,3
61901253,social media,marketing,survey,Moderate,14,2025-09-25,Social Media Survey,6
61901254,data science,it,assessment,Complex,6,2025-09-26,Data Science Assessment,6
61901255,brand management,marketing,assessment,Complex,10,2025-04-10,Brand Management Assessment,7
61901256,machine learning,it,survey,Moderate,6,2025-05-17,Machine Learning Survey,8
61901257,market analysis,economics,registration,Simple,15,2025-05-03,Market Analysis Registration,8
61901258,portfolio management,economics,application,Moderate,6,2025-05-26,Portfolio Management Application,6
61901259,portfolio management,economics,survey,Moderate,11,2025-07-15,Portfolio Management Survey,6
61901260,financial modeling,economics,registration,Simple,8,2025-03-15,Financial Modeling Registration,12
61901261,content marketing,marketing,survey,Complex,9,2025-06-19,Content Marketing Survey,3
61901262,machine learning,it,assessment,Simple,5,2025-06-24,Machine Learning Assessment,9
61901263,financial modeling,economics,survey,Complex,12,2025-09-08,Financial Modeling Survey,3
61901264,financial modeling,economics,application,Moderate,9,2025-06-23,Financial Modeling Application,11
61901265,social media,marketing,registration,Moderate,6,2025-05-30,Social Media Registration,4
61901266,social media,marketing,application,Moderate,8,2025-10-24,Social Media Application,8
61901267,market analysis,economics,assessment,Simple,11,2024-12-08,Market Analysis Assessment,6
61901268,machine learning,it,application,Complex,9,2025-06-21,Machine Learning Application,4
61901269,data science,it,survey,Moderate,8,2024-12-04,Data Science Survey,3
61901270,machine learning,it,registration,Moderate,11,2025-01-31,Machine Learning Registration,11
61901271,web development,it,application,Simple,10,2025-01-11,Web Development Application,8
61901272,financial modeling,economics,application,Complex,11,2025-08-10,Financial Modeling Application,7
61901273,cloud computing,it,survey,Complex,9,2024-11-02,Cloud Computing Survey,8
61901274,cloud computing,it,survey,Moderate,9,2025-01-18,Cloud Computing Survey,9
61901275,web development,it,assessment,Complex,13,2025-10-20,Web Development Assessment,11
61901276,market analysis,economics,registration,Simple,12,2025-03-20,Market Analysis Registration,8
61901277,machine learning,it,registration,Moderate,8,2025-08-27,Machine Learning Registration,8
61901278,data science,it,registration,Moderate,5,2025-09-04,Data Science Registration,5
61901279,market analysis,economics,application,Simple,7,2025-07-07,Market Analysis Application,3
61901280,financial modeling,economics,survey,Simple,5,2025-10-10,Financial Modeling Survey,10
61901281,portfolio management,economics,survey,Simple,11,2025-09-28,Portfolio Management Survey,7
61901282,brand management,marketing,survey,Moderate,6,2025-07-12,Brand Management Survey,10
61901283,portfolio management,economics,application,Complex,5,2025-07-06,Portfolio Management Application,9
61901284,data science,it,assessment,Complex,7,2025-02-24,Data Science Assessment,7
61901285,market analysis,economics,assessment,Simple,8,2024-11-13,Market Analysis Assessment,10
61901286,social media,marketing,application,Complex,11,2025-03-05,Social Media Application,12
61901287,web development,it,registration,Moderate,7,2025-05-08,Web Development Registration,7
61901288,web development,it,assessment,Moderate,5,2025-03-29,Web Development Assessment,9
61901289,digital marketing,marketing,survey,Simple,7,2025-06-25,Digital Marketing Survey,4
61901290,financial modeling,economics,survey,Moderate,15,2025-03-14,Financial Modeling Survey,11
61901291,cloud computing,it,application,Moderate,5,2025-03-24,Cloud Computing Application,5
61901292,financial modeling,economics,survey,Simple,6,2025-07-06,Financial Modeling Survey,10
61901293,cybersecurity,it,registration,Complex,13,2025-01-12,Cybersecurity Registration,3
61901294,web development,it,survey,Simple,15,2025-01-31,Web Development Survey,5
61901295,social media,marketing,registration,Moderate,7,2024-11-03,Social Media Registration,6
61901296,social media,marketing,registration,Moderate,8,2025-10-02,Social Media Registration,8
61901297,investment planning,economics,assessment,Complex,7,2025-07-03,Investment Planning Assessment,6
61901298,content marketing,marketing,assessment,Complex,7,2025-01-09,Content Marketing Assessment,12
61901299,market analysis,economics,survey,Moderate,10,2025-09-28,Market Analysis Survey,11
61901300,cloud computing,it,registration,Moderate,5,2025-07-12,Cloud Computing Registration,10
61901301,digital marketing,marketing,registration,Complex,6,2025-09-20,Digital Marketing Registration,5
61901302,web development,it,registration,Simple,10,2025-02-19,Web Development Registration,12
61901303,social media,marketing,application,Complex,14,2025-01-28,Social Media Application,11
61901304,investment planning,economics,assessment,Simple,15,2025-03-28,Investment Planning Assessment,4
61901305,investment planning,economics,registration,Moderate,14,2024-11-24,Investment Planning Registration,12
61901306,market analysis,economics,survey,Moderate,5,2025-10-01,Market Analysis Survey,11
61901307,financial modeling,economics,registration,Simple,5,2025-08-30,Financial Modeling Registration,11
61901308,social media,marketing,application,Complex,9,2025-02-04,Social Media Application,7
61901309,digital marketing,marketing,assessment,Simple,14,2025-09-01,Digital Marketing Assessment,3
61901310,content marketing,marketing,application,Complex,12,2025-09-28,Content Marketing Application,6
61901311,content marketing,marketing,application,Moderate,7,2025-06-23,Content Marketing Application,12
61901312,financial modeling,economics,survey,Moderate,14,2024-12-06,Financial Modeling Survey,7
61901313,web development,it,application,Complex,9,2025-03-18,Web Development Application,10
61901314,investment planning,economics,survey,Complex,5,2024-11-13,Investment Planning Survey,9
61901315,brand management,marketing,application,Complex,8,2025-04-19,Brand Management Application,6
61901316,cybersecurity,it,application,Simple,9,2024-12-08,Cybersecurity Application,4
61901317,financial modeling,economics,assessment,Complex,15,2025-10-15,Financial Modeling Assessment,11
61901318,financial modeling,economics,registration,Complex,15,2025-02-19,Financial Modeling Registration,9
61901319,market analysis,economics,registration,Complex,10,2025-08-09,Market Analysis Registration,8
61901320,social media,marketing,survey,Moderate,7,2025-08-24,Social Media Survey,9
61901321,digital marketing,marketing,registration,Moderate,11,2025-04-22,Digital Marketing Registration,12
61901322,market analysis,economics,application,Moderate,8,2025-10-01,Market Analysis Application,10
61901323,machine learning,it,application,Simple,14,2025-01-02,Machine Learning Application,8
61901324,brand management,marketing,survey,Moderate,9,2025-07-20,Brand Management Survey,9
61901325,portfolio management,economics,survey,Moderate,9,2024-12-14,Portfolio Management Survey,5
61901326,machine learning,it,registration,Moderate,11,2025-01-03,Machine Learning Registration,3
61901327,financial modeling,economics,survey,Moderate,12,2025-05-03,Financial Modeling Survey,12
61901328,cybersecurity,it,survey,Moderate,13,2025-05-04,Cybersecurity Survey,7
61901329,social media,marketing,assessment,Complex,13,2024-12-28,Social Media Assessment,7
61901330,market analysis,economics,assessment,Complex,13,2025-09-06,Market Analysis Assessment,5
61901331,investment planning,economics,registration,Moderate,15,2025-09-03,Investment Planning Registration,10
61901332,digital marketing,marketing,assessment,Complex,13,2025-04-07,Digital Marketing Assessment,3
61901333,financial modeling,economics,assessment,Moderate,9,2025-10-12,Financial Modeling Assessment,12
61901334,web development,it,survey,Simple,13,2025-07-16,Web Development Survey,9
61901335,social media,marketing,assessment,Complex,8,2025-05-03,Social Media Assessment,8
61901336,digital marketing,marketing,application,Complex,13,2025-04-11,Digital Marketing Application,3
61901337,investment planning,economics,assessment,Moderate,14,2025-06-10,Investment Planning Assessment,3
61901338,financial modeling,economics,application,Complex,14,2025-03-24,Financial Modeling Application,7
61901339,data science,it,survey,Simple,8,2024-11-28,Data Science Survey,12
61901340,cloud computing,it,application,Simple,11,2025-10-04,Cloud Computing Application,6
61901341,data science,it,application,Moderate,13,2024-11-02,Data Science Application,3
61901342,market analysis,economics,assessment,Simple,10,2024-11-22,Market Analysis Assessment,7
61901343,content marketing,marketing,survey,Complex,7,2025-10-05,Content Marketing Survey,12
61901344,brand management,marketing,survey,Complex,9,2025-05-31,Brand Management Survey,9
61901345,market analysis,economics,assessment,Complex,15,2025-04-10,Market Analysis Assessment,7
61901346,portfolio management,economics,registration,Moderate,11,2025-10-09,Portfolio Management Registration,6
61901347,portfolio management,economics,application,Moderate,10,2025-09-09,Portfolio Management Application,11
61901348,financial modeling,economics,assessment,Simple,8,2025-10-09,Financial Modeling Assessment,6
61901349,portfolio management,economics,registration,Simple,5,2025-03-19,Portfolio Management Registration,12
61901350,data science,it,assessment,Complex,8,2025-09-05,Data Science Assessment,6
61901351,social media,marketing,application,Complex,5,2024-11-24,Social Media Application,11
61901352,content marketing,marketing,application,Moderate,11,2025-06-04,Content Marketing Application,11
61901353,cybersecurity,it,application,Moderate,14,2025-04-28,Cybersecurity Application,4
61901354,portfolio management,economics,assessment,Moderate,5,2025-01-13,Portfolio Management Assessment,11
61901355,digital marketing,marketing,registration,Complex,6,2024-11-08,Digital Marketing Registration,3
61901356,data science,it,assessment,Moderate,6,2025-02-05,Data Science Assessment,8
61901357,social media,marketing,survey,Simple,6,2025-04-09,Social Media Survey,11
61901358,investment planning,economics,survey,Simple,12,2024-10-25,Investment Planning Survey,5
61901359,content marketing,marketing,application,Complex,11,2025-06-18,Content Marketing Application,9
61901360,financial modeling,economics,registration,Moderate,7,2025-04-02,Financial Modeling Registration,7
61901361,market analysis,economics,application,Simple,12,2025-09-10,Market Analysis Application,9
61901362,portfolio management,economics,application,Moderate,5,2025-01-11,Portfolio Management Application,4
61901363,content marketing,marketing,registration,Simple,7,2025-05-03,Content Marketing Registration,8
61901364,web development,it,survey,Complex,13,2024-12-28,Web Development Survey,4
61901365,cybersecurity,it,assessment,Simple,12,2025-10-19,Cybersecurity Assessment,10
61901366,social media,marketing,registration,Simple,14,2025-08-14,Social Media Registration,4
61901367,investment planning,economics,registration,Complex,10,2025-08-25,Investment Planning Registration,9
61901368,portfolio management,economics,application,Complex,7,2025-03-09,Portfolio Management Application,6
61901369,content marketing,marketing,application,Complex,13,2024-12-14,Content Marketing Application,12
61901370,content marketing,marketing,assessment,Moderate,12,2025-04-21,Content Marketing Assessment,5
61901371,cloud computing,it,registration,Moderate,9,2025-05-20,Cloud Computing Registration,4
61901372,portfolio management,economics,assessment,Complex,6,2025-07-25,Portfolio Management Assessment,10
61901373,market analysis,economics,registration,Simple,15,2024-11-08,Market Analysis Registration,3
61901374,financial modeling,economics,registration,Simple,7,2025-06-16,Financial Modeling Registration,8
61901375,market analysis,economics,registration,Moderate,13,2024-12-05,Market Analysis Registration,10
61901376,investment planning,economics,application,Simple,12,2025-04-02,Investment Planning Application,11
61901377,content marketing,marketing,registration,Complex,7,2025-09-01,Content Marketing Registration,11
61901378,social media,marketing,survey,Moderate,11,2024-11-30,Social Media Survey,8
61901379,machine learning,it,registration,Complex,6,2025-08-08,Machine Learning Registration,5
61901380,digital marketing,marketing,assessment,Complex,7,2025-05-08,Digital Marketing Assessment,10
61901381,social media,marketing,assessment,Simple,15,2025-08-21,Social Media Assessment,8
61901382,market analysis,economics,survey,Moderate,14,2024-12-26,Market Analysis Survey,7
61901383,financial modeling,economics,survey,Moderate,8,2024-12-31,Financial Modeling Survey,7
61901384,market analysis,economics,application,Moderate,10,2025-04-13,Market Analysis Application,12
61901385,portfolio management,economics,assessment,Simple,12,2025-01-05,Portfolio Management Assessment,3
61901386,content marketing,marketing,registration,Moderate,9,2024-10-30,Content Marketing Registration,5
61901387,market analysis,economics,application,Complex,13,2025-01-07,Market Analysis Application,7
61901388,content marketing,marketing,registration,Complex,10,2025-08-27,Content Marketing Registration,8
61901389,digital marketing,marketing,application,Simple,13,2025-06-29,Digital Marketing Application,4
61901390,web development,it,registration,Simple,7,2025-04-16,Web Development Registration,5
61901391,cloud computing,it,assessment,Moderate,10,2025-09-24,Cloud Computing Assessment,12
61901392,machine learning,it,assessment,Complex,14,2025-02-17,Machine Learning Assessment,7
61901393,portfolio management,economics,registration,Moderate,5,2025-06-16,Portfolio Management Registration,5
61901394,market analysis,economics,survey,Complex,11,2025-04-30,Market Analysis Survey,3
61901395,machine learning,it,survey,Moderate,13,2025-03-30,Machine Learning Survey,5
61901396,portfolio management,economics,registration,Complex,14,2025-06-17,Portfolio Management Registration,8
61901397,social media,marketing,application,Complex,6,2025-01-30,Social Media Application,9
61901398,cybersecurity,it,assessment,Simple,11,2025-09-03,Cybersecurity Assessment,5
61901399,web development,it,application,Moderate,8,2024-12-19,Web Development Application,4
61901400,web development,it,application,Moderate,12,2025-04-04,Web Development Application,4
61901401,cybersecurity,it,registration,Moderate,15,2025-09-19,Cybersecurity Registration,5
61901402,social media,marketing,survey,Moderate,14,2024-11-23,Social Media Survey,11
61901403,portfolio management,economics,registration,Complex,10,2025-05-04,Portfolio Management Registration,5
61901404,portfolio management,economics,application,Moderate,8,2025-04-09,Portfolio Management Application,8
61901405,investment planning,economics,application,Moderate,14,2025-01-21,Investment Planning Application,6
61901406,market analysis,economics,registration,Simple,14,2025-07-18,Market Analysis Registration,6
61901407,web development,it,registration,Complex,11,2025-02-22,Web Development Registration,3
61901408,machine learning,it,assessment,Complex,6,2024-12-01,Machine Learning Assessment,7
61901409,investment planning,economics,application,Moderate,9,2025-08-08,Investment Planning Application,6
61901410,brand management,marketing,registration,Moderate,10,2025-05-14,Brand Management Registration,7
61901411,web development,it,registration,Complex,14,2024-12-05,Web Development Registration,3
61901412,machine learning,it,application,Moderate,14,2024-12-19,Machine Learning Application,6
61901413,content marketing,marketing,assessment,Simple,9,2025-02-04,Content Marketing Assessment,10
61901414,social media,marketing,registration,Simple,5,2025-10-16,Social Media Registration,5
61901415,financial modeling,economics,survey,Simple,9,2024-12-06,Financial Modeling Survey,3
61901416,content marketing,marketing,registration,Complex,7,2025-10-09,Content Marketing Registration,10
61901417,content marketing,marketing,application,Simple,9,2025-05-21,Content Marketing Application,4
61901418,cybersecurity,it,assessment,Simple,15,2025-08-12,Cybersecurity Assessment,5
61901419,digital marketing,marketing,survey,Simple,14,2025-02-27,Digital Marketing Survey,7
61901420,web development,it,assessment,Simple,12,2025-04-17,Web Development Assessment,9
61901421,financial modeling,economics,application,Complex,6,2025-05-18,Financial Modeling Application,7
61901422,financial modeling,economics,registration,Complex,9,2025-03-17,Financial Modeling Registration,4
61901423,social media,marketing,registration,Complex,6,2025-08-17,Social Media Registration,6
61901424,content marketing,marketing,assessment,Simple,6,2025-09-24,Content Marketing Assessment,9
61901425,portfolio management,economics,survey,Complex,13,2025-01-11,Portfolio Management Survey,10
61901426,social media,marketing,assessment,Complex,5,2025-06-26,Social Media Assessment,10
61901427,social media,marketing,application,Simple,5,2025-07-30,Social Media Application,3
61901428,cybersecurity,it,survey,Complex,13,2025-06-20,Cybersecurity Survey,11
61901429,investment planning,economics,assessment,Simple,10,2025-06-01,Investment Planning Assessment,12
61901430,social media,marketing,survey,Simple,13,2025-09-07,Social Media Survey,7
61901431,investment planning,economics,survey,Simple,10,2025-01-03,Investment Planning Survey,10
61901432,portfolio management,economics,registration,Complex,13,2025-06-12,Portfolio Management Registration,11
61901433,machine learning,it,survey,Simple,8,2024-12-27,Machine Learning Survey,6
61901434,social media,marketing,registration,Moderate,10,2025-08-04,Social Media Registration,11
61901435,financial modeling,economics,survey,Simple,7,2024-12-15,Financial Modeling Survey,3
61901436,cybersecurity,it,registration,Simple,6,2025-05-04,Cybersecurity Registration,3
61901437,machine learning,it,assessment,Moderate,13,2025-04-08,Machine Learning Assessment,12
61901438,investment planning,economics,registration,Moderate,15,2025-04-21,Investment Planning Registration,12
61901439,social media,marketing,survey,Simple,12,2025-01-22,Social Media Survey,11
61901440,web development,it,registration,Complex,7,2025-03-15,Web Development Registration,4
61901441,machine learning,it,application,Simple,15,2024-10-28,Machine Learning Application,9
61901442,market analysis,economics,survey,Complex,7,2024-12-07,Market Analysis Survey,11
61901443,market analysis,economics,survey,Simple,7,2025-10-02,Market Analysis Survey,7
61901444,web development,it,assessment,Simple,10,2025-06-24,Web Development Assessment,3
61901445,market analysis,economics,application,Simple,8,2025-07-23,Market Analysis Application,12
61901446,portfolio management,economics,assessment,Complex,13,2024-10-25,Portfolio Management Assessment,7
61901447,cloud computing,it,registration,Complex,9,2024-12-18,Cloud Computing Registration,8
61901448,investment planning,economics,registration,Complex,9,2025-05-29,Investment Planning Registration,7
61901449,financial modeling,economics,assessment,Complex,7,2025-04-03,Financial Modeling Assessment,9
61901450,web development,it,assessment,Simple,7,2025-02-18,Web Development Assessment,10
61901451,financial modeling,economics,registration,Moderate,11,2025-04-10,Financial Modeling Registration,6
61901452,investment planning,economics,registration,Simple,6,2025-05-01,Investment Planning Registration,10
61901453,machine learning,it,application,Simple,11,2025-07-18,Machine Learning Application,12
61901454,investment planning,economics,registration,Simple,13,2025-09-11,Investment Planning Registration,3
61901455,brand management,marketing,registration,Complex,14,2025-01-18,Brand Management Registration,12
61901456,cybersecurity,it,assessment,Complex,12,2025-03-27,Cybersecurity Assessment,6
61901457,machine learning,it,survey,Complex,13,2025-04-02,Machine Learning Survey,11
61901458,portfolio management,economics,survey,Simple,14,2024-12-22,Portfolio Management Survey,7
61901459,content marketing,marketing,application,Simple,6,2025-03-28,Content Marketing Application,9
61901460,cloud computing,it,application,Moderate,10,2025-10-15,Cloud Computing Application,11
61901461,brand management,marketing,application,Simple,6,2025-10-19,Brand Management Application,6
61901462,market analysis,economics,assessment,Moderate,6,2025-03-24,Market Analysis Assessment,6
61901463,cybersecurity,it,application,Moderate,15,2025-02-21,Cybersecurity Application,8
61901464,data science,it,application,Moderate,9,2025-01-18,Data Science Application,7
61901465,brand management,marketing,assessment,Simple,5,2025-07-17,Brand Management Assessment,6
61901466,market analysis,economics,registration,Moderate,13,2025-03-31,Market Analysis Registration,11
61901467,investment planning,economics,registration,Complex,7,2025-02-25,Investment Planning Registration,6
61901468,social media,marketing,registration,Complex,13,2025-10-19,Social Media Registration,9
61901469,portfolio management,economics,assessment,Moderate,9,2025-03-12,Portfolio Management Assessment,8
61901470,digital marketing,marketing,assessment,Moderate,9,2025-06-13,Digital Marketing Assessment,9
61901471,investment planning,economics,registration,Simple,12,2025-01-18,Investment Planning Registration,10
61901472,market analysis,economics,application,Simple,5,2025-08-14,Market Analysis Application,12
61901473,market analysis,economics,application,Simple,13,2025-05-22,Market Analysis Application,8
61901474,market analysis,economics,registration,Simple,14,2025-03-13,Market Analysis Registration,3
61901475,cybersecurity,it,application,Complex,12,2025-01-12,Cybersecurity Application,5
61901476,investment planning,economics,assessment,Complex,8,2025-05-28,Investment Planning Assessment,5
61901477,digital marketing,marketing,survey,Moderate,14,2025-01-19,Digital Marketing Survey,11
61901478,investment planning,economics,application,Simple,8,2025-01-05,Investment Planning Application,5
61901479,financial modeling,economics,application,Moderate,6,2025-10-08,Financial Modeling Application,12
61901480,cloud computing,it,survey,Moderate,7,2025-05-27,Cloud Computing Survey,11
61901481,digital marketing,marketing,assessment,Simple,7,2024-11-09,Digital Marketing Assessment,3
61901482,cybersecurity,it,survey,Moderate,13,2025-05-16,Cybersecurity Survey,10
61901483,content marketing,marketing,assessment,Moderate,11,2025-05-17,Content Marketing Assessment,12
61901484,cybersecurity,it,registration,Moderate,12,2025-06-21,Cybersecurity Registration,11
61901485,investment planning,economics,survey,Moderate,6,2025-10-13,Investment Planning Survey,11
61901486,brand management,marketing,application,Simple,6,2025-04-09,Brand Management Application,6
61901487,cloud computing,it,survey,Simple,9,2025-07-03,Cloud Computing Survey,8
61901488,web development,it,registration,Moderate,8,2025-08-13,Web Development Registration,7
61901489,machine learning,it,assessment,Simple,5,2025-06-23,Machine Learning Assessment,12
61901490,investment planning,economics,assessment,Moderate,5,2025-10-20,Investment Planning Assessment,8
61901491,machine learning,it,registration,Simple,7,2024-12-17,Machine Learning Registration,9
61901492,investment planning,economics,registration,Moderate,8,2025-01-28,Investment Planning Registration,5
61901493,data science,it,survey,Complex,9,2025-10-10,Data Science Survey,4
61901494,portfolio management,economics,registration,Simple,9,2025-04-14,Portfolio Management Registration,7
61901495,social media,marketing,survey,Simple,9,2025-03-22,Social Media Survey,7
61901496,data science,it,registration,Moderate,9,2025-01-05,Data Science Registration,7
61901497,web development,it,survey,Moderate,13,2025-06-02,Web Development Survey,3
61901498,social media,marketing,registration,Moderate,10,2024-11-14,Social Media Registration,10
61901499,web development,it,assessment,Complex,11,2024-11-03,Web Development Assessment,5
61901500,investment planning,economics,registration,Simple,10,2024-12-29,Investment Planning Registration,12
61901501,financial modeling,economics,registration,Moderate,6,2025-08-21,Financial Modeling Registration,7
61901502,machine learning,it,assessment,Simple,8,2024-10-27,Machine Learning Assessment,8
61901503,social media,marketing,registration,Simple,15,2025-09-01,Social Media Registration,12
61901504,financial modeling,economics,survey,Complex,10,2025-05-10,Financial Modeling Survey,3
61901505,brand management,marketing,assessment,Moderate,11,2025-09-04,Brand Management Assessment,8
61901506,portfolio management,economics,application,Simple,6,2025-07-25,Portfolio Management Application,7
61901507,cloud computing,it,survey,Simple,8,2025-05-11,Cloud Computing Survey,7
61901508,data science,it,survey,Moderate,12,2024-11-19,Data Science Survey,4
61901509,portfolio management,economics,registration,Simple,13,2025-07-26,Portfolio Management Registration,5
61901510,social media,marketing,assessment,Simple,11,2025-01-21,Social Media Assessment,7
61901511,web development,it,application,Simple,14,2025-05-16,Web Development Application,12
61901512,cybersecurity,it,registration,Simple,13,2025-01-16,Cybersecurity Registration,11
61901513,cybersecurity,it,assessment,Simple,12,2025-04-19,Cybersecurity Assessment,6
61901514,data science,it,registration,Simple,7,2025-06-10,Data Science Registration,7
61901515,cybersecurity,it,application,Complex,8,2025-07-25,Cybersecurity Application,12
61901516,investment planning,economics,registration,Moderate,5,2025-08-21,Investment Planning Registration,3
61901517,cybersecurity,it,assessment,Complex,14,2025-09-27,Cybersecurity Assessment,8
61901518,financial modeling,economics,assessment,Simple,10,2025-09-05,Financial Modeling Assessment,10
61901519,brand management,marketing,application,Complex,6,2025-09-03,Brand Management Application,9
61901520,financial modeling,economics,registration,Simple,6,2025-04-06,Financial Modeling Registration,10
61901521,digital marketing,marketing,survey,Moderate,7,2025-04-05,Digital Marketing Survey,10
61901522,investment planning,economics,registration,Complex,15,2025-07-11,Investment Planning Registration,4
61901523,data science,it,application,Complex,10,2025-09-08,Data Science Application,6
61901524,machine learning,it,assessment,Moderate,8,2025-03-28,Machine Learning Assessment,7
61901525,market analysis,economics,application,Moderate,5,2024-11-19,Market Analysis Application,8
61901526,market analysis,economics,survey,Complex,6,2025-04-13,Market Analysis Survey,8
61901527,social media,marketing,registration,Simple,11,2025-09-09,Social Media Registration,12
61901528,investment planning,economics,application,Complex,15,2025-06-09,Investment Planning Application,10
61901529,social media,marketing,assessment,Complex,12,2025-08-17,Social Media Assessment,9
61901530,cybersecurity,it,survey,Simple,13,2025-10-04,Cybersecurity Survey,9
61901531,investment planning,economics,application,Complex,5,2025-02-07,Investment Planning Application,7
61901532,cloud computing,it,registration,Moderate,5,2025-03-22,Cloud Computing Registration,12
61901533,financial modeling,economics,application,Simple,8,2025-08-28,Financial Modeling Application,7
61901534,cybersecurity,it,survey,Moderate,9,2025-04-08,Cybersecurity Survey,4
61901535,machine learning,it,assessment,Simple,12,2025-09-25,Machine Learning Assessment,12
61901536,content marketing,marketing,survey,Complex,14,2025-03-05,Content Marketing Survey,7
61901537,portfolio management,economics,assessment,Complex,14,2025-01-26,Portfolio Management Assessment,11
61901538,content marketing,marketing,registration,Complex,9,2025-04-25,Content Marketing Registration,4
61901539,portfolio management,economics,survey,Complex,11,2025-04-26,Portfolio Management Survey,3
61901540,social media,marketing,registration,Moderate,15,2025-05-15,Social Media Registration,12
61901541,web development,it,assessment,Moderate,14,2025-01-31,Web Development Assessment,12
61901542,investment planning,economics,survey,Simple,7,2025-07-23,Investment Planning Survey,3
61901543,cybersecurity,it,application,Moderate,12,2025-08-26,Cybersecurity Application,9
61901544,financial modeling,economics,registration,Complex,6,2025-08-30,Financial Modeling Registration,7
61901545,market analysis,economics,registration,Simple,9,2024-12-08,Market Analysis Registration,10
61901546,social media,marketing,assessment,Simple,10,2025-01-09,Social Media Assessment,12
61901547,digital marketing,marketing,survey,Moderate,14,2025-02-14,Digital Marketing Survey,10
61901548,cloud computing,it,registration,Moderate,10,2025-09-22,Cloud Computing Registration,6
61901549,social media,marketing,assessment,Simple,5,2024-12-01,Social Media Assessment,12
61901550,digital marketing,marketing,survey,Moderate,5,2025-04-01,Digital Marketing Survey,4
61901551,brand management,marketing,application,Moderate,14,2025-08-11,Brand Management Application,9
61901552,machine learning,it,assessment,Complex,6,2025-09-12,Machine Learning Assessment,10
61901553,portfolio management,economics,registration,Complex,15,2025-10-05,Portfolio Management Registration,6
61901554,brand management,marketing,registration,Complex,6,2025-06-29,Brand Management Registration,4
61901555,cybersecurity,it,assessment,Moderate,13,2025-01-03,Cybersecurity Assessment,3
61901556,web development,it,application,Moderate,15,2025-01-16,Web Development Application,4
61901557,digital marketing,marketing,application,Moderate,7,2025-02-22,Digital Marketing Application,8
61901558,digital marketing,marketing,registration,Complex,9,2025-06-20,Digital Marketing Registration,11
61901559,market analysis,economics,survey,Complex,9,2024-11-25,Market Analysis Survey,3
61901560,portfolio management,economics,assessment,Complex,7,2025-08-13,Portfolio Management Assessment,3
61901561,brand management,marketing,assessment,Simple,13,2025-08-24,Brand Management Assessment,11
61901562,data science,it,application,Moderate,7,2025-03-31,Data Science Application,10
61901563,investment planning,economics,registration,Simple,10,2025-09-01,Investment Planning Registration,9
61901564,content marketing,marketing,survey,Simple,5,2024-12-23,Content Marketing Survey,12
61901565,portfolio management,economics,registration,Moderate,8,2024-12-11,Portfolio Management Registration,6
61901566,market analysis,economics,registration,Moderate,14,2025-08-09,Market Analysis Registration,9
61901567,portfolio management,economics,registration,Complex,14,2025-03-08,Portfolio Management Registration,8
61901568,market analysis,economics,survey,Moderate,6,2025-07-28,Market Analysis Survey,11
61901569,financial modeling,economics,assessment,Moderate,15,2025-07-23,Financial Modeling Assessment,8
61901570,social media,marketing,survey,Simple,8,2024-12-26,Social Media Survey,5
61901571,content marketing,marketing,assessment,Moderate,8,2025-02-14,Content Marketing Assessment,5
61901572,web development,it,registration,Moderate,7,2025-04-08,Web Development Registration,11
61901573,social media,marketing,application,Simple,5,2025-05-05,Social Media Application,11
61901574,social media,marketing,registration,Simple,14,2025-06-22,Social Media Registration,9
61901575,brand management,marketing,registration,Simple,6,2025-02-02,Brand Management Registration,7
61901576,cybersecurity,it,application,Simple,13,2024-12-20,Cybersecurity Application,9
61901577,market analysis,economics,assessment,Moderate,15,2025-10-19,Market Analysis Assessment,7
61901578,market analysis,economics,application,Moderate,13,2025-07-25,Market Analysis Application,10
61901579,cybersecurity,it,application,Moderate,9,2025-10-08,Cybersecurity Application,5
61901580,social media,marketing,assessment,Complex,7,2025-06-26,Social Media Assessment,11
61901581,financial modeling,economics,assessment,Moderate,7,2025-07-22,Financial Modeling Assessment,5
61901582,content marketing,marketing,assessment,Simple,14,2024-12-21,Content Marketing Assessment,4
61901583,brand management,marketing,assessment,Simple,7,2025-05-25,Brand Management Assessment,12
61901584,web development,it,registration,Simple,11,2024-10-25,Web Development Registration,5
61901585,machine learning,it,survey,Complex,6,2025-01-17,Machine Learning Survey,7
61901586,brand management,marketing,survey,Complex,6,2024-11-08,Brand Management Survey,6
61901587,investment planning,economics,survey,Moderate,14,2025-08-29,Investment Planning Survey,10
61901588,content marketing,marketing,registration,Simple,7,2024-11-17,Content Marketing Registration,6
61901589,content marketing,marketing,application,Moderate,9,2025-04-16,Content Marketing Application,5
61901590,financial modeling,economics,application,Moderate,10,2025-07-30,Financial Modeling Application,9
61901591,brand management,marketing,assessment,Simple,14,2025-03-19,Brand Management Assessment,5
61901592,machine learning,it,assessment,Complex,5,2025-07-04,Machine Learning Assessment,4
61901593,investment planning,economics,assessment,Moderate,14,2025-10-19,Investment Planning Assessment,4
61901594,brand management,marketing,registration,Simple,14,2025-02-13,Brand Management Registration,7
61901595,cybersecurity,it,assessment,Simple,5,2025-08-11,Cybersecurity Assessment,12
61901596,data science,it,registration,Simple,15,2024-12-14,Data Science Registration,9
61901597,cybersecurity,it,registration,Complex,11,2025-10-19,Cybersecurity Registration,10
61901598,social media,marketing,registration,Simple,8,2025-09-03,Social Media Registration,3
61901599,financial modeling,economics,survey,Simple,8,2025-09-30,Financial Modeling Survey,4
61901600,financial modeling,economics,registration,Simple,8,2025-09-07,Financial Modeling Registration,12
61901601,financial modeling,economics,application,Complex,14,2024-12-27,Financial Modeling Application,12
61901602,portfolio management,economics,survey,Complex,8,2024-11-25,Portfolio Management Survey,5
61901603,investment planning,economics,assessment,Moderate,10,2025-08-18,Investment Planning Assessment,8
61901604,financial modeling,economics,application,Moderate,8,2025-02-19,Financial Modeling Application,10
61901605,digital marketing,marketing,survey,Simple,8,2025-02-20,Digital Marketing Survey,11
61901606,cloud computing,it,survey,Moderate,10,2025-09-12,Cloud Computing Survey,12
61901607,cybersecurity,it,survey,Moderate,11,2025-01-16,Cybersecurity Survey,8
61901608,financial modeling,economics,survey,Simple,5,2025-09-01,Financial Modeling Survey,10
61901609,financial modeling,economics,survey,Simple,12,2025-08-23,Financial Modeling Survey,12
61901610,data science,it,application,Simple,5,2025-07-01,Data Science Application,8
61901611,financial modeling,economics,assessment,Simple,15,2025-02-08,Financial Modeling Assessment,11
61901612,brand management,marketing,application,Moderate,14,2025-06-20,Brand Management Application,10
61901613,market analysis,economics,assessment,Simple,10,2025-02-26,Market Analysis Assessment,6
61901614,market analysis,economics,application,Moderate,5,2025-08-23,Market Analysis Application,11
61901615,content marketing,marketing,registration,Complex,14,2024-11-27,Content Marketing Registration,12
61901616,brand management,marketing,assessment,Moderate,6,2024-12-05,Brand Management Assessment,4
61901617,brand management,marketing,assessment,Complex,6,2025-07-02,Brand Management Assessment,4
61901618,cybersecurity,it,registration,Complex,5,2024-12-30,Cybersecurity Registration,5
61901619,investment planning,economics,registration,Simple,8,2025-09-25,Investment Planning Registration,6
61901620,web development,it,survey,Complex,15,2024-11-08,Web Development Survey,7
61901621,portfolio management,economics,registration,Complex,8,2025-07-30,Portfolio Management Registration,5
61901622,market analysis,economics,application,Complex,8,2024-11-24,Market Analysis Application,9
61901623,financial modeling,economics,survey,Simple,15,2025-01-27,Financial Modeling Survey,6
61901624,brand management,marketing,assessment,Moderate,11,2025-08-31,Brand Management Assessment,8
61901625,market analysis,economics,survey,Complex,12,2025-01-13,Market Analysis Survey,11
61901626,market analysis,economics,application,Simple,7,2025-07-18,Market Analysis Application,12
61901627,market analysis,economics,registration,Complex,12,2024-12-22,Market Analysis Registration,3
61901628,content marketing,marketing,assessment,Complex,15,2025-06-04,Content Marketing Assessment,3
61901629,content marketing,marketing,survey,Moderate,8,2025-04-12,Content Marketing Survey,11
61901630,web development,it,assessment,Complex,15,2025-01-23,Web Development Assessment,10
61901631,data science,it,registration,Complex,5,2025-06-11,Data Science Registration,8
61901632,brand management,marketing,survey,Complex,6,2024-12-21,Brand Management Survey,5
61901633,brand management,marketing,application,Complex,14,2024-11-23,Brand Management Application,3
61901634,social media,marketing,registration,Moderate,6,2025-09-14,Social Media Registration,7
61901635,content marketing,marketing,survey,Complex,6,2025-05-11,Content Marketing Survey,8
61901636,digital marketing,marketing,application,Moderate,12,2025-01-31,Digital Marketing Application,10
61901637,web development,it,application,Complex,7,2025-10-17,Web Development Application,10
61901638,market analysis,economics,application,Moderate,9,2025-06-09,Market Analysis Application,11
61901639,brand management,marketing,assessment,Moderate,9,2025-01-07,Brand Management Assessment,4
61901640,web development,it,application,Moderate,7,2024-12-27,Web Development Application,9
61901641,investment planning,economics,registration,Complex,15,2024-12-01,Investment Planning Registration,10
61901642,market analysis,economics,assessment,Moderate,7,2025-06-23,Market Analysis Assessment,10
61901643,social media,marketing,assessment,Moderate,14,2025-04-02,Social Media Assessment,7
61901644,financial modeling,economics,survey,Complex,15,2024-12-31,Financial Modeling Survey,6
61901645,cybersecurity,it,application,Complex,14,2024-10-31,Cybersecurity Application,7
61901646,content marketing,marketing,survey,Complex,6,2025-09-08,Content Marketing Survey,3
61901647,social media,marketing,application,Simple,9,2025-05-23,Social Media Application,5
61901648,data science,it,application,Simple,11,2025-04-13,Data Science Application,7
61901649,investment planning,economics,application,Complex,15,2025-06-07,Investment Planning Application,12
61901650,data science,it,assessment,Moderate,6,2024-11-28,Data Science Assessment,4
61901651,machine learning,it,survey,Complex,7,2025-03-28,Machine Learning Survey,3
61901652,market analysis,economics,assessment,Complex,9,2025-06-26,Market Analysis Assessment,7
61901653,market analysis,economics,assessment,Complex,9,2025-03-25,Market Analysis Assessment,10
61901654,digital marketing,marketing,survey,Simple,7,2025-07-27,Digital Marketing Survey,11
61901655,cybersecurity,it,application,Complex,15,2025-08-15,Cybersecurity Application,10
61901656,machine learning,it,survey,Moderate,14,2025-07-23,Machine Learning Survey,9
61901657,market analysis,economics,assessment,Moderate,15,2024-12-30,Market Analysis Assessment,10
61901658,brand management,marketing,application,Simple,14,2025-09-29,Brand Management Application,8
61901659,brand management,marketing,registration,Moderate,10,2025-04-06,Brand Management Registration,6
61901660,cybersecurity,it,registration,Moderate,12,2025-08-23,Cybersecurity Registration,5
61901661,brand management,marketing,application,Complex,13,2025-10-07,Brand Management Application,7
61901662,financial modeling,economics,registration,Complex,8,2025-09-13,Financial Modeling Registration,4
61901663,social media,marketing,assessment,Simple,8,2025-05-19,Social Media Assessment,4
61901664,financial modeling,economics,application,Complex,13,2025-05-11,Financial Modeling Application,7
61901665,web development,it,registration,Simple,10,2025-09-15,Web Development Registration,10
61901666,data science,it,application,Simple,6,2025-05-23,Data Science Application,10
61901667,web development,it,application,Moderate,13,2025-10-01,Web Development Application,4
61901668,market analysis,economics,survey,Moderate,7,2025-08-31,Market Analysis Survey,4
61901669,portfolio management,economics,assessment,Complex,7,2025-03-26,Portfolio Management Assessment,9
61901670,market analysis,economics,assessment,Moderate,7,2025-02-26,Market Analysis Assessment,5
61901671,digital marketing,marketing,assessment,Simple,13,2024-10-25,Digital Marketing Assessment,6
61901672,cybersecurity,it,application,Moderate,6,2025-03-09,Cybersecurity Application,6
61901673,content marketing,marketing,registration,Complex,8,2025-10-04,Content Marketing Registration,4
61901674,web development,it,application,Complex,11,2024-10-31,Web Development Application,4
61901675,financial modeling,economics,survey,Moderate,8,2025-05-28,Financial Modeling Survey,8
61901676,cloud computing,it,application,Simple,10,2025-06-12,Cloud Computing Application,9
61901677,cloud computing,it,application,Complex,9,2025-08-01,Cloud Computing Application,6
61901678,web development,it,survey,Complex,6,2025-01-10,Web Development Survey,5
61901679,portfolio management,economics,registration,Complex,15,2025-04-12,Portfolio Management Registration,11
61901680,portfolio management,economics,survey,Simple,5,2024-12-01,Portfolio Management Survey,9
61901681,social media,marketing,registration,Complex,15,2025-01-20,Social Media Registration,5
61901682,brand management,marketing,application,Simple,9,2025-05-20,Brand Management Application,3
61901683,content marketing,marketing,application,Complex,6,2025-09-23,Content Marketing Application,12
61901684,web development,it,application,Simple,15,2025-05-31,Web Development Application,11
61901685,content marketing,marketing,registration,Simple,8,2024-12-25,Content Marketing Registration,7
61901686,portfolio management,economics,registration,Moderate,10,2025-05-18,Portfolio Management Registration,6
61901687,cybersecurity,it,application,Simple,9,2025-10-17,Cybersecurity Application,11
61901688,investment planning,economics,application,Simple,12,2025-08-25,Investment Planning Application,6
61901689,cloud computing,it,application,Moderate,12,2025-01-30,Cloud Computing Application,7
61901690,web development,it,survey,Moderate,7,2025-02-11,Web Development Survey,8
61901691,portfolio management,economics,assessment,Simple,13,2025-05-06,Portfolio Management Assessment,3
61901692,investment planning,economics,application,Simple,5,2025-10-18,Investment Planning Application,3
61901693,investment planning,economics,registration,Moderate,14,2025-07-20,Investment Planning Registration,9
61901694,financial modeling,economics,assessment,Simple,12,2025-08-11,Financial Modeling Assessment,10
61901695,web development,it,application,Moderate,6,2025-06-19,Web Development Application,12
61901696,cybersecurity,it,registration,Moderate,11,2025-02-07,Cybersecurity Registration,4
61901697,cloud computing,it,survey,Complex,7,2024-11-01,Cloud Computing Survey,10
61901698,cybersecurity,it,application,Complex,11,2025-09-09,Cybersecurity Application,5
61901699,market analysis,economics,registration,Complex,10,2025-06-28,Market Analysis Registration,6
61901700,web development,it,assessment,Complex,6,2025-01-31,Web Development Assessment,11
61901701,cloud computing,it,registration,Complex,14,2025-06-05,Cloud Computing Registration,9
61901702,content marketing,marketing,registration,Simple,9,2024-12-26,Content Marketing Registration,12
61901703,cloud computing,it,survey,Simple,9,2025-07-12,Cloud Computing Survey,6
61901704,web development,it,application,Complex,9,2025-09-05,Web Development Application,9
61901705,content marketing,marketing,registration,Moderate,10,2025-07-06,Content Marketing Registration,8
61901706,digital marketing,marketing,survey,Simple,6,2025-01-20,Digital Marketing Survey,12
61901707,data science,it,registration,Complex,10,2025-06-16,Data Science Registration,7
61901708,cybersecurity,it,survey,Moderate,9,2025-10-05,Cybersecurity Survey,7
61901709,financial modeling,economics,registration,Simple,11,2025-03-24,Financial Modeling Registration,5
61901710,brand management,marketing,registration,Moderate,13,2025-10-04,Brand Management Registration,7
61901711,market analysis,economics,registration,Simple,14,2025-01-08,Market Analysis Registration,6
61901712,social media,marketing,registration,Complex,9,2025-07-09,Social Media Registration,11
61901713,machine learning,it,survey,Moderate,15,2025-07-27,Machine Learning Survey,3
61901714,digital marketing,marketing,survey,Simple,7,2024-12-21,Digital Marketing Survey,7
61901715,financial modeling,economics,registration,Moderate,5,2025-01-25,Financial Modeling Registration,10
61901716,investment planning,economics,application,Simple,5,2025-10-11,Investment Planning Application,5
61901717,cybersecurity,it,survey,Complex,9,2025-04-07,Cybersecurity Survey,6
61901718,market analysis,economics,survey,Complex,6,2025-06-01,Market Analysis Survey,6
61901719,portfolio management,economics,assessment,Simple,8,2025-06-27,Portfolio Management Assessment,4
61901720,machine learning,it,application,Moderate,7,2025-10-25,Machine Learning Application,6
61901721,cybersecurity,it,application,Moderate,14,2025-01-16,Cybersecurity Application,10
61901722,machine learning,it,survey,Simple,15,2025-06-17,Machine Learning Survey,7
61901723,financial modeling,economics,application,Moderate,8,2025-03-13,Financial Modeling Application,3
61901724,cybersecurity,it,application,Complex,7,2025-08-18,Cybersecurity Application,5
61901725,web development,it,application,Complex,6,2025-02-05,Web Development Application,6
61901726,content marketing,marketing,survey,Simple,9,2025-06-08,Content Marketing Survey,11
61901727,brand management,marketing,survey,Moderate,11,2025-09-30,Brand Management Survey,6
61901728,content marketing,marketing,survey,Simple,13,2025-06-11,Content Marketing Survey,11
61901729,digital marketing,marketing,registration,Complex,11,2025-09-07,Digital Marketing Registration,7
61901730,financial modeling,economics,assessment,Moderate,10,2025-09-12,Financial Modeling Assessment,9
61901731,investment planning,economics,registration,Complex,5,2025-07-26,Investment Planning Registration,12
61901732,market analysis,economics,survey,Complex,10,2025-08-24,Market Analysis Survey,9
61901733,portfolio management,economics,registration,Moderate,13,2025-08-15,Portfolio Management Registration,11
61901734,machine learning,it,application,Simple,12,2024-12-25,Machine Learning Application,12
61901735,portfolio management,economics,assessment,Simple,7,2024-11-26,Portfolio Management Assessment,5
61901736,brand management,marketing,registration,Simple,9,2025-04-07,Brand Management Registration,3
61901737,cloud computing,it,application,Simple,12,2025-03-19,Cloud Computing Application,4
61901738,digital marketing,marketing,application,Moderate,5,2025-06-26,Digital Marketing Application,12
61901739,brand management,marketing,assessment,Complex,12,2025-10-04,Brand Management Assessment,8
61901740,data science,it,application,Moderate,8,2025-09-29,Data Science Application,9
61901741,data science,it,survey,Moderate,13,2025-02-18,Data Science Survey,9
61901742,content marketing,marketing,survey,Complex,8,2025-02-12,Content Marketing Survey,7
61901743,data science,it,survey,Moderate,10,2025-05-14,Data Science Survey,4
61901744,machine learning,it,assessment,Complex,14,2024-10-25,Machine Learning Assessment,8
61901745,financial modeling,economics,registration,Moderate,9,2025-02-14,Financial Modeling Registration,5
61901746,brand management,marketing,survey,Simple,7,2025-01-11,Brand Management Survey,6
61901747,investment planning,economics,survey,Moderate,8,2025-09-30,Investment Planning Survey,11
61901748,social media,marketing,registration,Complex,13,2025-01-09,Social Media Registration,10
61901749,investment planning,economics,assessment,Simple,10,2025-09-18,Investment Planning Assessment,9
61901750,brand management,marketing,assessment,Simple,7,2024-12-01,Brand Management Assessment,3
61901751,web development,it,survey,Moderate,12,2025-03-23,Web Development Survey,9
61901752,digital marketing,marketing,survey,Moderate,11,2025-04-14,Digital Marketing Survey,5
61901753,cybersecurity,it,assessment,Complex,5,2024-12-27,Cybersecurity Assessment,12
61901754,cybersecurity,it,assessment,Simple,13,2025-06-04,Cybersecurity Assessment,12
61901755,content marketing,marketing,assessment,Complex,14,2025-06-15,Content Marketing Assessment,11
61901756,machine learning,it,survey,Moderate,6,2025-03-05,Machine Learning Survey,7
61901757,machine learning,it,application,Simple,9,2025-06-19,Machine Learning Application,8
61901758,investment planning,economics,survey,Simple,8,2024-11-08,Investment Planning Survey,11
61901759,financial modeling,economics,assessment,Simple,11,2024-12-20,Financial Modeling Assessment,10
61901760,market analysis,economics,application,Complex,9,2025-07-15,Market Analysis Application,8
61901761,data science,it,application,Moderate,9,2025-04-20,Data Science Application,5
61901762,cybersecurity,it,survey,Complex,8,2025-10-05,Cybersecurity Survey,6
61901763,web development,it,survey,Simple,14,2025-03-27,Web Development Survey,10
61901764,financial modeling,economics,survey,Simple,12,2025-06-16,Financial Modeling Survey,9
61901765,content marketing,marketing,assessment,Moderate,12,2024-11-05,Content Marketing Assessment,8
61901766,brand management,marketing,assessment,Complex,9,2025-06-20,Brand Management Assessment,3
61901767,web development,it,application,Simple,10,2025-10-07,Web Development Application,5
61901768,financial modeling,economics,assessment,Moderate,13,2025-02-03,Financial Modeling Assessment,3
61901769,portfolio management,economics,registration,Complex,13,2025-09-20,Portfolio Management Registration,3
61901770,market analysis,economics,registration,Simple,7,2025-07-27,Market Analysis Registration,8
61901771,portfolio management,economics,registration,Moderate,5,2025-07-07,Portfolio Management Registration,4
61901772,data science,it,survey,Complex,7,2025-03-11,Data Science Survey,3
61901773,machine learning,it,survey,Moderate,14,2025-10-04,Machine Learning Survey,6
61901774,portfolio management,economics,survey,Moderate,6,2025-02-07,Portfolio Management Survey,10
61901775,machine learning,it,assessment,Moderate,6,2024-11-04,Machine Learning Assessment,10
61901776,brand management,marketing,registration,Simple,10,2024-12-02,Brand Management Registration,7
61901777,cloud computing,it,survey,Simple,15,2025-04-11,Cloud Computing Survey,7
61901778,brand management,marketing,application,Complex,6,2024-11-29,Brand Management Application,11
61901779,investment planning,economics,registration,Moderate,9,2025-09-25,Investment Planning Registration,9
61901780,digital marketing,marketing,application,Complex,6,2024-12-31,Digital Marketing Application,6
61901781,machine learning,it,assessment,Complex,8,2025-07-21,Machine Learning Assessment,11
61901782,financial modeling,economics,registration,Simple,11,2025-01-31,Financial Modeling Registration,4
61901783,financial modeling,economics,registration,Moderate,8,2025-07-28,Financial Modeling Registration,3
61901784,market analysis,economics,registration,Simple,13,2024-11-17,Market Analysis Registration,9
61901785,investment planning,economics,application,Moderate,7,2025-10-11,Investment Planning Application,12
61901786,financial modeling,economics,assessment,Complex,10,2025-08-07,Financial Modeling Assessment,9
61901787,web development,it,survey,Complex,5,2025-01-30,Web Development Survey,6
61901788,data science,it,application,Simple,11,2025-01-10,Data Science Application,5
61901789,investment planning,economics,application,Moderate,7,2025-06-03,Investment Planning Application,7
61901790,brand management,marketing,application,Simple,15,2025-10-08,Brand Management Application,6
61901791,web development,it,survey,Simple,7,2024-11-30,Web Development Survey,9
61901792,social media,marketing,registration,Complex,15,2025-02-23,Social Media Registration,5
61901793,investment planning,economics,application,Moderate,5,2024-11-18,Investment Planning Application,7
61901794,portfolio management,economics,application,Simple,10,2025-09-28,Portfolio Management Application,4
61901795,web development,it,survey,Complex,12,2025-05-31,Web Development Survey,8
61901796,financial modeling,economics,application,Simple,7,2025-02-04,Financial Modeling Application,8
61901797,market analysis,economics,registration,Simple,7,2025-07-08,Market Analysis Registration,12
61901798,cybersecurity,it,survey,Complex,6,2024-10-28,Cybersecurity Survey,5
61901799,digital marketing,marketing,registration,Moderate,9,2025-08-09,Digital Marketing Registration,10
61901800,investment planning,economics,application,Moderate,6,2025-05-26,Investment Planning Application,11
61901801,investment planning,economics,survey,Simple,10,2025-10-16,Investment Planning Survey,4
61901802,market analysis,economics,registration,Simple,8,2025-08-11,Market Analysis Registration,5
61901803,digital marketing,marketing,registration,Simple,13,2024-11-16,Digital Marketing Registration,5
61901804,financial modeling,economics,application,Complex,15,2025-04-28,Financial Modeling Application,9
61901805,cloud computing,it,application,Simple,10,2024-11-02,Cloud Computing Application,10
61901806,data science,it,application,Complex,8,2025-10-11,Data Science Application,5
61901807,machine learning,it,registration,Simple,9,2025-03-25,Machine Learning Registration,9
61901808,portfolio management,economics,assessment,Moderate,11,2025-06-06,Portfolio Management Assessment,7
61901809,web development,it,application,Complex,8,2025-08-09,Web Development Application,12
61901810,digital marketing,marketing,survey,Simple,5,2024-12-01,Digital Marketing Survey,5
61901811,brand management,marketing,assessment,Simple,6,2025-10-04,Brand Management Assessment,8
61901812,investment planning,economics,survey,Simple,15,2025-04-23,Investment Planning Survey,6
61901813,content marketing,marketing,survey,Moderate,13,2025-02-02,Content Marketing Survey,6
61901814,financial modeling,economics,assessment,Moderate,14,2025-04-09,Financial Modeling Assessment,3
61901815,financial modeling,economics,assessment,Simple,12,2025-03-10,Financial Modeling Assessment,5
61901816,machine learning,it,registration,Simple,6,2024-12-12,Machine Learning Registration,6
61901817,investment planning,economics,survey,Moderate,9,2025-01-21,Investment Planning Survey,3
61901818,investment planning,economics,application,Moderate,15,2024-12-20,Investment Planning Application,3
61901819,cloud computing,it,application,Moderate,14,2025-01-06,Cloud Computing Application,3
61901820,web development,it,registration,Simple,9,2025-03-23,Web Development Registration,6
61901821,investment planning,economics,application,Simple,13,2025-03-17,Investment Planning Application,6
61901822,content marketing,marketing,registration,Simple,14,2025-04-14,Content Marketing Registration,3
61901823,cybersecurity,it,registration,Simple,5,2025-01-20,Cybersecurity Registration,5
61901824,content marketing,marketing,application,Simple,15,2025-02-21,Content Marketing Application,4
61901825,investment planning,economics,application,Complex,7,2025-10-21,Investment Planning Application,10
61901826,portfolio management,economics,survey,Simple,11,2025-07-31,Portfolio Management Survey,9
61901827,investment planning,economics,survey,Simple,7,2025-10-13,Investment Planning Survey,12
61901828,portfolio management,economics,application,Simple,6,2024-10-25,Portfolio Management Application,11
61901829,data science,it,application,Complex,14,2025-06-12,Data Science Application,9
61901830,financial modeling,economics,survey,Moderate,13,2025-02-18,Financial Modeling Survey,6
61901831,investment planning,economics,survey,Moderate,10,2024-12-22,Investment Planning Survey,9
61901832,digital marketing,marketing,survey,Complex,8,2025-09-26,Digital Marketing Survey,7
61901833,financial modeling,economics,registration,Simple,12,2025-01-09,Financial Modeling Registration,10
61901834,brand management,marketing,registration,Complex,6,2025-08-31,Brand Management Registration,4
61901835,web development,it,application,Moderate,6,2025-10-08,Web Development Application,9
61901836,investment planning,economics,assessment,Complex,11,2025-08-25,Investment Planning Assessment,7
61901837,cybersecurity,it,assessment,Simple,11,2025-06-10,Cybersecurity Assessment,7
61901838,digital marketing,marketing,survey,Moderate,11,2025-08-11,Digital Marketing Survey,9
61901839,cybersecurity,it,survey,Complex,14,2025-03-12,Cybersecurity Survey,4
61901840,content marketing,marketing,survey,Simple,5,2025-05-01,Content Marketing Survey,4
61901841,content marketing,marketing,registration,Moderate,11,2025-09-01,Content Marketing Registration,4
61901842,digital marketing,marketing,assessment,Simple,9,2025-07-16,Digital Marketing Assessment,7
61901843,brand management,marketing,survey,Moderate,12,2025-07-20,Brand Management Survey,7
61901844,brand management,marketing,application,Moderate,12,2025-05-31,Brand Management Application,3
61901845,portfolio management,economics,survey,Simple,11,2025-09-03,Portfolio Management Survey,10
61901846,cybersecurity,it,registration,Simple,10,2025-01-10,Cybersecurity Registration,8
61901847,web development,it,survey,Simple,13,2025-02-08,Web Development Survey,10
61901848,brand management,marketing,survey,Moderate,11,2025-02-06,Brand Management Survey,5
61901849,data science,it,registration,Moderate,6,2024-12-19,Data Science Registration,12
61901850,web development,it,survey,Moderate,10,2024-11-11,Web Development Survey,10
61901851,investment planning,economics,survey,Moderate,8,2025-06-26,Investment Planning Survey,9
61901852,investment planning,economics,registration,Moderate,6,2025-06-30,Investment Planning Registration,3
61901853,content marketing,marketing,registration,Simple,12,2025-05-11,Content Marketing Registration,10
61901854,content marketing,marketing,assessment,Simple,12,2024-12-28,Content Marketing Assessment,6
61901855,machine learning,it,assessment,Simple,14,2025-08-30,Machine Learning Assessment,6
61901856,investment planning,economics,registration,Moderate,15,2025-10-19,Investment Planning Registration,8
61901857,brand management,marketing,assessment,Moderate,13,2025-03-03,Brand Management Assessment,5
61901858,brand management,marketing,application,Complex,6,2025-07-10,Brand Management Application,7
61901859,data science,it,application,Simple,9,2025-02-05,Data Science Application,12
61901860,portfolio management,economics,assessment,Complex,6,2025-04-23,Portfolio Management Assessment,6
61901861,machine learning,it,application,Moderate,11,2025-01-02,Machine Learning Application,10
61901862,brand management,marketing,assessment,Simple,10,2025-04-22,Brand Management Assessment,11
61901863,brand management,marketing,application,Moderate,12,2025-05-22,Brand Management Application,8
61901864,web development,it,registration,Simple,10,2025-09-16,Web Development Registration,11
61901865,portfolio management,economics,registration,Simple,9,2025-09-28,Portfolio Management Registration,5
61901866,social media,marketing,application,Complex,8,2025-05-24,Social Media Application,4
61901867,data science,it,survey,Moderate,6,2025-02-15,Data Science Survey,6
61901868,social media,marketing,application,Moderate,13,2025-07-06,Social Media Application,4
61901869,cloud computing,it,registration,Moderate,11,2025-09-01,Cloud Computing Registration,4
61901870,digital marketing,marketing,registration,Simple,14,2025-03-06,Digital Marketing Registration,11
61901871,content marketing,marketing,assessment,Moderate,13,2024-12-12,Content Marketing Assessment,6
61901872,machine learning,it,application,Complex,15,2025-07-13,Machine Learning Application,3
61901873,investment planning,economics,survey,Moderate,14,2025-08-14,Investment Planning Survey,8
61901874,social media,marketing,registration,Moderate,12,2025-03-06,Social Media Registration,3
61901875,portfolio management,economics,survey,Complex,12,2025-06-14,Portfolio Management Survey,5
61901876,social media,marketing,application,Simple,15,2024-10-26,Social Media Application,6
61901877,investment planning,economics,assessment,Moderate,8,2025-06-19,Investment Planning Assessment,5
61901878,cybersecurity,it,application,Simple,12,2025-09-16,Cybersecurity Application,11
61901879,digital marketing,marketing,registration,Simple,14,2025-07-16,Digital Marketing Registration,5
61901880,financial modeling,economics,assessment,Simple,5,2025-02-04,Financial Modeling Assessment,6
61901881,content marketing,marketing,survey,Moderate,13,2025-01-05,Content Marketing Survey,8
61901882,market analysis,economics,survey,Simple,10,2025-08-16,Market Analysis Survey,9
61901883,data science,it,registration,Complex,6,2025-07-31,Data Science Registration,3
61901884,brand management,marketing,registration,Complex,15,2025-06-25,Brand Management Registration,10
61901885,portfolio management,economics,survey,Simple,8,2025-09-07,Portfolio Management Survey,9
61901886,investment planning,economics,assessment,Simple,12,2024-12-18,Investment Planning Assessment,10
61901887,machine learning,it,application,Simple,8,2025-08-01,Machine Learning Application,4
61901888,market analysis,economics,assessment,Complex,10,2025-02-02,Market Analysis Assessment,12
61901889,market analysis,economics,assessment,Complex,13,2024-11-10,Market Analysis Assessment,6
61901890,content marketing,marketing,application,Complex,6,2024-12-11,Content Marketing Application,10
61901891,cybersecurity,it,application,Moderate,11,2025-06-06,Cybersecurity Application,3
61901892,market analysis,economics,application,Simple,14,2025-08-20,Market Analysis Application,3
61901893,investment planning,economics,registration,Moderate,11,2024-11-01,Investment Planning Registration,12
61901894,web development,it,registration,Complex,14,2024-12-19,Web Development Registration,10
61901895,social media,marketing,assessment,Complex,5,2025-04-20,Social Media Assessment,11
61901896,data science,it,registration,Moderate,13,2024-12-03,Data Science Registration,11
61901897,digital marketing,marketing,survey,Simple,10,2024-12-04,Digital Marketing Survey,3
61901898,cybersecurity,it,survey,Complex,10,2024-11-17,Cybersecurity Survey,8
61901899,financial modeling,economics,application,Moderate,6,2025-04-27,Financial Modeling Application,7
61901900,content marketing,marketing,assessment,Complex,5,2025-03-24,Content Marketing Assessment,8
61901901,portfolio management,economics,registration,Simple,14,2025-03-13,Portfolio Management Registration,10
61901902,data science,it,survey,Complex,12,2025-08-16,Data Science Survey,5
61901903,investment planning,economics,survey,Simple,11,2025-03-28,Investment Planning Survey,4
61901904,cybersecurity,it,survey,Complex,11,2025-08-04,Cybersecurity Survey,11
61901905,machine learning,it,application,Moderate,5,2024-11-02,Machine Learning Application,6
61901906,cloud computing,it,assessment,Simple,12,2024-10-29,Cloud Computing Assessment,9
61901907,portfolio management,economics,assessment,Simple,12,2025-10-17,Portfolio Management Assessment,7
61901908,portfolio management,economics,assessment,Simple,9,2025-04-09,Portfolio Management Assessment,11
61901909,web development,it,application,Complex,11,2025-05-17,Web Development Application,9
61901910,brand management,marketing,survey,Moderate,15,2025-08-24,Brand Management Survey,4
61901911,web development,it,assessment,Moderate,8,2025-03-31,Web Development Assessment,7
61901912,cloud computing,it,registration,Complex,7,2024-12-21,Cloud Computing Registration,12
61901913,social media,marketing,application,Simple,11,2025-01-19,Social Media Application,12
61901914,investment planning,economics,registration,Complex,14,2025-02-22,Investment Planning Registration,6
61901915,portfolio management,economics,application,Moderate,11,2025-08-20,Portfolio Management Application,7
61901916,digital marketing,marketing,survey,Moderate,9,2024-11-09,Digital Marketing Survey,7
61901917,digital marketing,marketing,survey,Moderate,5,2025-02-04,Digital Marketing Survey,6
61901918,cloud computing,it,assessment,Complex,7,2025-03-13,Cloud Computing Assessment,4
61901919,market analysis,economics,survey,Complex,5,2025-09-30,Market Analysis Survey,9
61901920,cloud computing,it,registration,Simple,6,2025-05-22,Cloud Computing Registration,12
61901921,financial modeling,economics,registration,Complex,5,2025-09-06,Financial Modeling Registration,8
61901922,social media,marketing,application,Simple,8,2025-06-25,Social Media Application,5
61901923,market analysis,economics,assessment,Moderate,6,2024-12-18,Market Analysis Assessment,11
61901924,social media,marketing,registration,Moderate,13,2025-03-03,Social Media Registration,5
61901925,financial modeling,economics,registration,Complex,9,2025-01-25,Financial Modeling Registration,8
61901926,financial modeling,economics,survey,Simple,13,2025-09-13,Financial Modeling Survey,10
61901927,social media,marketing,registration,Moderate,12,2025-02-13,Social Media Registration,6
61901928,market analysis,economics,registration,Complex,15,2025-08-17,Market Analysis Registration,12
61901929,market analysis,economics,application,Moderate,11,2025-05-31,Market Analysis Application,12
61901930,social media,marketing,assessment,Complex,13,2025-03-11,Social Media Assessment,9
61901931,machine learning,it,registration,Complex,10,2025-02-24,Machine Learning Registration,11
61901932,cybersecurity,it,assessment,Moderate,11,2025-03-02,Cybersecurity Assessment,10
61901933,investment planning,economics,survey,Moderate,5,2025-07-17,Investment Planning Survey,4
61901934,data science,it,registration,Moderate,6,2025-08-19,Data Science Registration,9
61901935,brand management,marketing,survey,Complex,5,2025-02-23,Brand Management Survey,6
61901936,web development,it,survey,Simple,8,2024-12-20,Web Development Survey,4
61901937,portfolio management,economics,assessment,Complex,11,2025-08-13,Portfolio Management Assessment,6
61901938,social media,marketing,survey,Simple,6,2025-07-19,Social Media Survey,11
61901939,market analysis,economics,application,Moderate,6,2025-04-20,Market Analysis Application,4
61901940,financial modeling,economics,application,Simple,7,2025-02-25,Financial Modeling Application,9
61901941,social media,marketing,registration,Moderate,14,2025-03-06,Social Media Registration,3
61901942,machine learning,it,assessment,Simple,7,2024-11-13,Machine Learning Assessment,6
61901943,machine learning,it,assessment,Moderate,15,2025-07-29,Machine Learning Assessment,9
61901944,digital marketing,marketing,assessment,Moderate,12,2024-10-29,Digital Marketing Assessment,7
61901945,social media,marketing,survey,Moderate,14,2024-12-29,Social Media Survey,6
61901946,machine learning,it,assessment,Simple,8,2025-07-01,Machine Learning Assessment,9
61901947,investment planning,economics,registration,Moderate,13,2025-09-25,Investment Planning Registration,4
61901948,digital marketing,marketing,application,Moderate,7,2025-10-09,Digital Marketing Application,6
61901949,cybersecurity,it,assessment,Simple,5,2025-05-20,Cybersecurity Assessment,9
61901950,digital marketing,marketing,application,Complex,9,2025-01-22,Digital Marketing Application,8
61901951,web development,it,application,Simple,13,2025-06-10,Web Development Application,3
61901952,content marketing,marketing,assessment,Simple,11,2024-11-17,Content Marketing Assessment,5
61901953,brand management,marketing,assessment,Complex,14,2025-02-19,Brand Management Assessment,5
61901954,social media,marketing,survey,Moderate,14,2025-02-04,Social Media Survey,9
61901955,portfolio management,economics,application,Simple,8,2024-10-30,Portfolio Management Application,11
61901956,investment planning,economics,registration,Complex,14,2025-09-29,Investment Planning Registration,9
61901957,cybersecurity,it,assessment,Simple,11,2025-06-01,Cybersecurity Assessment,4
61901958,portfolio management,economics,application,Moderate,5,2025-09-14,Portfolio Management Application,7
61901959,social media,marketing,registration,Simple,14,2025-02-17,Social Media Registration,3
61901960,brand management,marketing,application,Complex,15,2025-01-31,Brand Management Application,4
61901961,machine learning,it,assessment,Simple,15,2025-04-24,Machine Learning Assessment,3
61901962,portfolio management,economics,application,Moderate,13,2025-03-18,Portfolio Management Application,12
61901963,portfolio management,economics,application,Simple,9,2025-09-24,Portfolio Management Application,11
61901964,cybersecurity,it,registration,Moderate,9,2025-10-01,Cybersecurity Registration,11
61901965,social media,marketing,assessment,Simple,12,2025-04-04,Social Media Assessment,3
61901966,investment planning,economics,assessment,Moderate,15,2024-12-11,Investment Planning Assessment,12
61901967,market analysis,economics,survey,Simple,14,2025-05-14,Market Analysis Survey,4
61901968,portfolio management,economics,survey,Complex,15,2024-12-20,Portfolio Management Survey,7
61901969,brand management,marketing,assessment,Simple,11,2025-02-13,Brand Management Assessment,3
61901970,data science,it,application,Moderate,15,2025-05-14,Data Science Application,8
61901971,data science,it,application,Simple,11,2024-11-22,Data Science Application,8
61901972,portfolio management,economics,assessment,Complex,12,2025-04-14,Portfolio Management Assessment,5
61901973,portfolio management,economics,survey,Complex,12,2025-07-08,Portfolio Management Survey,12
61901974,market analysis,economics,registration,Complex,15,2025-08-21,Market Analysis Registration,8
61901975,social media,marketing,assessment,Complex,10,2025-09-18,Social Media Assessment,9
61901976,financial modeling,economics,registration,Simple,11,2025-06-08,Financial Modeling Registration,11
61901977,cloud computing,it,survey,Complex,6,2025-09-10,Cloud Computing Survey,5
61901978,cybersecurity,it,application,Simple,11,2025-03-02,Cybersecurity Application,6
61901979,web development,it,assessment,Simple,9,2025-08-11,Web Development Assessment,4
61901980,cybersecurity,it,application,Complex,14,2025-05-07,Cybersecurity Application,12
61901981,brand management,marketing,survey,Complex,11,2024-11-01,Brand Management Survey,4
61901982,portfolio management,economics,assessment,Moderate,8,2025-09-29,Portfolio Management Assessment,12
61901983,digital marketing,marketing,registration,Moderate,12,2025-01-02,Digital Marketing Registration,5
61901984,data science,it,assessment,Simple,11,2025-10-12,Data Science Assessment,12
61901985,portfolio management,economics,assessment,Moderate,6,2025-08-10,Portfolio Management Assessment,4
61901986,brand management,marketing,registration,Simple,7,2024-11-01,Brand Management Registration,6
61901987,machine learning,it,survey,Moderate,5,2025-07-21,Machine Learning Survey,3
61901988,data science,it,survey,Moderate,11,2025-05-13,Data Science Survey,6
61901989,market analysis,economics,survey,Moderate,9,2025-02-15,Market Analysis Survey,10
61901990,web development,it,survey,Complex,12,2025-06-08,Web Development Survey,5
61901991,social media,marketing,application,Moderate,15,2024-11-22,Social Media Application,6
61901992,content marketing,marketing,survey,Simple,7,2025-01-24,Content Marketing Survey,5
61901993,machine learning,it,registration,Moderate,14,2025-05-12,Machine Learning Registration,12
61901994,brand management,marketing,assessment,Simple,11,2025-08-08,Brand Management Assessment,6
61901995,content marketing,marketing,assessment,Complex,9,2024-12-24,Content Marketing Assessment,11
61901996,social media,marketing,assessment,Moderate,9,2025-03-22,Social Media Assessment,12
61901997,financial modeling,economics,registration,Complex,15,2025-10-08,Financial Modeling Registration,7
61901998,portfolio management,economics,survey,Simple,7,2025-07-19,Portfolio Management Survey,11
61901999,brand management,marketing,survey,Simple,11,2024-12-23,Brand Management Survey,3
61902000,cloud computing,it,assessment,Moderate,12,2025-07-02,Cloud Computing Assessment,6
61902001,cybersecurity,it,registration,Moderate,12,2025-07-09,Cybersecurity Registration,4
61902002,data science,it,assessment,Complex,9,2025-05-07,Data Science Assessment,11
61902003,web development,it,application,Complex,11,2025-06-04,Web Development Application,10
61902004,digital marketing,marketing,survey,Simple,10,2025-08-21,Digital Marketing Survey,3
61902005,investment planning,economics,registration,Simple,11,2024-11-12,Investment Planning Registration,5
61902006,investment planning,economics,assessment,Complex,15,2024-12-30,Investment Planning Assessment,7
61902007,social media,marketing,application,Complex,6,2025-09-07,Social Media Application,7
61902008,market analysis,economics,assessment,Moderate,5,2025-02-03,Market Analysis Assessment,3
61902009,web development,it,survey,Simple,5,2024-10-30,Web Development Survey,5
61902010,social media,marketing,survey,Complex,9,2025-06-20,Social Media Survey,7
61902011,brand management,marketing,survey,Simple,9,2025-10-18,Brand Management Survey,11
61902012,digital marketing,marketing,application,Moderate,6,2025-09-30,Digital Marketing Application,4
61902013,digital marketing,marketing,assessment,Simple,11,2025-06-05,Digital Marketing Assessment,3
61902014,brand management,marketing,survey,Moderate,5,2025-01-13,Brand Management Survey,9
61902015,market analysis,economics,assessment,Simple,14,2025-04-09,Market Analysis Assessment,12
61902016,social media,marketing,survey,Simple,9,2025-01-30,Social Media Survey,7
61902017,market analysis,economics,registration,Moderate,11,2025-01-26,Market Analysis Registration,4
61902018,cybersecurity,it,registration,Complex,9,2025-02-20,Cybersecurity Registration,3
61902019,market analysis,economics,registration,Simple,11,2025-06-24,Market Analysis Registration,9
61902020,machine learning,it,survey,Moderate,14,2024-11-28,Machine Learning Survey,9
61902021,portfolio management,economics,registration,Simple,12,2024-12-20,Portfolio Management Registration,8
61902022,digital marketing,marketing,survey,Complex,7,2025-02-28,Digital Marketing Survey,4
61902023,content marketing,marketing,survey,Complex,6,2025-05-23,Content Marketing Survey,5
61902024,social media,marketing,assessment,Simple,8,2025-04-13,Social Media Assessment,7
61902025,cybersecurity,it,assessment,Simple,6,2025-06-16,Cybersecurity Assessment,9
61902026,cloud computing,it,assessment,Complex,11,2024-11-29,Cloud Computing Assessment,6
61902027,brand management,marketing,registration,Moderate,12,2025-03-18,Brand Management Registration,12
61902028,web development,it,registration,Simple,11,2025-08-12,Web Development Registration,11
61902029,social media,marketing,survey,Moderate,10,2025-03-08,Social Media Survey,3
61902030,data science,it,assessment,Moderate,10,2025-08-11,Data Science Assessment,4
61902031,content marketing,marketing,application,Simple,5,2025-07-20,Content Marketing Application,6
61902032,web development,it,survey,Moderate,10,2025-06-19,Web Development Survey,8
61902033,financial modeling,economics,registration,Complex,9,2025-07-18,Financial Modeling Registration,11
61902034,content marketing,marketing,registration,Moderate,5,2025-05-17,Content Marketing Registration,4
61902035,cloud computing,it,survey,Complex,6,2025-07-07,Cloud Computing Survey,11
61902036,machine learning,it,registration,Simple,12,2025-03-14,Machine Learning Registration,9
61902037,cybersecurity,it,assessment,Moderate,5,2025-03-29,Cybersecurity Assessment,3
61902038,portfolio management,economics,application,Moderate,15,2025-09-13,Portfolio Management Application,7
61902039,content marketing,marketing,registration,Complex,13,2024-11-05,Content Marketing Registration,12
61902040,machine learning,it,survey,Moderate,9,2025-06-28,Machine Learning Survey,9
61902041,machine learning,it,assessment,Complex,12,2025-06-16,Machine Learning Assessment,3
61902042,web development,it,survey,Complex,7,2025-06-07,Web Development Survey,5
61902043,web development,it,application,Moderate,6,2024-12-03,Web Development Application,6
61902044,digital marketing,marketing,registration,Moderate,7,2025-09-26,Digital Marketing Registration,12
61902045,investment planning,economics,application,Moderate,14,2025-03-11,Investment Planning Application,4
61902046,investment planning,economics,assessment,Complex,12,2025-04-24,Investment Planning Assessment,5
61902047,digital marketing,marketing,survey,Moderate,13,2025-07-22,Digital Marketing Survey,6
61902048,financial modeling,economics,assessment,Moderate,5,2024-12-31,Financial Modeling Assessment,11
61902049,data science,it,application,Complex,15,2025-08-23,Data Science Application,3
61902050,data science,it,survey,Moderate,14,2025-07-05,Data Science Survey,5
61902051,data science,it,survey,Simple,11,2025-09-17,Data Science Survey,4
61902052,investment planning,economics,assessment,Moderate,5,2024-11-19,Investment Planning Assessment,3
61902053,investment planning,economics,survey,Moderate,10,2025-01-27,Investment Planning Survey,4
61902054,cybersecurity,it,application,Moderate,12,2025-09-26,Cybersecurity Application,9
61902055,content marketing,marketing,registration,Moderate,8,2024-11-27,Content Marketing Registration,7
61902056,financial modeling,economics,assessment,Moderate,5,2025-06-17,Financial Modeling Assessment,11
61902057,market analysis,economics,survey,Complex,14,2025-01-16,Market Analysis Survey,8
61902058,portfolio management,economics,application,Simple,7,2025-06-29,Portfolio Management Application,4
61902059,cybersecurity,it,application,Simple,12,2024-11-07,Cybersecurity Application,11
61902060,content marketing,marketing,assessment,Simple,13,2025-09-23,Content Marketing Assessment,9
61902061,digital marketing,marketing,survey,Simple,14,2025-10-01,Digital Marketing Survey,9
61902062,brand management,marketing,survey,Moderate,11,2025-10-23,Brand Management Survey,12
61902063,investment planning,economics,survey,Complex,10,2025-02-06,Investment Planning Survey,8
61902064,content marketing,marketing,assessment,Simple,11,2025-09-20,Content Marketing Assessment,11
61902065,cloud computing,it,survey,Complex,6,2025-07-10,Cloud Computing Survey,12
61902066,portfolio management,economics,registration,Moderate,12,2024-12-14,Portfolio Management Registration,4
61902067,market analysis,economics,application,Complex,6,2025-03-28,Market Analysis Application,12
61902068,cloud computing,it,application,Complex,7,2025-01-03,Cloud Computing Application,3
61902069,investment planning,economics,registration,Complex,7,2024-10-31,Investment Planning Registration,3
61902070,web development,it,survey,Moderate,9,2025-05-17,Web Development Survey,12
61902071,cybersecurity,it,application,Moderate,12,2025-01-27,Cybersecurity Application,3
61902072,digital marketing,marketing,registration,Moderate,13,2025-06-05,Digital Marketing Registration,4
61902073,cybersecurity,it,application,Simple,11,2025-01-05,Cybersecurity Application,5
61902074,financial modeling,economics,assessment,Complex,11,2024-12-10,Financial Modeling Assessment,4
61902075,web development,it,survey,Moderate,14,2025-08-14,Web Development Survey,7
61902076,web development,it,assessment,Moderate,6,2025-10-14,Web Development Assessment,7
61902077,brand management,marketing,survey,Moderate,14,2025-03-15,Brand Management Survey,3
61902078,digital marketing,marketing,survey,Simple,14,2025-10-12,Digital Marketing Survey,9
61902079,content marketing,marketing,survey,Complex,11,2025-08-22,Content Marketing Survey,6
61902080,portfolio management,economics,assessment,Simple,13,2025-04-08,Portfolio Management Assessment,3
61902081,portfolio management,economics,assessment,Complex,14,2025-09-22,Portfolio Management Assessment,6
61902082,brand management,marketing,assessment,Complex,11,2025-09-15,Brand Management Assessment,12
61902083,brand management,marketing,registration,Moderate,8,2025-01-15,Brand Management Registration,7
61902084,cloud computing,it,assessment,Complex,12,2025-03-19,Cloud Computing Assessment,3
61902085,data science,it,application,Moderate,10,2025-06-29,Data Science Application,6
61902086,content marketing,marketing,assessment,Moderate,7,2025-05-05,Content Marketing Assessment,7
61902087,digital marketing,marketing,survey,Moderate,8,2025-08-29,Digital Marketing Survey,10
61902088,machine learning,it,assessment,Moderate,5,2024-11-28,Machine Learning Assessment,4
61902089,portfolio management,economics,assessment,Simple,13,2025-01-25,Portfolio Management Assessment,7
61902090,cybersecurity,it,application,Simple,13,2025-05-14,Cybersecurity Application,4
61902091,data science,it,application,Complex,6,2025-08-31,Data Science Application,7
61902092,financial modeling,economics,registration,Complex,6,2025-08-28,Financial Modeling Registration,12
61902093,web development,it,assessment,Simple,6,2024-12-02,Web Development Assessment,11
61902094,market analysis,economics,registration,Complex,7,2025-07-14,Market Analysis Registration,12
61902095,cybersecurity,it,application,Complex,15,2025-05-11,Cybersecurity Application,8
61902096,digital marketing,marketing,application,Simple,13,2025-06-25,Digital Marketing Application,12
61902097,financial modeling,economics,registration,Moderate,6,2025-03-22,Financial Modeling Registration,7
61902098,content marketing,marketing,application,Complex,15,2025-05-26,Content Marketing Application,10
61902099,financial modeling,economics,registration,Simple,6,2025-07-31,Financial Modeling Registration,6
61902100,data science,it,application,Complex,11,2025-09-29,Data Science Application,9
61902101,portfolio management,economics,application,Complex,11,2024-12-23,Portfolio Management Application,10
61902102,portfolio management,economics,survey,Moderate,12,2025-04-18,Portfolio Management Survey,6
61902103,market analysis,economics,assessment,Simple,7,2024-11-14,Market Analysis Assessment,3
61902104,social media,marketing,assessment,Complex,6,2024-11-25,Social Media Assessment,9
61902105,cloud computing,it,assessment,Simple,15,2025-03-09,Cloud Computing Assessment,6
61902106,market analysis,economics,survey,Complex,11,2024-12-19,Market Analysis Survey,5
61902107,cybersecurity,it,application,Moderate,6,2025-04-12,Cybersecurity Application,11
61902108,cloud computing,it,registration,Complex,14,2025-05-10,Cloud Computing Registration,10
61902109,data science,it,assessment,Simple,5,2024-11-29,Data Science Assessment,7
61902110,digital marketing,marketing,registration,Complex,12,2024-12-26,Digital Marketing Registration,4
61902111,investment planning,economics,survey,Simple,10,2025-03-22,Investment Planning Survey,8
61902112,cybersecurity,it,assessment,Simple,8,2025-09-10,Cybersecurity Assessment,3
61902113,market analysis,economics,registration,Moderate,5,2024-12-23,Market Analysis Registration,3
61902114,data science,it,assessment,Complex,15,2025-05-15,Data Science Assessment,3
61902115,market analysis,economics,registration,Complex,13,2025-08-24,Market Analysis Registration,11
61902116,machine learning,it,application,Complex,6,2025-08-22,Machine Learning Application,12
61902117,cybersecurity,it,registration,Simple,13,2025-09-28,Cybersecurity Registration,12
61902118,cloud computing,it,registration,Complex,11,2024-12-14,Cloud Computing Registration,9
61902119,brand management,marketing,survey,Complex,6,2025-07-26,Brand Management Survey,3
61902120,market analysis,economics,assessment,Simple,15,2025-07-29,Market Analysis Assessment,5
61902121,content marketing,marketing,application,Complex,15,2025-02-08,Content Marketing Application,10
61902122,digital marketing,marketing,registration,Simple,10,2025-09-21,Digital Marketing Registration,11
61902123,brand management,marketing,survey,Moderate,10,2025-08-04,Brand Management Survey,11
61902124,cybersecurity,it,registration,Moderate,14,2024-12-01,Cybersecurity Registration,3
61902125,investment planning,economics,application,Complex,8,2024-11-06,Investment Planning Application,7
61902126,content marketing,marketing,assessment,Moderate,13,2025-03-14,Content Marketing Assessment,6
61902127,investment planning,economics,assessment,Complex,9,2025-07-10,Investment Planning Assessment,11
61902128,social media,marketing,assessment,Simple,12,2025-06-07,Social Media Assessment,7
61902129,social media,marketing,survey,Simple,15,2024-11-29,Social Media Survey,5
61902130,investment planning,economics,survey,Simple,5,2024-12-18,Investment Planning Survey,4
61902131,brand management,marketing,application,Simple,5,2025-09-10,Brand Management Application,12
61902132,social media,marketing,application,Moderate,7,2025-08-10,Social Media Application,12
61902133,content marketing,marketing,registration,Simple,10,2025-04-17,Content Marketing Registration,8
61902134,machine learning,it,assessment,Simple,5,2025-01-19,Machine Learning Assessment,9
61902135,content marketing,marketing,survey,Simple,11,2025-07-12,Content Marketing Survey,11
61902136,cybersecurity,it,application,Simple,5,2024-11-18,Cybersecurity Application,11
61902137,financial modeling,economics,registration,Complex,9,2025-07-21,Financial Modeling Registration,4
61902138,investment planning,economics,application,Simple,5,2025-09-17,Investment Planning Application,8
61902139,brand management,marketing,registration,Complex,14,2025-10-10,Brand Management Registration,9
61902140,investment planning,economics,application,Moderate,10,2025-02-11,Investment Planning Application,5
61902141,cloud computing,it,application,Moderate,10,2025-09-23,Cloud Computing Application,7
61902142,cybersecurity,it,assessment,Complex,12,2025-06-06,Cybersecurity Assessment,9
61902143,data science,it,application,Moderate,10,2025-02-05,Data Science Application,9
61902144,market analysis,economics,registration,Complex,12,2025-01-09,Market Analysis Registration,3
61902145,brand management,marketing,registration,Simple,13,2025-07-21,Brand Management Registration,10
61902146,cybersecurity,it,registration,Moderate,14,2025-05-09,Cybersecurity Registration,7
61902147,market analysis,economics,application,Simple,14,2024-12-22,Market Analysis Application,10
61902148,data science,it,registration,Complex,10,2025-08-11,Data Science Registration,12
61902149,data science,it,survey,Complex,6,2025-09-26,Data Science Survey,7
61902150,machine learning,it,application,Moderate,10,2025-02-19,Machine Learning Application,10
61902151,digital marketing,marketing,registration,Complex,10,2025-03-19,Digital Marketing Registration,5
61902152,cloud computing,it,registration,Simple,5,2025-03-16,Cloud Computing Registration,12
61902153,content marketing,marketing,registration,Simple,7,2025-07-18,Content Marketing Registration,7
61902154,machine learning,it,assessment,Moderate,10,2025-01-04,Machine Learning Assessment,4
61902155,machine learning,it,application,Complex,11,2025-02-13,Machine Learning Application,4
61902156,social media,marketing,registration,Moderate,14,2025-10-24,Social Media Registration,7
61902157,portfolio management,economics,survey,Moderate,6,2025-03-31,Portfolio Management Survey,9
61902158,portfolio management,economics,application,Complex,8,2025-01-05,Portfolio Management Application,6
61902159,brand management,marketing,assessment,Complex,11,2024-12-23,Brand Management Assessment,11
61902160,content marketing,marketing,survey,Simple,9,2025-04-21,Content Marketing Survey,3
61902161,machine learning,it,registration,Moderate,12,2025-06-06,Machine Learning Registration,4
61902162,cloud computing,it,application,Complex,5,2025-06-07,Cloud Computing Application,7
61902163,social media,marketing,survey,Moderate,10,2024-12-18,Social Media Survey,8
61902164,brand management,marketing,application,Moderate,10,2024-11-25,Brand Management Application,6
61902165,brand management,marketing,survey,Moderate,15,2025-08-23,Brand Management Survey,8
61902166,machine learning,it,application,Simple,9,2025-07-25,Machine Learning Application,4
61902167,market analysis,economics,registration,Moderate,6,2025-02-22,Market Analysis Registration,11
61902168,digital marketing,marketing,survey,Simple,7,2025-10-21,Digital Marketing Survey,8
61902169,market analysis,economics,assessment,Complex,12,2025-07-15,Market Analysis Assessment,11
61902170,investment planning,economics,registration,Moderate,9,2025-05-05,Investment Planning Registration,6
61902171,portfolio management,economics,application,Complex,11,2024-11-18,Portfolio Management Application,6
61902172,web development,it,assessment,Moderate,12,2024-12-25,Web Development Assessment,11
61902173,cybersecurity,it,application,Moderate,7,2025-07-29,Cybersecurity Application,9
61902174,brand management,marketing,registration,Moderate,11,2025-09-30,Brand Management Registration,6
61902175,financial modeling,economics,survey,Moderate,11,2025-01-11,Financial Modeling Survey,5
61902176,social media,marketing,registration,Complex,5,2025-02-27,Social Media Registration,11
61902177,web development,it,assessment,Moderate,8,2025-06-21,Web Development Assessment,10
61902178,cloud computing,it,assessment,Complex,7,2025-07-27,Cloud Computing Assessment,4
61902179,cybersecurity,it,registration,Complex,15,2024-10-30,Cybersecurity Registration,6
61902180,web development,it,registration,Simple,12,2025-07-18,Web Development Registration,7
61902181,social media,marketing,assessment,Moderate,14,2025-09-19,Social Media Assessment,9
61902182,data science,it,application,Complex,13,2025-05-11,Data Science Application,4
61902183,content marketing,marketing,application,Moderate,11,2025-02-17,Content Marketing Application,7
61902184,data science,it,survey,Simple,14,2025-03-05,Data Science Survey,10
61902185,market analysis,economics,survey,Simple,13,2025-02-14,Market Analysis Survey,7
61902186,web development,it,registration,Moderate,15,2025-08-24,Web Development Registration,7
61902187,content marketing,marketing,registration,Simple,15,2024-12-18,Content Marketing Registration,10
61902188,digital marketing,marketing,registration,Complex,13,2025-05-29,Digital Marketing Registration,9
61902189,content marketing,marketing,assessment,Simple,15,2024-12-17,Content Marketing Assessment,7
61902190,data science,it,application,Complex,14,2025-01-24,Data Science Application,10
61902191,cybersecurity,it,survey,Moderate,5,2025-08-31,Cybersecurity Survey,5
61902192,cybersecurity,it,registration,Moderate,15,2025-07-24,Cybersecurity Registration,5
61902193,machine learning,it,application,Complex,14,2025-10-11,Machine Learning Application,9
61902194,digital marketing,marketing,registration,Simple,10,2025-01-29,Digital Marketing Registration,7
61902195,content marketing,marketing,assessment,Complex,11,2025-04-01,Content Marketing Assessment,3
61902196,investment planning,economics,assessment,Moderate,5,2024-12-07,Investment Planning Assessment,4
61902197,web development,it,assessment,Simple,10,2025-04-16,Web Development Assessment,4
61902198,brand management,marketing,assessment,Complex,8,2025-08-04,Brand Management Assessment,6
61902199,web development,it,assessment,Complex,6,2024-11-25,Web Development Assessment,12
61902200,content marketing,marketing,application,Simple,15,2025-06-12,Content Marketing Application,5
61902201,data science,it,survey,Complex,14,2025-02-28,Data Science Survey,8
61902202,cybersecurity,it,registration,Complex,13,2025-03-30,Cybersecurity Registration,5
61902203,investment planning,economics,application,Complex,12,2025-09-03,Investment Planning Application,3
61902204,investment planning,economics,application,Moderate,7,2025-04-21,Investment Planning Application,4
61902205,social media,marketing,assessment,Simple,9,2025-09-07,Social Media Assessment,4
61902206,web development,it,application,Moderate,15,2025-07-19,Web Development Application,10
61902207,content marketing,marketing,registration,Simple,8,2025-08-20,Content Marketing Registration,12
61902208,content marketing,marketing,assessment,Complex,9,2025-03-10,Content Marketing Assessment,12
61902209,social media,marketing,survey,Complex,14,2025-09-06,Social Media Survey,6
61902210,portfolio management,economics,application,Simple,13,2025-07-21,Portfolio Management Application,7
61902211,market analysis,economics,survey,Complex,8,2025-03-07,Market Analysis Survey,11
61902212,financial modeling,economics,registration,Complex,9,2025-05-11,Financial Modeling Registration,4
61902213,web development,it,registration,Complex,5,2025-08-07,Web Development Registration,12
61902214,investment planning,economics,registration,Moderate,8,2025-05-02,Investment Planning Registration,4
61902215,brand management,marketing,assessment,Moderate,10,2025-01-03,Brand Management Assessment,3
61902216,social media,marketing,assessment,Complex,10,2025-10-19,Social Media Assessment,12
61902217,web development,it,application,Simple,9,2025-08-09,Web Development Application,10
61902218,portfolio management,economics,application,Simple,13,2024-11-14,Portfolio Management Application,3
61902219,financial modeling,economics,application,Complex,14,2024-11-30,Financial Modeling Application,7
61902220,market analysis,economics,registration,Moderate,15,2025-06-23,Market Analysis Registration,10
61902221,brand management,marketing,application,Moderate,15,2025-03-25,Brand Management Application,11
61902222,social media,marketing,application,Complex,7,2025-08-09,Social Media Application,7
61902223,content marketing,marketing,survey,Complex,9,2024-11-13,Content Marketing Survey,9
61902224,portfolio management,economics,application,Moderate,11,2025-03-09,Portfolio Management Application,8
61902225,data science,it,assessment,Moderate,10,2025-08-14,Data Science Assessment,5
61902226,financial modeling,economics,application,Complex,13,2025-07-03,Financial Modeling Application,3
61902227,brand management,marketing,registration,Moderate,10,2025-02-27,Brand Management Registration,11
61902228,portfolio management,economics,survey,Complex,9,2025-02-04,Portfolio Management Survey,4
61902229,social media,marketing,registration,Moderate,6,2025-09-20,Social Media Registration,9
61902230,social media,marketing,survey,Simple,7,2025-04-02,Social Media Survey,10
61902231,web development,it,application,Moderate,14,2025-02-14,Web Development Application,3
61902232,market analysis,economics,application,Complex,14,2025-05-13,Market Analysis Application,5
61902233,cloud computing,it,application,Complex,9,2024-12-13,Cloud Computing Application,6
61902234,market analysis,economics,application,Complex,9,2025-10-25,Market Analysis Application,3
61902235,market analysis,economics,survey,Simple,12,2025-09-11,Market Analysis Survey,8
61902236,social media,marketing,survey,Moderate,6,2025-03-20,Social Media Survey,7
61902237,portfolio management,economics,survey,Complex,7,2024-12-18,Portfolio Management Survey,5
61902238,machine learning,it,application,Complex,5,2025-05-17,Machine Learning Application,9
61902239,content marketing,marketing,application,Complex,10,2025-07-01,Content Marketing Application,5
61902240,cybersecurity,it,registration,Moderate,6,2025-01-17,Cybersecurity Registration,4
61902241,social media,marketing,application,Simple,8,2025-08-29,Social Media Application,7
61902242,digital marketing,marketing,application,Simple,14,2025-09-19,Digital Marketing Application,11
61902243,financial modeling,economics,survey,Moderate,13,2025-01-24,Financial Modeling Survey,5
61902244,investment planning,economics,application,Moderate,8,2025-01-23,Investment Planning Application,7
61902245,machine learning,it,survey,Moderate,9,2025-07-12,Machine Learning Survey,9
61902246,financial modeling,economics,application,Simple,13,2025-08-01,Financial Modeling Application,6
61902247,cloud computing,it,registration,Complex,12,2025-08-29,Cloud Computing Registration,9
61902248,cloud computing,it,application,Complex,15,2025-10-14,Cloud Computing Application,4
61902249,portfolio management,economics,registration,Complex,10,2025-07-01,Portfolio Management Registration,3
61902250,financial modeling,economics,registration,Simple,7,2025-09-02,Financial Modeling Registration,8
61902251,market analysis,economics,application,Moderate,11,2025-07-11,Market Analysis Application,10
61902252,digital marketing,marketing,application,Simple,14,2025-08-30,Digital Marketing Application,5
61902253,market analysis,economics,application,Complex,10,2025-01-21,Market Analysis Application,3
61902254,data science,it,application,Moderate,7,2024-11-08,Data Science Application,10
61902255,investment planning,economics,assessment,Simple,9,2024-12-06,Investment Planning Assessment,10
61902256,market analysis,economics,registration,Simple,10,2025-01-26,Market Analysis Registration,7
61902257,financial modeling,economics,survey,Moderate,7,2025-08-10,Financial Modeling Survey,11
61902258,cybersecurity,it,assessment,Simple,14,2025-02-20,Cybersecurity Assessment,11
61902259,machine learning,it,assessment,Moderate,10,2025-08-24,Machine Learning Assessment,9
61902260,cloud computing,it,application,Moderate,5,2025-02-20,Cloud Computing Application,5
61902261,digital marketing,marketing,assessment,Simple,6,2025-10-14,Digital Marketing Assessment,11
61902262,social media,marketing,registration,Moderate,6,2025-08-27,Social Media Registration,9
61902263,digital marketing,marketing,assessment,Moderate,13,2025-09-10,Digital Marketing Assessment,3
61902264,market analysis,economics,application,Moderate,9,2025-06-10,Market Analysis Application,11
61902265,data science,it,assessment,Simple,6,2025-04-03,Data Science Assessment,11
61902266,social media,marketing,survey,Moderate,12,2025-09-12,Social Media Survey,4
61902267,cloud computing,it,assessment,Complex,5,2025-01-22,Cloud Computing Assessment,8
61902268,market analysis,economics,survey,Complex,13,2025-06-27,Market Analysis Survey,3
61902269,digital marketing,marketing,assessment,Simple,9,2025-05-16,Digital Marketing Assessment,11
61902270,machine learning,it,assessment,Simple,12,2025-09-14,Machine Learning Assessment,9
61902271,content marketing,marketing,registration,Moderate,5,2025-10-08,Content Marketing Registration,11
61902272,web development,it,registration,Complex,13,2025-05-05,Web Development Registration,4
61902273,market analysis,economics,registration,Moderate,9,2025-05-03,Market Analysis Registration,12
61902274,investment planning,economics,survey,Simple,8,2025-01-11,Investment Planning Survey,8
61902275,brand management,marketing,registration,Complex,6,2024-12-30,Brand Management Registration,4
61902276,financial modeling,economics,survey,Moderate,14,2024-10-25,Financial Modeling Survey,9
61902277,brand management,marketing,survey,Moderate,9,2025-09-10,Brand Management Survey,12
61902278,content marketing,marketing,survey,Moderate,7,2024-11-23,Content Marketing Survey,4
61902279,machine learning,it,assessment,Complex,8,2025-06-05,Machine Learning Assessment,12
61902280,brand management,marketing,application,Moderate,10,2024-12-29,Brand Management Application,4
61902281,market analysis,economics,registration,Moderate,5,2025-05-23,Market Analysis Registration,11
61902282,financial modeling,economics,application,Simple,6,2025-04-15,Financial Modeling Application,7
61902283,content marketing,marketing,application,Complex,7,2025-07-22,Content Marketing Application,8
61902284,financial modeling,economics,survey,Moderate,10,2025-08-15,Financial Modeling Survey,9
61902285,data science,it,registration,Simple,11,2025-07-09,Data Science Registration,8
61902286,investment planning,economics,registration,Complex,15,2025-01-12,Investment Planning Registration,12
61902287,financial modeling,economics,assessment,Complex,11,2025-09-08,Financial Modeling Assessment,5
61902288,investment planning,economics,registration,Complex,11,2025-02-05,Investment Planning Registration,6
61902289,brand management,marketing,application,Moderate,10,2025-03-24,Brand Management Application,12
61902290,brand management,marketing,survey,Complex,10,2025-07-15,Brand Management Survey,3
61902291,digital marketing,marketing,registration,Simple,9,2025-06-16,Digital Marketing Registration,8
61902292,portfolio management,economics,assessment,Complex,12,2025-01-14,Portfolio Management Assessment,7
61902293,data science,it,assessment,Complex,14,2025-06-20,Data Science Assessment,5
61902294,portfolio management,economics,registration,Complex,14,2025-10-22,Portfolio Management Registration,3
61902295,financial modeling,economics,assessment,Moderate,6,2025-03-25,Financial Modeling Assessment,12
61902296,cybersecurity,it,assessment,Simple,6,2025-01-19,Cybersecurity Assessment,6
61902297,cybersecurity,it,survey,Complex,9,2025-10-21,Cybersecurity Survey,11
61902298,financial modeling,economics,registration,Complex,7,2025-09-03,Financial Modeling Registration,5
61902299,cybersecurity,it,application,Complex,13,2025-08-10,Cybersecurity Application,12
61902300,market analysis,economics,application,Complex,5,2025-01-30,Market Analysis Application,10
61902301,social media,marketing,survey,Complex,5,2025-03-02,Social Media Survey,3
61902302,market analysis,economics,registration,Moderate,12,2025-04-02,Market Analysis Registration,5
61902303,portfolio management,economics,assessment,Moderate,13,2025-07-23,Portfolio Management Assessment,11
61902304,market analysis,economics,application,Moderate,6,2024-12-27,Market Analysis Application,8
61902305,machine learning,it,application,Moderate,10,2024-12-11,Machine Learning Application,7
61902306,cybersecurity,it,registration,Moderate,12,2025-09-23,Cybersecurity Registration,7
61902307,portfolio management,economics,application,Simple,14,2025-03-19,Portfolio Management Application,4
61902308,web development,it,application,Complex,15,2024-12-22,Web Development Application,12
61902309,financial modeling,economics,survey,Moderate,10,2024-11-07,Financial Modeling Survey,3
61902310,market analysis,economics,survey,Moderate,15,2024-11-02,Market Analysis Survey,3
61902311,portfolio management,economics,registration,Simple,13,2025-02-22,Portfolio Management Registration,8
61902312,social media,marketing,registration,Moderate,7,2025-10-07,Social Media Registration,5
61902313,digital marketing,marketing,application,Simple,9,2025-07-05,Digital Marketing Application,8
61902314,cloud computing,it,survey,Moderate,14,2025-09-03,Cloud Computing Survey,6
61902315,portfolio management,economics,assessment,Moderate,7,2024-12-13,Portfolio Management Assessment,9
61902316,market analysis,economics,registration,Complex,13,2025-08-11,Market Analysis Registration,5
61902317,machine learning,it,application,Moderate,6,2025-05-26,Machine Learning Application,4
61902318,web development,it,assessment,Simple,9,2025-04-27,Web Development Assessment,6
61902319,digital marketing,marketing,application,Moderate,11,2025-08-17,Digital Marketing Application,3
61902320,investment planning,economics,survey,Moderate,6,2025-07-31,Investment Planning Survey,7
61902321,market analysis,economics,survey,Complex,15,2025-05-22,Market Analysis Survey,10
61902322,brand management,marketing,assessment,Complex,10,2025-07-10,Brand Management Assessment,11
61902323,web development,it,survey,Complex,5,2025-07-01,Web Development Survey,9
61902324,web development,it,survey,Moderate,8,2025-01-24,Web Development Survey,5
61902325,brand management,marketing,registration,Complex,12,2025-04-16,Brand Management Registration,11
61902326,digital marketing,marketing,assessment,Simple,14,2025-01-01,Digital Marketing Assessment,8
61902327,content marketing,marketing,registration,Moderate,14,2025-01-04,Content Marketing Registration,8
61902328,cloud computing,it,application,Simple,15,2025-09-04,Cloud Computing Application,3
61902329,cybersecurity,it,assessment,Simple,15,2025-02-18,Cybersecurity Assessment,3
61902330,financial modeling,economics,application,Simple,15,2025-04-19,Financial Modeling Application,7
61902331,cybersecurity,it,application,Simple,14,2025-07-22,Cybersecurity Application,5
61902332,machine learning,it,survey,Complex,15,2024-11-06,Machine Learning Survey,8
61902333,digital marketing,marketing,registration,Simple,7,2024-12-19,Digital Marketing Registration,10
61902334,machine learning,it,registration,Moderate,13,2025-10-09,Machine Learning Registration,12
61902335,content marketing,marketing,application,Moderate,14,2025-05-30,Content Marketing Application,7
61902336,financial modeling,economics,application,Complex,10,2024-12-28,Financial Modeling Application,11
61902337,cybersecurity,it,application,Moderate,8,2025-05-21,Cybersecurity Application,4
61902338,investment planning,economics,registration,Simple,13,2025-04-07,Investment Planning Registration,12
61902339,brand management,marketing,survey,Complex,15,2025-03-17,Brand Management Survey,8
61902340,market analysis,economics,assessment,Simple,9,2025-07-14,Market Analysis Assessment,5
61902341,financial modeling,economics,assessment,Complex,7,2025-03-14,Financial Modeling Assessment,5
61902342,data science,it,application,Simple,6,2025-07-25,Data Science Application,4
61902343,market analysis,economics,assessment,Moderate,10,2025-06-23,Market Analysis Assessment,9
61902344,cybersecurity,it,application,Moderate,6,2025-05-19,Cybersecurity Application,3
61902345,portfolio management,economics,survey,Simple,7,2025-09-20,Portfolio Management Survey,11
61902346,investment planning,economics,assessment,Simple,8,2025-02-18,Investment Planning Assessment,6
61902347,social media,marketing,registration,Complex,10,2025-04-08,Social Media Registration,8
61902348,financial modeling,economics,survey,Complex,7,2025-01-25,Financial Modeling Survey,12
61902349,machine learning,it,assessment,Complex,5,2025-09-01,Machine Learning Assessment,8
61902350,content marketing,marketing,assessment,Complex,12,2024-12-28,Content Marketing Assessment,4
61902351,investment planning,economics,assessment,Complex,13,2025-01-24,Investment Planning Assessment,4
61902352,machine learning,it,application,Complex,8,2025-10-23,Machine Learning Application,6
61902353,digital marketing,marketing,assessment,Complex,7,2025-10-04,Digital Marketing Assessment,12
61902354,investment planning,economics,application,Simple,6,2025-03-07,Investment Planning Application,7
61902355,content marketing,marketing,survey,Complex,7,2025-03-05,Content Marketing Survey,10
61902356,social media,marketing,survey,Simple,13,2025-02-07,Social Media Survey,11
61902357,data science,it,assessment,Moderate,15,2025-04-20,Data Science Assessment,9
61902358,investment planning,economics,survey,Moderate,12,2025-03-13,Investment Planning Survey,5
61902359,market analysis,economics,application,Simple,12,2024-12-24,Market Analysis Application,8
61902360,digital marketing,marketing,application,Complex,12,2025-09-14,Digital Marketing Application,8
61902361,investment planning,economics,application,Complex,13,2025-01-04,Investment Planning Application,5
61902362,cybersecurity,it,application,Moderate,14,2025-09-01,Cybersecurity Application,4
61902363,digital marketing,marketing,registration,Complex,6,2025-09-12,Digital Marketing Registration,4
61902364,market analysis,economics,assessment,Complex,12,2025-02-02,Market Analysis Assessment,5
61902365,market analysis,economics,assessment,Simple,14,2025-02-06,Market Analysis Assessment,8
61902366,portfolio management,economics,assessment,Complex,15,2025-01-19,Portfolio Management Assessment,8
61902367,digital marketing,marketing,assessment,Moderate,15,2025-05-11,Digital Marketing Assessment,9
61902368,digital marketing,marketing,survey,Moderate,7,2025-03-06,Digital Marketing Survey,7
61902369,machine learning,it,registration,Complex,12,2025-09-28,Machine Learning Registration,5
61902370,brand management,marketing,registration,Moderate,12,2025-02-10,Brand Management Registration,6
61902371,investment planning,economics,survey,Moderate,6,2025-01-22,Investment Planning Survey,6
61902372,financial modeling,economics,application,Simple,10,2025-09-26,Financial Modeling Application,10
61902373,cybersecurity,it,assessment,Complex,14,2025-01-27,Cybersecurity Assessment,10
61902374,portfolio management,economics,registration,Moderate,10,2024-12-11,Portfolio Management Registration,3
61902375,financial modeling,economics,assessment,Complex,8,2025-04-19,Financial Modeling Assessment,10
61902376,web development,it,application,Moderate,11,2025-01-28,Web Development Application,10
61902377,social media,marketing,survey,Complex,5,2025-04-28,Social Media Survey,11
61902378,digital marketing,marketing,survey,Simple,6,2025-08-10,Digital Marketing Survey,3
61902379,cybersecurity,it,registration,Simple,13,2025-09-24,Cybersecurity Registration,9
61902380,digital marketing,marketing,registration,Complex,5,2025-05-22,Digital Marketing Registration,11
61902381,cybersecurity,it,application,Complex,6,2025-03-20,Cybersecurity Application,3
61902382,market analysis,economics,application,Moderate,5,2024-12-22,Market Analysis Application,3
61902383,portfolio management,economics,application,Simple,7,2025-09-01,Portfolio Management Application,8
61902384,portfolio management,economics,application,Complex,14,2025-02-13,Portfolio Management Application,7
61902385,market analysis,economics,registration,Simple,9,2025-10-14,Market Analysis Registration,12
61902386,financial modeling,economics,assessment,Simple,6,2025-08-13,Financial Modeling Assessment,11
61902387,digital marketing,marketing,assessment,Simple,14,2024-12-20,Digital Marketing Assessment,12
61902388,social media,marketing,registration,Simple,7,2025-06-18,Social Media Registration,5
61902389,financial modeling,economics,survey,Moderate,11,2025-06-20,Financial Modeling Survey,6
61902390,social media,marketing,assessment,Moderate,13,2025-07-22,Social Media Assessment,11
61902391,web development,it,registration,Moderate,15,2025-08-16,Web Development Registration,11
61902392,web development,it,registration,Complex,14,2025-10-22,Web Development Registration,8
61902393,machine learning,it,assessment,Complex,14,2025-04-30,Machine Learning Assessment,12
61902394,investment planning,economics,survey,Complex,12,2025-08-24,Investment Planning Survey,12
61902395,data science,it,assessment,Complex,5,2024-12-25,Data Science Assessment,12
61902396,data science,it,survey,Simple,11,2025-02-11,Data Science Survey,9
61902397,social media,marketing,assessment,Moderate,11,2025-07-17,Social Media Assessment,3
61902398,machine learning,it,assessment,Complex,12,2025-10-13,Machine Learning Assessment,8
61902399,machine learning,it,registration,Moderate,7,2025-06-17,Machine Learning Registration,6
61902400,social media,marketing,assessment,Simple,11,2025-07-27,Social Media Assessment,6
61902401,cybersecurity,it,survey,Simple,9,2024-11-08,Cybersecurity Survey,7
61902402,machine learning,it,registration,Complex,12,2025-09-13,Machine Learning Registration,9
61902403,data science,it,survey,Complex,5,2025-07-18,Data Science Survey,9
61902404,market analysis,economics,registration,Moderate,6,2024-12-05,Market Analysis Registration,11
61902405,market analysis,economics,registration,Complex,8,2025-08-15,Market Analysis Registration,12
61902406,cloud computing,it,application,Complex,8,2025-07-01,Cloud Computing Application,12
61902407,digital marketing,marketing,assessment,Complex,9,2025-05-07,Digital Marketing Assessment,10
61902408,cybersecurity,it,application,Moderate,14,2024-10-31,Cybersecurity Application,4
61902409,content marketing,marketing,survey,Complex,9,2024-11-03,Content Marketing Survey,4
61902410,web development,it,assessment,Moderate,10,2025-03-16,Web Development Assessment,10
61902411,investment planning,economics,survey,Moderate,11,2025-09-24,Investment Planning Survey,7
61902412,brand management,marketing,survey,Complex,8,2025-04-19,Brand Management Survey,4
61902413,financial modeling,economics,survey,Complex,7,2025-08-25,Financial Modeling Survey,10
61902414,social media,marketing,survey,Simple,6,2025-10-22,Social Media Survey,10
61902415,cybersecurity,it,survey,Moderate,7,2025-03-30,Cybersecurity Survey,6
61902416,web development,it,registration,Simple,13,2024-11-21,Web Development Registration,11
61902417,market analysis,economics,survey,Moderate,13,2025-02-19,Market Analysis Survey,9
61902418,machine learning,it,assessment,Moderate,8,2025-02-22,Machine Learning Assessment,9
61902419,investment planning,economics,assessment,Complex,5,2025-06-02,Investment Planning Assessment,12
61902420,digital marketing,marketing,registration,Moderate,6,2025-04-17,Digital Marketing Registration,4
61902421,brand management,marketing,registration,Complex,7,2024-11-29,Brand Management Registration,4
61902422,content marketing,marketing,application,Moderate,9,2025-07-25,Content Marketing Application,12
61902423,market analysis,economics,survey,Complex,11,2025-03-02,Market Analysis Survey,11
61902424,social media,marketing,application,Simple,9,2025-02-13,Social Media Application,12
61902425,cloud computing,it,registration,Moderate,9,2025-05-09,Cloud Computing Registration,8
61902426,cybersecurity,it,registration,Simple,10,2025-08-31,Cybersecurity Registration,5
61902427,digital marketing,marketing,assessment,Complex,10,2025-01-19,Digital Marketing Assessment,4
61902428,financial modeling,economics,registration,Simple,12,2025-09-07,Financial Modeling Registration,7
61902429,financial modeling,economics,application,Complex,10,2024-11-20,Financial Modeling Application,12
61902430,content marketing,marketing,assessment,Moderate,10,2024-11-05,Content Marketing Assessment,4
61902431,investment planning,economics,application,Simple,14,2025-08-12,Investment Planning Application,5
61902432,web development,it,application,Simple,15,2025-08-15,Web Development Application,4
61902433,data science,it,survey,Simple,13,2025-09-05,Data Science Survey,9
61902434,data science,it,assessment,Simple,13,2025-06-21,Data Science Assessment,4
61902435,market analysis,economics,registration,Complex,5,2025-06-10,Market Analysis Registration,9
61902436,investment planning,economics,assessment,Complex,15,2024-11-28,Investment Planning Assessment,11
61902437,brand management,marketing,assessment,Complex,15,2025-01-28,Brand Management Assessment,7
61902438,market analysis,economics,registration,Moderate,9,2025-06-02,Market Analysis Registration,7
61902439,market analysis,economics,application,Simple,5,2024-11-09,Market Analysis Application,7
61902440,investment planning,economics,survey,Complex,8,2025-09-11,Investment Planning Survey,9
61902441,content marketing,marketing,application,Simple,15,2025-04-12,Content Marketing Application,6
61902442,social media,marketing,assessment,Simple,11,2025-05-20,Social Media Assessment,11
61902443,brand management,marketing,application,Simple,11,2025-08-13,Brand Management Application,7
61902444,social media,marketing,registration,Simple,13,2025-07-04,Social Media Registration,5
61902445,machine learning,it,registration,Simple,11,2025-10-12,Machine Learning Registration,5
61902446,web development,it,survey,Complex,9,2025-07-23,Web Development Survey,8
61902447,machine learning,it,application,Moderate,14,2024-11-13,Machine Learning Application,5
61902448,cloud computing,it,survey,Moderate,5,2025-01-06,Cloud Computing Survey,8
61902449,brand management,marketing,application,Simple,14,2025-07-25,Brand Management Application,12
61902450,digital marketing,marketing,application,Complex,7,2024-10-26,Digital Marketing Application,12
61902451,financial modeling,economics,registration,Moderate,11,2025-03-16,Financial Modeling Registration,8
61902452,portfolio management,economics,survey,Complex,10,2024-11-17,Portfolio Management Survey,8
61902453,machine learning,it,application,Moderate,13,2025-08-06,Machine Learning Application,9
61902454,investment planning,economics,survey,Moderate,11,2024-12-13,Investment Planning Survey,8
61902455,cybersecurity,it,registration,Simple,5,2024-12-25,Cybersecurity Registration,9
61902456,investment planning,economics,registration,Complex,8,2025-05-06,Investment Planning Registration,3
61902457,brand management,marketing,registration,Simple,9,2025-09-17,Brand Management Registration,6
61902458,brand management,marketing,application,Moderate,15,2025-08-10,Brand Management Application,3
61902459,financial modeling,economics,assessment,Simple,9,2025-04-16,Financial Modeling Assessment,4
61902460,machine learning,it,application,Complex,14,2025-02-06,Machine Learning Application,9
61902461,data science,it,registration,Moderate,14,2025-01-28,Data Science Registration,8
61902462,portfolio management,economics,registration,Moderate,11,2025-06-04,Portfolio Management Registration,7
61902463,brand management,marketing,application,Complex,9,2025-02-16,Brand Management Application,12
61902464,financial modeling,economics,assessment,Moderate,13,2024-12-30,Financial Modeling Assessment,10
61902465,market analysis,economics,assessment,Complex,6,2025-08-14,Market Analysis Assessment,11
61902466,portfolio management,economics,survey,Complex,5,2024-12-06,Portfolio Management Survey,10
61902467,data science,it,survey,Moderate,15,2025-02-22,Data Science Survey,11
61902468,web development,it,registration,Moderate,14,2025-05-05,Web Development Registration,4
61902469,cloud computing,it,registration,Complex,15,2025-09-18,Cloud Computing Registration,9
61902470,portfolio management,economics,application,Simple,6,2024-12-18,Portfolio Management Application,11
61902471,social media,marketing,registration,Complex,8,2025-05-08,Social Media Registration,9
61902472,web development,it,assessment,Simple,15,2025-04-22,Web Development Assessment,6
61902473,brand management,marketing,assessment,Complex,10,2025-09-19,Brand Management Assessment,7
61902474,investment planning,economics,registration,Moderate,13,2025-08-16,Investment Planning Registration,12
61902475,financial modeling,economics,survey,Complex,9,2025-04-05,Financial Modeling Survey,9
61902476,financial modeling,economics,survey,Complex,8,2025-02-16,Financial Modeling Survey,8
61902477,cybersecurity,it,survey,Complex,5,2025-09-05,Cybersecurity Survey,6
61902478,cloud computing,it,assessment,Complex,15,2025-02-21,Cloud Computing Assessment,5
61902479,digital marketing,marketing,application,Moderate,9,2025-03-17,Digital Marketing Application,9
61902480,web development,it,survey,Simple,11,2024-11-28,Web Development Survey,12
61902481,data science,it,application,Simple,14,2024-12-13,Data Science Application,5
61902482,digital marketing,marketing,registration,Simple,11,2025-09-16,Digital Marketing Registration,9
61902483,social media,marketing,assessment,Complex,7,2025-09-21,Social Media Assessment,5
61902484,cloud computing,it,application,Moderate,10,2025-10-24,Cloud Computing Application,5
61902485,data science,it,application,Moderate,15,2024-11-01,Data Science Application,5
61902486,market analysis,economics,registration,Moderate,6,2025-03-21,Market Analysis Registration,11
61902487,social media,marketing,application,Moderate,5,2025-05-01,Social Media Application,7
61902488,market analysis,economics,registration,Simple,15,2025-06-19,Market Analysis Registration,9
61902489,machine learning,it,application,Moderate,14,2024-10-31,Machine Learning Application,12
61902490,social media,marketing,registration,Complex,8,2025-01-23,Social Media Registration,12
61902491,investment planning,economics,application,Complex,8,2025-07-22,Investment Planning Application,12
61902492,digital marketing,marketing,registration,Complex,15,2025-01-19,Digital Marketing Registration,7
61902493,brand management,marketing,registration,Moderate,8,2025-10-18,Brand Management Registration,12
61902494,market analysis,economics,assessment,Complex,5,2024-12-19,Market Analysis Assessment,10
61902495,financial modeling,economics,survey,Moderate,13,2025-04-09,Financial Modeling Survey,7
61902496,brand management,marketing,application,Complex,14,2024-10-31,Brand Management Application,5
61902497,data science,it,registration,Moderate,11,2025-01-25,Data Science Registration,12
61902498,digital marketing,marketing,survey,Complex,5,2025-06-10,Digital Marketing Survey,8
61902499,portfolio management,economics,survey,Complex,15,2025-10-17,Portfolio Management Survey,5
61902500,machine learning,it,assessment,Complex,13,2025-08-07,Machine Learning Assessment,11
61902501,investment planning,economics,survey,Complex,9,2025-01-08,Investment Planning Survey,6
61902502,financial modeling,economics,application,Moderate,13,2025-09-25,Financial Modeling Application,4
61902503,cloud computing,it,assessment,Complex,9,2024-12-22,Cloud Computing Assessment,5
61902504,digital marketing,marketing,application,Complex,10,2025-01-02,Digital Marketing Application,8
61902505,market analysis,economics,assessment,Simple,15,2025-01-16,Market Analysis Assessment,7
61902506,web development,it,application,Simple,13,2025-02-16,Web Development Application,7
61902507,data science,it,application,Simple,15,2025-04-30,Data Science Application,7
61902508,financial modeling,economics,registration,Moderate,14,2025-05-05,Financial Modeling Registration,10
61902509,financial modeling,economics,survey,Complex,8,2024-10-27,Financial Modeling Survey,4
61902510,cybersecurity,it,application,Complex,15,2025-09-17,Cybersecurity Application,6
61902511,market analysis,economics,survey,Simple,9,2025-02-26,Market Analysis Survey,8
61902512,investment planning,economics,assessment,Complex,12,2024-11-07,Investment Planning Assessment,8
61902513,data science,it,assessment,Simple,12,2025-04-15,Data Science Assessment,8
61902514,financial modeling,economics,application,Moderate,14,2025-02-12,Financial Modeling Application,5
61902515,brand management,marketing,survey,Simple,11,2025-04-21,Brand Management Survey,5
61902516,investment planning,economics,survey,Complex,13,2025-02-26,Investment Planning Survey,4
61902517,social media,marketing,registration,Moderate,9,2025-05-18,Social Media Registration,9
61902518,social media,marketing,registration,Simple,5,2025-06-08,Social Media Registration,10
61902519,investment planning,economics,application,Simple,12,2025-08-02,Investment Planning Application,10
61902520,web development,it,application,Moderate,7,2025-08-31,Web Development Application,6
61902521,cybersecurity,it,registration,Simple,13,2025-05-31,Cybersecurity Registration,7
61902522,data science,it,survey,Simple,15,2025-09-04,Data Science Survey,3
61902523,financial modeling,economics,assessment,Simple,5,2025-01-30,Financial Modeling Assessment,9
61902524,machine learning,it,assessment,Simple,6,2025-05-23,Machine Learning Assessment,5
61902525,social media,marketing,application,Complex,6,2024-11-15,Social Media Application,3
61902526,cloud computing,it,survey,Simple,14,2025-01-10,Cloud Computing Survey,3
61902527,content marketing,marketing,survey,Simple,12,2025-01-03,Content Marketing Survey,7
61902528,social media,marketing,assessment,Simple,12,2025-08-09,Social Media Assessment,10
61902529,web development,it,registration,Moderate,14,2025-08-14,Web Development Registration,4
61902530,digital marketing,marketing,application,Moderate,5,2025-05-23,Digital Marketing Application,6
61902531,market analysis,economics,assessment,Simple,10,2025-08-21,Market Analysis Assessment,4
61902532,brand management,marketing,survey,Complex,5,2025-07-06,Brand Management Survey,12
61902533,brand management,marketing,survey,Moderate,10,2025-08-02,Brand Management Survey,4
61902534,content marketing,marketing,survey,Complex,14,2025-01-04,Content Marketing Survey,11
61902535,brand management,marketing,survey,Moderate,9,2025-05-16,Brand Management Survey,4
61902536,web development,it,survey,Simple,11,2025-05-05,Web Development Survey,9
61902537,digital marketing,marketing,registration,Moderate,5,2025-03-19,Digital Marketing Registration,4
61902538,brand management,marketing,registration,Simple,9,2025-05-26,Brand Management Registration,8
61902539,investment planning,economics,registration,Simple,11,2025-04-01,Investment Planning Registration,7
61902540,content marketing,marketing,application,Complex,15,2025-04-04,Content Marketing Application,12
61902541,digital marketing,marketing,survey,Simple,7,2025-05-15,Digital Marketing Survey,5
61902542,cloud computing,it,survey,Moderate,12,2025-01-04,Cloud Computing Survey,9
61902543,machine learning,it,survey,Simple,5,2025-10-22,Machine Learning Survey,9
61902544,brand management,marketing,survey,Simple,9,2025-05-24,Brand Management Survey,7
61902545,cloud computing,it,registration,Moderate,13,2025-09-10,Cloud Computing Registration,12
61902546,financial modeling,economics,application,Moderate,8,2025-01-29,Financial Modeling Application,3
61902547,market analysis,economics,assessment,Moderate,12,2025-07-14,Market Analysis Assessment,11
61902548,cybersecurity,it,application,Complex,12,2025-05-28,Cybersecurity Application,6
61902549,social media,marketing,survey,Moderate,15,2025-06-04,Social Media Survey,12
61902550,portfolio management,economics,assessment,Simple,5,2025-02-07,Portfolio Management Assessment,5
61902551,cybersecurity,it,survey,Moderate,6,2025-06-27,Cybersecurity Survey,3
61902552,portfolio management,economics,registration,Simple,12,2024-11-30,Portfolio Management Registration,10
61902553,financial modeling,economics,survey,Complex,8,2025-01-29,Financial Modeling Survey,10
61902554,data science,it,registration,Simple,9,2024-11-19,Data Science Registration,7
61902555,web development,it,assessment,Simple,12,2025-09-19,Web Development Assessment,11
61902556,market analysis,economics,assessment,Simple,9,2024-11-04,Market Analysis Assessment,10
61902557,social media,marketing,registration,Simple,5,2025-09-14,Social Media Registration,6
61902558,cloud computing,it,registration,Simple,12,2025-07-14,Cloud Computing Registration,12
61902559,content marketing,marketing,survey,Complex,11,2025-04-04,Content Marketing Survey,10
61902560,portfolio management,economics,registration,Simple,10,2025-04-21,Portfolio Management Registration,8
61902561,digital marketing,marketing,registration,Simple,9,2025-01-31,Digital Marketing Registration,3
61902562,cybersecurity,it,assessment,Simple,6,2025-10-05,Cybersecurity Assessment,9
61902563,digital marketing,marketing,assessment,Simple,14,2024-11-28,Digital Marketing Assessment,8
61902564,investment planning,economics,survey,Simple,5,2025-10-21,Investment Planning Survey,6
61902565,portfolio management,economics,registration,Simple,13,2025-08-24,Portfolio Management Registration,5
61902566,machine learning,it,survey,Moderate,15,2025-04-24,Machine Learning Survey,10
61902567,financial modeling,economics,assessment,Moderate,5,2025-01-10,Financial Modeling Assessment,4
61902568,portfolio management,economics,registration,Moderate,8,2025-09-18,Portfolio Management Registration,11
61902569,data science,it,survey,Moderate,10,2025-05-25,Data Science Survey,9
61902570,financial modeling,economics,application,Moderate,10,2025-03-28,Financial Modeling Application,7
61902571,cybersecurity,it,assessment,Simple,15,2025-03-15,Cybersecurity Assessment,8
61902572,content marketing,marketing,registration,Simple,14,2025-04-14,Content Marketing Registration,8
61902573,financial modeling,economics,application,Complex,9,2025-10-14,Financial Modeling Application,12
61902574,portfolio management,economics,application,Simple,6,2024-12-25,Portfolio Management Application,6
61902575,data science,it,assessment,Simple,9,2024-12-23,Data Science Assessment,10
61902576,machine learning,it,registration,Complex,11,2025-05-16,Machine Learning Registration,12
61902577,web development,it,registration,Simple,15,2024-12-26,Web Development Registration,12
61902578,portfolio management,economics,assessment,Moderate,9,2025-06-19,Portfolio Management Assessment,10
61902579,social media,marketing,assessment,Moderate,10,2025-09-23,Social Media Assessment,9
61902580,market analysis,economics,assessment,Complex,9,2025-08-11,Market Analysis Assessment,10
61902581,financial modeling,economics,registration,Moderate,9,2025-08-20,Financial Modeling Registration,5
61902582,cloud computing,it,application,Complex,12,2025-03-08,Cloud Computing Application,9
61902583,cybersecurity,it,registration,Simple,9,2025-07-25,Cybersecurity Registration,7
61902584,portfolio management,economics,registration,Moderate,7,2024-10-25,Portfolio Management Registration,5
61902585,portfolio management,economics,application,Complex,10,2025-02-19,Portfolio Management Application,10
61902586,content marketing,marketing,survey,Simple,12,2025-03-08,Content Marketing Survey,11
61902587,market analysis,economics,registration,Complex,8,2025-09-27,Market Analysis Registration,7
61902588,market analysis,economics,survey,Simple,7,2025-03-04,Market Analysis Survey,3
61902589,content marketing,marketing,survey,Complex,8,2025-03-10,Content Marketing Survey,11
61902590,investment planning,economics,survey,Complex,6,2025-02-08,Investment Planning Survey,7
61902591,portfolio management,economics,application,Moderate,10,2025-02-24,Portfolio Management Application,7
61902592,cybersecurity,it,assessment,Simple,5,2025-10-06,Cybersecurity Assessment,3
61902593,data science,it,application,Simple,5,2025-05-13,Data Science Application,3
61902594,market analysis,economics,assessment,Simple,13,2025-06-27,Market Analysis Assessment,11
61902595,web development,it,assessment,Simple,11,2025-02-28,Web Development Assessment,8
61902596,cloud computing,it,survey,Simple,7,2025-05-03,Cloud Computing Survey,4
61902597,portfolio management,economics,application,Simple,15,2025-06-21,Portfolio Management Application,3
61902598,content marketing,marketing,registration,Complex,8,2025-06-08,Content Marketing Registration,9
61902599,brand management,marketing,assessment,Moderate,13,2025-04-02,Brand Management Assessment,6
61902600,social media,marketing,assessment,Moderate,6,2025-05-23,Social Media Assessment,7
61902601,digital marketing,marketing,survey,Simple,6,2025-05-25,Digital Marketing Survey,7
61902602,content marketing,marketing,registration,Simple,9,2025-10-08,Content Marketing Registration,7
61902603,digital marketing,marketing,survey,Moderate,7,2024-11-19,Digital Marketing Survey,5
61902604,social media,marketing,assessment,Simple,15,2025-08-26,Social Media Assessment,4
61902605,investment planning,economics,survey,Complex,6,2025-02-22,Investment Planning Survey,5
61902606,digital marketing,marketing,assessment,Simple,15,2025-02-28,Digital Marketing Assessment,12
61902607,portfolio management,economics,registration,Simple,10,2025-09-21,Portfolio Management Registration,4
61902608,cloud computing,it,survey,Simple,6,2025-07-29,Cloud Computing Survey,5
61902609,content marketing,marketing,assessment,Moderate,8,2025-04-06,Content Marketing Assessment,10
61902610,social media,marketing,application,Complex,6,2025-09-17,Social Media Application,4
61902611,data science,it,survey,Simple,9,2025-05-27,Data Science Survey,6
61902612,machine learning,it,registration,Simple,6,2024-12-26,Machine Learning Registration,10
61902613,investment planning,economics,survey,Complex,8,2025-05-04,Investment Planning Survey,9
61902614,content marketing,marketing,registration,Simple,15,2025-05-05,Content Marketing Registration,8
61902615,financial modeling,economics,application,Moderate,15,2025-09-02,Financial Modeling Application,9
61902616,content marketing,marketing,assessment,Complex,8,2025-08-26,Content Marketing Assessment,10
61902617,cloud computing,it,assessment,Simple,15,2024-11-15,Cloud Computing Assessment,3
61902618,market analysis,economics,application,Complex,11,2025-01-14,Market Analysis Application,7
61902619,data science,it,registration,Complex,7,2025-08-14,Data Science Registration,10
61902620,machine learning,it,assessment,Simple,8,2025-02-09,Machine Learning Assessment,7
61902621,machine learning,it,application,Complex,8,2024-10-30,Machine Learning Application,6
61902622,social media,marketing,survey,Moderate,12,2025-03-04,Social Media Survey,8
61902623,market analysis,economics,assessment,Complex,6,2025-03-06,Market Analysis Assessment,11
61902624,investment planning,economics,assessment,Complex,6,2024-12-17,Investment Planning Assessment,3
61902625,web development,it,survey,Moderate,13,2025-03-22,Web Development Survey,7
61902626,digital marketing,marketing,application,Simple,8,2025-07-17,Digital Marketing Application,10
61902627,data science,it,registration,Simple,10,2024-12-31,Data Science Registration,11
61902628,machine learning,it,registration,Complex,10,2025-06-17,Machine Learning Registration,10
61902629,data science,it,application,Simple,6,2024-12-17,Data Science Application,4
61902630,investment planning,economics,assessment,Complex,14,2025-04-08,Investment Planning Assessment,4
61902631,cloud computing,it,application,Moderate,12,2025-04-19,Cloud Computing Application,7
61902632,cybersecurity,it,assessment,Complex,6,2025-04-15,Cybersecurity Assessment,5
61902633,portfolio management,economics,assessment,Complex,6,2025-01-10,Portfolio Management Assessment,5
61902634,market analysis,economics,application,Moderate,12,2025-01-20,Market Analysis Application,4
61902635,portfolio management,economics,assessment,Moderate,5,2025-02-10,Portfolio Management Assessment,8
61902636,social media,marketing,assessment,Simple,8,2025-09-12,Social Media Assessment,11
61902637,investment planning,economics,application,Simple,15,2025-07-31,Investment Planning Application,10
61902638,digital marketing,marketing,survey,Complex,10,2024-11-01,Digital Marketing Survey,5
61902639,data science,it,application,Complex,11,2025-09-06,Data Science Application,8
61902640,brand management,marketing,assessment,Simple,9,2025-02-22,Brand Management Assessment,6
61902641,content marketing,marketing,application,Complex,9,2024-12-30,Content Marketing Application,4
61902642,market analysis,economics,application,Complex,6,2025-09-14,Market Analysis Application,12
61902643,brand management,marketing,assessment,Complex,12,2025-06-22,Brand Management Assessment,10
61902644,web development,it,application,Moderate,5,2025-04-17,Web Development Application,9
61902645,portfolio management,economics,registration,Complex,9,2025-07-11,Portfolio Management Registration,3
61902646,market analysis,economics,application,Simple,7,2025-03-31,Market Analysis Application,8
61902647,financial modeling,economics,survey,Complex,14,2025-04-26,Financial Modeling Survey,4
61902648,digital marketing,marketing,application,Moderate,7,2025-04-21,Digital Marketing Application,12
61902649,financial modeling,economics,assessment,Simple,5,2025-01-16,Financial Modeling Assessment,9
61902650,financial modeling,economics,application,Simple,5,2025-03-16,Financial Modeling Application,12
61902651,web development,it,registration,Complex,13,2025-10-22,Web Development Registration,7
61902652,content marketing,marketing,assessment,Moderate,9,2025-08-20,Content Marketing Assessment,5
61902653,brand management,marketing,survey,Complex,5,2025-03-03,Brand Management Survey,4
61902654,social media,marketing,application,Simple,11,2025-03-14,Social Media Application,9
61902655,brand management,marketing,survey,Simple,6,2025-02-23,Brand Management Survey,11
61902656,web development,it,registration,Moderate,12,2025-10-22,Web Development Registration,10
61902657,social media,marketing,assessment,Simple,14,2025-04-23,Social Media Assessment,8
61902658,financial modeling,economics,assessment,Moderate,10,2025-08-17,Financial Modeling Assessment,6
61902659,machine learning,it,registration,Simple,15,2024-11-19,Machine Learning Registration,4
61902660,machine learning,it,application,Moderate,5,2025-07-23,Machine Learning Application,12
61902661,cloud computing,it,survey,Simple,9,2025-05-15,Cloud Computing Survey,11
61902662,web development,it,registration,Simple,10,2025-06-05,Web Development Registration,10
61902663,cloud computing,it,assessment,Moderate,9,2025-07-04,Cloud Computing Assessment,5
61902664,machine learning,it,assessment,Simple,13,2025-07-05,Machine Learning Assessment,6
61902665,data science,it,application,Simple,13,2025-09-08,Data Science Application,7
61902666,investment planning,economics,application,Simple,6,2025-07-22,Investment Planning Application,9
61902667,web development,it,registration,Complex,9,2025-03-02,Web Development Registration,3
61902668,cybersecurity,it,survey,Moderate,14,2025-07-22,Cybersecurity Survey,4
61902669,cybersecurity,it,application,Complex,13,2025-02-10,Cybersecurity Application,5
61902670,content marketing,marketing,assessment,Moderate,9,2025-02-28,Content Marketing Assessment,6
61902671,investment planning,economics,registration,Moderate,7,2025-05-25,Investment Planning Registration,3
61902672,cybersecurity,it,survey,Complex,6,2025-08-03,Cybersecurity Survey,4
61902673,social media,marketing,registration,Complex,13,2024-12-25,Social Media Registration,4
61902674,portfolio management,economics,registration,Simple,12,2025-06-16,Portfolio Management Registration,5
61902675,web development,it,application,Complex,7,2025-08-12,Web Development Application,11
61902676,investment planning,economics,assessment,Simple,7,2025-07-27,Investment Planning Assessment,11
61902677,brand management,marketing,registration,Complex,14,2025-05-24,Brand Management Registration,11
61902678,investment planning,economics,registration,Moderate,15,2024-11-13,Investment Planning Registration,8
61902679,web development,it,survey,Moderate,6,2025-02-21,Web Development Survey,5
61902680,market analysis,economics,survey,Moderate,13,2024-12-24,Market Analysis Survey,8
61902681,data science,it,registration,Moderate,5,2025-10-02,Data Science Registration,8
61902682,content marketing,marketing,survey,Moderate,8,2025-01-20,Content Marketing Survey,11
61902683,digital marketing,marketing,assessment,Moderate,6,2025-03-12,Digital Marketing Assessment,3
61902684,social media,marketing,application,Moderate,8,2024-11-07,Social Media Application,8
61902685,portfolio management,economics,assessment,Moderate,13,2024-12-14,Portfolio Management Assessment,11
61902686,social media,marketing,survey,Simple,15,2025-05-06,Social Media Survey,12
61902687,content marketing,marketing,assessment,Simple,10,2024-11-19,Content Marketing Assessment,3
61902688,brand management,marketing,survey,Complex,5,2025-10-11,Brand Management Survey,11
61902689,content marketing,marketing,survey,Moderate,13,2025-05-04,Content Marketing Survey,7
61902690,market analysis,economics,assessment,Moderate,15,2025-05-02,Market Analysis Assessment,9
61902691,web development,it,survey,Simple,15,2024-11-25,Web Development Survey,3
61902692,financial modeling,economics,survey,Moderate,10,2024-11-18,Financial Modeling Survey,7
61902693,cloud computing,it,registration,Simple,15,2024-12-30,Cloud Computing Registration,3
61902694,brand management,marketing,assessment,Complex,8,2025-03-03,Brand Management Assessment,8
61902695,cybersecurity,it,registration,Simple,11,2025-02-05,Cybersecurity Registration,4
61902696,investment planning,economics,registration,Complex,11,2025-05-25,Investment Planning Registration,8
61902697,market analysis,economics,assessment,Moderate,5,2025-10-16,Market Analysis Assessment,8
61902698,machine learning,it,assessment,Complex,9,2025-10-23,Machine Learning Assessment,10
61902699,investment planning,economics,registration,Complex,12,2025-01-03,Investment Planning Registration,3
61902700,financial modeling,economics,assessment,Complex,14,2025-05-26,Financial Modeling Assessment,4
61902701,market analysis,economics,registration,Complex,14,2025-09-15,Market Analysis Registration,9
61902702,data science,it,assessment,Moderate,8,2025-05-02,Data Science Assessment,6
61902703,machine learning,it,survey,Simple,5,2025-01-06,Machine Learning Survey,3
61902704,financial modeling,economics,application,Simple,8,2025-01-09,Financial Modeling Application,11
61902705,digital marketing,marketing,registration,Complex,12,2025-06-21,Digital Marketing Registration,12
61902706,cloud computing,it,registration,Simple,14,2025-07-01,Cloud Computing Registration,11
61902707,web development,it,survey,Simple,11,2025-05-07,Web Development Survey,12
61902708,social media,marketing,registration,Moderate,9,2024-12-31,Social Media Registration,4
61902709,web development,it,registration,Simple,10,2025-03-15,Web Development Registration,10
61902710,web development,it,survey,Moderate,5,2025-07-17,Web Development Survey,9
61902711,content marketing,marketing,survey,Complex,15,2025-08-15,Content Marketing Survey,7
61902712,content marketing,marketing,survey,Simple,12,2025-02-21,Content Marketing Survey,9
61902713,machine learning,it,assessment,Moderate,15,2025-04-30,Machine Learning Assessment,3
61902714,web development,it,registration,Complex,15,2025-10-12,Web Development Registration,8
61902715,social media,marketing,registration,Moderate,12,2025-01-05,Social Media Registration,7
61902716,financial modeling,economics,registration,Complex,14,2025-04-15,Financial Modeling Registration,12
61902717,portfolio management,economics,survey,Simple,9,2025-05-10,Portfolio Management Survey,9
61902718,portfolio management,economics,assessment,Moderate,5,2025-07-12,Portfolio Management Assessment,9
61902719,machine learning,it,survey,Complex,15,2025-10-15,Machine Learning Survey,12
61902720,social media,marketing,survey,Moderate,6,2025-03-21,Social Media Survey,7
61902721,digital marketing,marketing,assessment,Complex,9,2025-03-18,Digital Marketing Assessment,10
61902722,digital marketing,marketing,registration,Simple,13,2025-06-28,Digital Marketing Registration,8
61902723,cloud computing,it,registration,Moderate,9,2025-02-04,Cloud Computing Registration,6
61902724,digital marketing,marketing,assessment,Moderate,14,2025-03-31,Digital Marketing Assessment,11
61902725,market analysis,economics,survey,Complex,7,2025-01-27,Market Analysis Survey,6
61902726,web development,it,registration,Simple,7,2025-01-23,Web Development Registration,5
61902727,brand management,marketing,survey,Complex,5,2025-04-24,Brand Management Survey,8
61902728,financial modeling,economics,survey,Complex,11,2025-09-08,Financial Modeling Survey,9
61902729,cloud computing,it,survey,Moderate,15,2025-02-13,Cloud Computing Survey,10
61902730,web development,it,survey,Simple,10,2025-06-19,Web Development Survey,10
61902731,cybersecurity,it,registration,Moderate,13,2025-06-14,Cybersecurity Registration,9
61902732,portfolio management,economics,assessment,Moderate,8,2025-01-16,Portfolio Management Assessment,5
61902733,data science,it,application,Complex,13,2024-12-08,Data Science Application,12
61902734,financial modeling,economics,registration,Simple,11,2025-05-29,Financial Modeling Registration,5
61902735,portfolio management,economics,registration,Complex,15,2025-05-15,Portfolio Management Registration,4
61902736,content marketing,marketing,application,Simple,11,2025-05-03,Content Marketing Application,12
61902737,web development,it,assessment,Moderate,11,2025-04-28,Web Development Assessment,6
61902738,digital marketing,marketing,registration,Complex,13,2024-11-08,Digital Marketing Registration,10
61902739,machine learning,it,application,Complex,15,2024-11-08,Machine Learning Application,5
61902740,content marketing,marketing,assessment,Complex,8,2025-03-09,Content Marketing Assessment,5
61902741,machine learning,it,survey,Moderate,12,2025-08-17,Machine Learning Survey,5
61902742,financial modeling,economics,registration,Moderate,15,2024-12-14,Financial Modeling Registration,4
61902743,brand management,marketing,registration,Simple,8,2025-05-27,Brand Management Registration,4
61902744,machine learning,it,application,Simple,7,2025-10-09,Machine Learning Application,8
61902745,cloud computing,it,assessment,Complex,8,2025-04-07,Cloud Computing Assessment,11
61902746,machine learning,it,application,Complex,9,2025-09-30,Machine Learning Application,8
61902747,digital marketing,marketing,application,Moderate,7,2024-11-17,Digital Marketing Application,9
61902748,brand management,marketing,assessment,Complex,13,2025-01-12,Brand Management Assessment,6
61902749,content marketing,marketing,registration,Simple,10,2024-11-26,Content Marketing Registration,3
61902750,cybersecurity,it,application,Complex,13,2025-06-11,Cybersecurity Application,7
61902751,market analysis,economics,survey,Complex,10,2025-03-17,Market Analysis Survey,5
61902752,investment planning,economics,registration,Moderate,15,2025-01-14,Investment Planning Registration,4
61902753,investment planning,economics,survey,Complex,14,2025-07-20,Investment Planning Survey,5
61902754,portfolio management,economics,survey,Moderate,15,2025-04-18,Portfolio Management Survey,5
61902755,financial modeling,economics,survey,Simple,5,2025-06-24,Financial Modeling Survey,11
61902756,cloud computing,it,registration,Simple,8,2025-07-23,Cloud Computing Registration,3
61902757,investment planning,economics,application,Simple,6,2025-09-16,Investment Planning Application,4
61902758,social media,marketing,application,Simple,15,2024-12-27,Social Media Application,3
61902759,digital marketing,marketing,assessment,Complex,9,2025-06-20,Digital Marketing Assessment,3
61902760,investment planning,economics,application,Simple,8,2025-09-16,Investment Planning Application,10
61902761,cloud computing,it,assessment,Complex,8,2025-08-18,Cloud Computing Assessment,4
61902762,data science,it,assessment,Complex,15,2025-03-17,Data Science Assessment,9
61902763,brand management,marketing,survey,Complex,13,2025-09-23,Brand Management Survey,12
61902764,social media,marketing,assessment,Complex,13,2025-04-08,Social Media Assessment,3
61902765,digital marketing,marketing,survey,Complex,9,2025-01-07,Digital Marketing Survey,3
61902766,investment planning,economics,application,Simple,8,2025-04-25,Investment Planning Application,11
61902767,cloud computing,it,registration,Simple,13,2025-05-29,Cloud Computing Registration,7
61902768,social media,marketing,registration,Complex,9,2025-08-28,Social Media Registration,5
61902769,machine learning,it,assessment,Simple,8,2025-05-13,Machine Learning Assessment,7
61902770,portfolio management,economics,assessment,Complex,7,2025-05-01,Portfolio Management Assessment,5
61902771,financial modeling,economics,assessment,Simple,9,2025-09-18,Financial Modeling Assessment,12
61902772,portfolio management,economics,assessment,Moderate,12,2025-02-16,Portfolio Management Assessment,10
61902773,machine learning,it,survey,Moderate,5,2025-10-02,Machine Learning Survey,12
61902774,market analysis,economics,registration,Complex,12,2025-01-03,Market Analysis Registration,9
61902775,portfolio management,economics,registration,Complex,9,2025-08-25,Portfolio Management Registration,4
61902776,market analysis,economics,registration,Complex,10,2025-01-17,Market Analysis Registration,6
61902777,data science,it,assessment,Simple,6,2025-08-04,Data Science Assessment,5
61902778,cloud computing,it,assessment,Moderate,5,2024-11-06,Cloud Computing Assessment,11
61902779,portfolio management,economics,survey,Moderate,11,2025-08-27,Portfolio Management Survey,5
61902780,digital marketing,marketing,registration,Complex,5,2024-12-11,Digital Marketing Registration,5
61902781,portfolio management,economics,application,Moderate,13,2025-08-04,Portfolio Management Application,11
61902782,data science,it,survey,Complex,15,2025-03-09,Data Science Survey,7
61902783,brand management,marketing,survey,Moderate,10,2025-01-04,Brand Management Survey,6
61902784,brand management,marketing,assessment,Complex,7,2025-06-07,Brand Management Assessment,4
61902785,market analysis,economics,survey,Complex,11,2024-12-10,Market Analysis Survey,4
61902786,portfolio management,economics,assessment,Simple,7,2025-04-28,Portfolio Management Assessment,6
61902787,portfolio management,economics,registration,Simple,7,2025-06-14,Portfolio Management Registration,6
61902788,cybersecurity,it,survey,Simple,10,2025-05-07,Cybersecurity Survey,8
61902789,data science,it,survey,Simple,6,2025-05-31,Data Science Survey,4
61902790,social media,marketing,survey,Moderate,13,2024-12-12,Social Media Survey,6
61902791,content marketing,marketing,application,Complex,10,2025-07-08,Content Marketing Application,10
61902792,web development,it,application,Moderate,9,2025-08-28,Web Development Application,9
61902793,brand management,marketing,assessment,Complex,6,2025-05-08,Brand Management Assessment,7
61902794,cybersecurity,it,registration,Moderate,13,2024-11-05,Cybersecurity Registration,12
61902795,brand management,marketing,registration,Complex,13,2024-12-24,Brand Management Registration,10
61902796,content marketing,marketing,application,Complex,7,2025-08-12,Content Marketing Application,7
61902797,market analysis,economics,application,Simple,5,2025-09-14,Market Analysis Application,4
61902798,brand management,marketing,assessment,Moderate,9,2025-01-20,Brand Management Assessment,7
61902799,brand management,marketing,assessment,Complex,8,2025-08-27,Brand Management Assessment,7
61902800,cybersecurity,it,survey,Simple,11,2025-01-20,Cybersecurity Survey,12
61902801,market analysis,economics,registration,Simple,10,2025-03-11,Market Analysis Registration,6
61902802,portfolio management,economics,application,Simple,5,2024-11-18,Portfolio Management Application,6
61902803,financial modeling,economics,survey,Moderate,5,2025-05-16,Financial Modeling Survey,12
61902804,content marketing,marketing,registration,Simple,12,2025-01-20,Content Marketing Registration,10
61902805,market analysis,economics,registration,Moderate,12,2025-10-25,Market Analysis Registration,5
61902806,financial modeling,economics,registration,Simple,11,2025-01-04,Financial Modeling Registration,3
61902807,social media,marketing,registration,Moderate,15,2025-02-21,Social Media Registration,10
61902808,cybersecurity,it,registration,Moderate,5,2025-09-03,Cybersecurity Registration,11
61902809,brand management,marketing,assessment,Complex,8,2025-06-08,Brand Management Assessment,12
61902810,financial modeling,economics,application,Complex,12,2024-12-18,Financial Modeling Application,9
61902811,cloud computing,it,registration,Simple,13,2025-10-24,Cloud Computing Registration,4
61902812,cybersecurity,it,application,Complex,15,2025-04-24,Cybersecurity Application,6
61902813,portfolio management,economics,survey,Simple,9,2025-04-14,Portfolio Management Survey,9
61902814,content marketing,marketing,survey,Simple,7,2025-09-05,Content Marketing Survey,7
61902815,market analysis,economics,survey,Complex,14,2025-07-06,Market Analysis Survey,8
61902816,digital marketing,marketing,survey,Simple,15,2025-05-10,Digital Marketing Survey,9
61902817,social media,marketing,application,Simple,7,2024-12-16,Social Media Application,6
61902818,portfolio management,economics,registration,Moderate,8,2025-08-19,Portfolio Management Registration,10
61902819,cloud computing,it,application,Moderate,5,2024-12-26,Cloud Computing Application,5
61902820,brand management,marketing,survey,Moderate,8,2025-09-27,Brand Management Survey,6
61902821,machine learning,it,survey,Simple,11,2025-10-02,Machine Learning Survey,12
61902822,social media,marketing,survey,Simple,15,2025-05-04,Social Media Survey,10
61902823,cybersecurity,it,survey,Moderate,13,2025-08-12,Cybersecurity Survey,3
61902824,social media,marketing,application,Simple,9,2025-09-20,Social Media Application,11
61902825,market analysis,economics,assessment,Moderate,15,2025-02-25,Market Analysis Assessment,9
61902826,financial modeling,economics,application,Simple,9,2025-04-19,Financial Modeling Application,6
61902827,digital marketing,marketing,survey,Moderate,7,2024-12-05,Digital Marketing Survey,6
61902828,data science,it,application,Simple,7,2025-04-28,Data Science Application,7
61902829,content marketing,marketing,assessment,Complex,10,2025-07-11,Content Marketing Assessment,6
61902830,financial modeling,economics,registration,Moderate,9,2025-04-28,Financial Modeling Registration,12
61902831,financial modeling,economics,registration,Simple,7,2024-11-26,Financial Modeling Registration,9
61902832,cybersecurity,it,survey,Simple,10,2025-07-18,Cybersecurity Survey,10
61902833,content marketing,marketing,application,Complex,15,2024-12-09,Content Marketing Application,12
61902834,content marketing,marketing,application,Simple,9,2025-03-31,Content Marketing Application,5
61902835,financial modeling,economics,assessment,Moderate,5,2025-03-13,Financial Modeling Assessment,7
61902836,data science,it,survey,Simple,8,2025-05-09,Data Science Survey,6
61902837,digital marketing,marketing,survey,Simple,5,2025-03-11,Digital Marketing Survey,6
61902838,investment planning,economics,assessment,Simple,11,2025-01-07,Investment Planning Assessment,10
61902839,web development,it,application,Complex,5,2024-10-27,Web Development Application,10
61902840,brand management,marketing,application,Moderate,12,2025-05-25,Brand Management Application,7
61902841,digital marketing,marketing,survey,Complex,10,2025-02-03,Digital Marketing Survey,9
61902842,web development,it,application,Simple,7,2025-07-14,Web Development Application,12
61902843,data science,it,assessment,Moderate,9,2024-12-30,Data Science Assessment,6
61902844,content marketing,marketing,survey,Moderate,9,2025-03-10,Content Marketing Survey,3
61902845,digital marketing,marketing,assessment,Simple,15,2025-06-10,Digital Marketing Assessment,9
61902846,digital marketing,marketing,assessment,Moderate,5,2024-11-08,Digital Marketing Assessment,7
61902847,market analysis,economics,registration,Moderate,7,2024-12-19,Market Analysis Registration,3
61902848,brand management,marketing,registration,Moderate,13,2025-05-02,Brand Management Registration,10
61902849,investment planning,economics,application,Moderate,9,2025-01-18,Investment Planning Application,6
61902850,market analysis,economics,application,Simple,10,2025-02-20,Market Analysis Application,10
61902851,social media,marketing,assessment,Moderate,6,2025-02-15,Social Media Assessment,4
61902852,brand management,marketing,application,Simple,14,2025-10-23,Brand Management Application,6
61902853,social media,marketing,assessment,Moderate,14,2025-08-28,Social Media Assessment,4
61902854,cloud computing,it,survey,Simple,13,2024-11-29,Cloud Computing Survey,9
61902855,market analysis,economics,registration,Moderate,11,2025-05-17,Market Analysis Registration,3
61902856,web development,it,registration,Simple,12,2025-08-26,Web Development Registration,9
61902857,brand management,marketing,assessment,Moderate,5,2025-08-13,Brand Management Assessment,9
61902858,data science,it,assessment,Moderate,11,2025-05-13,Data Science Assessment,7
61902859,market analysis,economics,survey,Simple,8,2025-08-14,Market Analysis Survey,10
61902860,social media,marketing,survey,Moderate,13,2025-04-20,Social Media Survey,3
61902861,financial modeling,economics,survey,Complex,6,2025-02-18,Financial Modeling Survey,7
61902862,market analysis,economics,registration,Simple,7,2025-10-20,Market Analysis Registration,10
61902863,investment planning,economics,application,Complex,14,2025-07-03,Investment Planning Application,10
61902864,financial modeling,economics,survey,Moderate,9,2025-03-16,Financial Modeling Survey,4
61902865,cybersecurity,it,assessment,Simple,8,2025-02-24,Cybersecurity Assessment,9
61902866,financial modeling,economics,assessment,Moderate,15,2025-06-11,Financial Modeling Assessment,7
61902867,market analysis,economics,application,Complex,10,2024-12-07,Market Analysis Application,4
61902868,market analysis,economics,registration,Simple,10,2025-06-15,Market Analysis Registration,5
61902869,digital marketing,marketing,assessment,Moderate,10,2024-10-29,Digital Marketing Assessment,3
61902870,digital marketing,marketing,survey,Complex,9,2025-02-03,Digital Marketing Survey,7
61902871,brand management,marketing,assessment,Moderate,8,2024-12-26,Brand Management Assessment,7
61902872,market analysis,economics,application,Moderate,13,2025-02-26,Market Analysis Application,3
61902873,cybersecurity,it,application,Moderate,6,2025-05-28,Cybersecurity Application,8
61902874,digital marketing,marketing,registration,Complex,8,2025-06-07,Digital Marketing Registration,5
61902875,machine learning,it,registration,Complex,11,2025-03-22,Machine Learning Registration,3
61902876,content marketing,marketing,survey,Complex,9,2025-04-16,Content Marketing Survey,4
61902877,digital marketing,marketing,registration,Moderate,7,2025-04-15,Digital Marketing Registration,10
61902878,brand management,marketing,registration,Complex,10,2025-02-27,Brand Management Registration,4
61902879,social media,marketing,survey,Complex,7,2025-06-26,Social Media Survey,8
61902880,web development,it,application,Simple,11,2024-11-15,Web Development Application,7
61902881,content marketing,marketing,registration,Moderate,11,2025-09-21,Content Marketing Registration,9
61902882,cloud computing,it,registration,Simple,8,2025-06-21,Cloud Computing Registration,7
61902883,cloud computing,it,assessment,Simple,13,2025-07-20,Cloud Computing Assessment,11
61902884,portfolio management,economics,survey,Moderate,5,2025-09-25,Portfolio Management Survey,11
61902885,cloud computing,it,application,Moderate,14,2024-12-19,Cloud Computing Application,5
61902886,cloud computing,it,registration,Simple,8,2025-03-29,Cloud Computing Registration,4
61902887,content marketing,marketing,application,Moderate,15,2025-05-16,Content Marketing Application,10
61902888,cybersecurity,it,assessment,Moderate,5,2025-01-01,Cybersecurity Assessment,10
61902889,investment planning,economics,assessment,Moderate,15,2025-01-18,Investment Planning Assessment,4
61902890,digital marketing,marketing,survey,Complex,6,2025-04-12,Digital Marketing Survey,11
61902891,machine learning,it,survey,Complex,5,2024-12-03,Machine Learning Survey,10
61902892,brand management,marketing,survey,Moderate,12,2025-02-04,Brand Management Survey,3
61902893,portfolio management,economics,assessment,Moderate,12,2025-04-08,Portfolio Management Assessment,6
61902894,data science,it,survey,Simple,7,2024-10-27,Data Science Survey,3
61902895,investment planning,economics,survey,Moderate,7,2025-03-25,Investment Planning Survey,6
61902896,brand management,marketing,registration,Simple,13,2024-12-10,Brand Management Registration,3
61902897,brand management,marketing,application,Simple,8,2024-12-26,Brand Management Application,12
61902898,digital marketing,marketing,assessment,Complex,7,2025-02-12,Digital Marketing Assessment,11
61902899,social media,marketing,application,Simple,6,2024-11-26,Social Media Application,4
61902900,cloud computing,it,survey,Moderate,7,2025-06-20,Cloud Computing Survey,10
61902901,investment planning,economics,application,Complex,12,2025-02-05,Investment Planning Application,11
61902902,social media,marketing,registration,Moderate,5,2025-07-18,Social Media Registration,11
61902903,digital marketing,marketing,assessment,Complex,7,2024-11-27,Digital Marketing Assessment,8
61902904,data science,it,survey,Moderate,13,2025-01-16,Data Science Survey,7
61902905,web development,it,survey,Simple,6,2025-01-15,Web Development Survey,4
61902906,web development,it,application,Moderate,6,2025-07-22,Web Development Application,7
61902907,social media,marketing,survey,Complex,9,2025-10-13,Social Media Survey,10
61902908,market analysis,economics,survey,Complex,5,2025-07-18,Market Analysis Survey,11
61902909,brand management,marketing,application,Complex,12,2024-11-18,Brand Management Application,5
61902910,cloud computing,it,survey,Moderate,5,2025-08-06,Cloud Computing Survey,9
61902911,data science,it,registration,Moderate,15,2025-09-17,Data Science Registration,8
61902912,market analysis,economics,registration,Simple,11,2025-02-03,Market Analysis Registration,3
61902913,market analysis,economics,survey,Simple,6,2024-11-10,Market Analysis Survey,12
61902914,cloud computing,it,survey,Complex,14,2025-01-08,Cloud Computing Survey,3
61902915,investment planning,economics,survey,Simple,14,2025-06-18,Investment Planning Survey,6
61902916,machine learning,it,application,Simple,8,2025-08-21,Machine Learning Application,5
61902917,social media,marketing,application,Simple,13,2024-11-10,Social Media Application,5
61902918,digital marketing,marketing,survey,Moderate,6,2025-04-22,Digital Marketing Survey,9
61902919,web development,it,assessment,Simple,11,2025-10-07,Web Development Assessment,12
61902920,market analysis,economics,survey,Simple,13,2024-12-06,Market Analysis Survey,5
61902921,brand management,marketing,survey,Moderate,15,2025-06-18,Brand Management Survey,10
61902922,machine learning,it,registration,Complex,6,2024-11-26,Machine Learning Registration,10
61902923,digital marketing,marketing,survey,Simple,10,2025-08-05,Digital Marketing Survey,11
61902924,market analysis,economics,survey,Moderate,8,2025-10-11,Market Analysis Survey,5
61902925,market analysis,economics,assessment,Simple,10,2025-01-09,Market Analysis Assessment,4
61902926,cybersecurity,it,application,Simple,12,2025-02-05,Cybersecurity Application,3
61902927,portfolio management,economics,application,Moderate,7,2025-07-17,Portfolio Management Application,6
61902928,market analysis,economics,assessment,Complex,15,2025-03-19,Market Analysis Assessment,10
61902929,portfolio management,economics,assessment,Complex,7,2025-07-04,Portfolio Management Assessment,10
61902930,portfolio management,economics,application,Simple,9,2025-03-08,Portfolio Management Application,7
61902931,investment planning,economics,assessment,Simple,7,2024-12-16,Investment Planning Assessment,8
61902932,data science,it,registration,Moderate,12,2025-06-15,Data Science Registration,11
61902933,social media,marketing,assessment,Simple,11,2024-11-05,Social Media Assessment,4
61902934,social media,marketing,survey,Moderate,5,2025-05-07,Social Media Survey,11
61902935,market analysis,economics,assessment,Simple,10,2025-03-07,Market Analysis Assessment,12
61902936,financial modeling,economics,survey,Moderate,10,2025-04-01,Financial Modeling Survey,12
61902937,machine learning,it,survey,Moderate,6,2025-07-08,Machine Learning Survey,8
61902938,content marketing,marketing,registration,Simple,8,2025-06-02,Content Marketing Registration,3
61902939,web development,it,registration,Moderate,13,2025-01-12,Web Development Registration,8
61902940,content marketing,marketing,registration,Complex,8,2025-06-05,Content Marketing Registration,6
61902941,web development,it,survey,Moderate,11,2025-06-03,Web Development Survey,5
61902942,market analysis,economics,survey,Complex,12,2024-10-30,Market Analysis Survey,6
61902943,market analysis,economics,registration,Complex,9,2025-04-17,Market Analysis Registration,3
61902944,investment planning,economics,registration,Simple,11,2025-09-10,Investment Planning Registration,5
61902945,investment planning,economics,registration,Moderate,14,2025-03-16,Investment Planning Registration,8
61902946,web development,it,assessment,Moderate,7,2025-08-20,Web Development Assessment,8
61902947,investment planning,economics,registration,Complex,9,2025-06-23,Investment Planning Registration,11
61902948,social media,marketing,survey,Moderate,6,2025-08-28,Social Media Survey,11
61902949,cloud computing,it,assessment,Complex,13,2025-01-29,Cloud Computing Assessment,12
61902950,market analysis,economics,survey,Complex,12,2025-03-10,Market Analysis Survey,12
61902951,brand management,marketing,survey,Simple,10,2025-03-30,Brand Management Survey,3
61902952,brand management,marketing,registration,Moderate,13,2024-12-15,Brand Management Registration,7
61902953,digital marketing,marketing,application,Simple,10,2025-06-12,Digital Marketing Application,4
61902954,investment planning,economics,registration,Complex,13,2025-03-07,Investment Planning Registration,5
61902955,cloud computing,it,survey,Simple,5,2025-02-12,Cloud Computing Survey,10
61902956,cloud computing,it,registration,Complex,12,2025-04-26,Cloud Computing Registration,3
61902957,financial modeling,economics,registration,Complex,6,2024-11-02,Financial Modeling Registration,6
61902958,cloud computing,it,application,Simple,12,2024-12-21,Cloud Computing Application,3
61902959,financial modeling,economics,assessment,Complex,13,2025-09-11,Financial Modeling Assessment,7
61902960,web development,it,registration,Simple,6,2025-09-19,Web Development Registration,10
61902961,machine learning,it,survey,Complex,6,2024-11-22,Machine Learning Survey,8
61902962,portfolio management,economics,application,Complex,13,2025-02-17,Portfolio Management Application,3
61902963,portfolio management,economics,application,Moderate,13,2025-04-15,Portfolio Management Application,10
61902964,digital marketing,marketing,survey,Complex,12,2025-09-28,Digital Marketing Survey,11
61902965,digital marketing,marketing,survey,Moderate,15,2025-05-15,Digital Marketing Survey,7
61902966,content marketing,marketing,registration,Moderate,15,2025-04-03,Content Marketing Registration,4
61902967,web development,it,assessment,Complex,11,2025-09-10,Web Development Assessment,11
61902968,digital marketing,marketing,application,Complex,6,2025-07-02,Digital Marketing Application,3
61902969,investment planning,economics,application,Complex,13,2025-04-11,Investment Planning Application,8
61902970,machine learning,it,survey,Complex,15,2025-02-21,Machine Learning Survey,3
61902971,content marketing,marketing,survey,Simple,11,2025-05-07,Content Marketing Survey,5
61902972,machine learning,it,assessment,Complex,8,2025-02-28,Machine Learning Assessment,5
61902973,investment planning,economics,assessment,Simple,13,2024-11-03,Investment Planning Assessment,10
61902974,data science,it,assessment,Simple,6,2025-02-19,Data Science Assessment,10
61902975,digital marketing,marketing,registration,Moderate,6,2025-10-24,Digital Marketing Registration,5
61902976,brand management,marketing,survey,Complex,15,2025-10-15,Brand Management Survey,9
61902977,brand management,marketing,assessment,Simple,9,2025-08-08,Brand Management Assessment,11
61902978,investment planning,economics,application,Moderate,6,2025-03-16,Investment Planning Application,6
61902979,market analysis,economics,application,Simple,13,2025-03-27,Market Analysis Application,8
61902980,machine learning,it,registration,Complex,9,2025-04-24,Machine Learning Registration,10
61902981,digital marketing,marketing,application,Simple,5,2025-09-11,Digital Marketing Application,4
61902982,cloud computing,it,survey,Simple,6,2024-11-03,Cloud Computing Survey,10
61902983,financial modeling,economics,assessment,Simple,14,2024-10-25,Financial Modeling Assessment,5
61902984,brand management,marketing,registration,Complex,11,2025-03-20,Brand Management Registration,6
61902985,machine learning,it,application,Moderate,8,2024-12-31,Machine Learning Application,7
61902986,portfolio management,economics,registration,Complex,7,2025-05-19,Portfolio Management Registration,3
61902987,financial modeling,economics,survey,Complex,8,2025-02-01,Financial Modeling Survey,4
61902988,portfolio management,economics,survey,Simple,8,2024-11-10,Portfolio Management Survey,5
61902989,brand management,marketing,survey,Simple,11,2025-01-30,Brand Management Survey,9
61902990,brand management,marketing,registration,Complex,9,2025-07-06,Brand Management Registration,3
61902991,brand management,marketing,registration,Complex,9,2025-06-02,Brand Management Registration,5
61902992,web development,it,survey,Complex,6,2025-09-18,Web Development Survey,8
61902993,market analysis,economics,assessment,Moderate,10,2025-06-08,Market Analysis Assessment,8
61902994,market analysis,economics,registration,Complex,8,2024-12-31,Market Analysis Registration,5
61902995,content marketing,marketing,application,Complex,14,2025-01-31,Content Marketing Application,5
61902996,data science,it,registration,Moderate,8,2024-11-16,Data Science Registration,11
61902997,data science,it,survey,Complex,15,2025-03-10,Data Science Survey,5
61902998,machine learning,it,application,Complex,14,2025-06-19,Machine Learning Application,9
61902999,financial modeling,economics,survey,Simple,10,2025-07-09,Financial Modeling Survey,5
61903000,cloud computing,it,registration,Simple,10,2025-09-18,Cloud Computing Registration,5
61903001,machine learning,it,application,Simple,14,2025-05-02,Machine Learning Application,4
61903002,investment planning,economics,registration,Simple,13,2025-06-24,Investment Planning Registration,4
61903003,financial modeling,economics,survey,Simple,8,2025-08-12,Financial Modeling Survey,3
61903004,portfolio management,economics,survey,Simple,15,2025-09-20,Portfolio Management Survey,7
61903005,data science,it,application,Simple,15,2025-07-11,Data Science Application,10
61903006,web development,it,survey,Complex,8,2025-05-16,Web Development Survey,8
61903007,investment planning,economics,registration,Simple,13,2025-06-18,Investment Planning Registration,12
61903008,portfolio management,economics,registration,Complex,13,2024-12-08,Portfolio Management Registration,4
61903009,data science,it,registration,Moderate,10,2025-09-27,Data Science Registration,8
61903010,data science,it,registration,Complex,14,2025-07-25,Data Science Registration,12
61903011,portfolio management,economics,application,Simple,14,2025-10-21,Portfolio Management Application,12
61903012,machine learning,it,application,Simple,13,2025-06-05,Machine Learning Application,3
61903013,investment planning,economics,assessment,Simple,15,2024-11-08,Investment Planning Assessment,12
61903014,content marketing,marketing,survey,Simple,5,2025-03-18,Content Marketing Survey,12
61903015,social media,marketing,assessment,Complex,15,2025-10-24,Social Media Assessment,10
61903016,content marketing,marketing,survey,Simple,11,2024-12-24,Content Marketing Survey,3
61903017,digital marketing,marketing,registration,Moderate,14,2025-02-05,Digital Marketing Registration,9
61903018,data science,it,application,Simple,15,2025-06-12,Data Science Application,8
61903019,machine learning,it,application,Complex,10,2025-07-10,Machine Learning Application,6
61903020,investment planning,economics,application,Moderate,11,2025-03-06,Investment Planning Application,11
61903021,digital marketing,marketing,assessment,Moderate,8,2025-05-25,Digital Marketing Assessment,5
61903022,cybersecurity,it,registration,Complex,7,2025-07-31,Cybersecurity Registration,5
61903023,digital marketing,marketing,assessment,Complex,9,2025-04-14,Digital Marketing Assessment,12
61903024,portfolio management,economics,assessment,Simple,13,2025-06-30,Portfolio Management Assessment,7
61903025,content marketing,marketing,survey,Moderate,13,2025-02-11,Content Marketing Survey,9
61903026,brand management,marketing,application,Complex,7,2024-11-23,Brand Management Application,10
61903027,content marketing,marketing,assessment,Simple,14,2024-11-16,Content Marketing Assessment,11
61903028,social media,marketing,registration,Simple,6,2025-07-07,Social Media Registration,10
61903029,social media,marketing,registration,Simple,6,2025-03-05,Social Media Registration,4
61903030,machine learning,it,registration,Complex,11,2025-05-31,Machine Learning Registration,8
61903031,brand management,marketing,assessment,Simple,5,2025-01-11,Brand Management Assessment,8
61903032,cybersecurity,it,survey,Simple,9,2024-12-09,Cybersecurity Survey,6
61903033,brand management,marketing,application,Complex,10,2025-09-11,Brand Management Application,9
61903034,data science,it,registration,Moderate,11,2025-01-04,Data Science Registration,8
61903035,portfolio management,economics,assessment,Complex,12,2025-01-23,Portfolio Management Assessment,8
61903036,content marketing,marketing,survey,Moderate,5,2024-11-02,Content Marketing Survey,8
61903037,cybersecurity,it,registration,Complex,7,2025-08-22,Cybersecurity Registration,11
61903038,digital marketing,marketing,survey,Simple,13,2025-09-16,Digital Marketing Survey,4
61903039,market analysis,economics,survey,Moderate,11,2025-10-07,Market Analysis Survey,5
61903040,digital marketing,marketing,assessment,Moderate,12,2025-05-14,Digital Marketing Assessment,6
61903041,market analysis,economics,assessment,Simple,10,2024-12-14,Market Analysis Assessment,5
61903042,content marketing,marketing,survey,Simple,12,2025-10-10,Content Marketing Survey,4
61903043,cloud computing,it,assessment,Moderate,6,2025-04-29,Cloud Computing Assessment,10
61903044,web development,it,registration,Moderate,5,2025-10-03,Web Development Registration,9
61903045,market analysis,economics,survey,Moderate,10,2025-01-21,Market Analysis Survey,10
61903046,financial modeling,economics,application,Moderate,5,2025-02-02,Financial Modeling Application,6
61903047,market analysis,economics,assessment,Simple,11,2025-06-08,Market Analysis Assessment,10
61903048,digital marketing,marketing,assessment,Moderate,6,2025-01-22,Digital Marketing Assessment,3
61903049,cybersecurity,it,survey,Moderate,8,2025-09-08,Cybersecurity Survey,9
61903050,investment planning,economics,application,Moderate,12,2025-07-18,Investment Planning Application,10
61903051,investment planning,economics,assessment,Complex,11,2025-06-25,Investment Planning Assessment,5
61903052,content marketing,marketing,registration,Complex,9,2025-09-14,Content Marketing Registration,4
61903053,digital marketing,marketing,application,Moderate,15,2025-10-05,Digital Marketing Application,8
61903054,market analysis,economics,assessment,Complex,8,2025-08-17,Market Analysis Assessment,7
61903055,financial modeling,economics,registration,Simple,9,2025-07-05,Financial Modeling Registration,6
61903056,portfolio management,economics,survey,Simple,12,2025-03-22,Portfolio Management Survey,10
61903057,machine learning,it,application,Simple,11,2024-12-11,Machine Learning Application,5
61903058,digital marketing,marketing,survey,Simple,9,2025-02-18,Digital Marketing Survey,9
61903059,cybersecurity,it,assessment,Complex,15,2025-01-17,Cybersecurity Assessment,9
61903060,content marketing,marketing,assessment,Moderate,11,2025-09-19,Content Marketing Assessment,10
61903061,content marketing,marketing,assessment,Complex,11,2024-12-22,Content Marketing Assessment,10
61903062,portfolio management,economics,assessment,Simple,8,2025-05-31,Portfolio Management Assessment,5
61903063,data science,it,assessment,Moderate,7,2024-11-06,Data Science Assessment,11
61903064,cybersecurity,it,survey,Complex,10,2025-10-02,Cybersecurity Survey,11
61903065,investment planning,economics,registration,Simple,5,2025-07-22,Investment Planning Registration,9
61903066,social media,marketing,assessment,Complex,10,2025-01-28,Social Media Assessment,3
61903067,brand management,marketing,survey,Simple,15,2025-02-26,Brand Management Survey,4
61903068,market analysis,economics,application,Complex,6,2025-01-09,Market Analysis Application,10
61903069,financial modeling,economics,application,Complex,11,2025-03-24,Financial Modeling Application,4
61903070,brand management,marketing,assessment,Simple,13,2025-05-04,Brand Management Assessment,4
61903071,portfolio management,economics,survey,Moderate,15,2025-03-30,Portfolio Management Survey,7
61903072,cybersecurity,it,registration,Simple,10,2025-03-10,Cybersecurity Registration,4
61903073,cloud computing,it,registration,Complex,6,2025-03-21,Cloud Computing Registration,5
61903074,web development,it,registration,Simple,14,2025-02-27,Web Development Registration,10
61903075,content marketing,marketing,assessment,Moderate,10,2025-07-01,Content Marketing Assessment,7
61903076,social media,marketing,application,Complex,8,2025-07-22,Social Media Application,6
61903077,content marketing,marketing,assessment,Simple,10,2025-10-25,Content Marketing Assessment,10
61903078,digital marketing,marketing,assessment,Complex,12,2025-08-01,Digital Marketing Assessment,7
61903079,content marketing,marketing,registration,Simple,15,2025-03-17,Content Marketing Registration,7
61903080,digital marketing,marketing,registration,Simple,7,2025-09-02,Digital Marketing Registration,9
61903081,market analysis,economics,application,Simple,11,2025-07-19,Market Analysis Application,5
61903082,cloud computing,it,application,Simple,15,2024-12-23,Cloud Computing Application,3
61903083,brand management,marketing,registration,Moderate,7,2025-06-20,Brand Management Registration,8
61903084,brand management,marketing,application,Complex,13,2025-10-08,Brand Management Application,9
61903085,social media,marketing,assessment,Simple,9,2025-10-09,Social Media Assessment,6
61903086,cybersecurity,it,application,Complex,8,2025-09-24,Cybersecurity Application,12
61903087,social media,marketing,application,Moderate,5,2025-02-18,Social Media Application,12
61903088,financial modeling,economics,survey,Moderate,15,2025-01-05,Financial Modeling Survey,4
61903089,data science,it,survey,Complex,9,2025-04-21,Data Science Survey,5
61903090,machine learning,it,assessment,Simple,10,2025-07-21,Machine Learning Assessment,11
61903091,market analysis,economics,assessment,Moderate,14,2025-03-18,Market Analysis Assessment,7
61903092,portfolio management,economics,registration,Simple,8,2025-10-07,Portfolio Management Registration,7
61903093,market analysis,economics,survey,Complex,14,2025-07-13,Market Analysis Survey,3
61903094,investment planning,economics,assessment,Moderate,13,2025-05-07,Investment Planning Assessment,12
61903095,digital marketing,marketing,assessment,Complex,15,2025-02-02,Digital Marketing Assessment,12
61903096,machine learning,it,application,Simple,8,2025-04-17,Machine Learning Application,10
61903097,social media,marketing,assessment,Complex,5,2025-01-26,Social Media Assessment,5
61903098,financial modeling,economics,application,Moderate,11,2025-02-13,Financial Modeling Application,6
61903099,social media,marketing,survey,Complex,8,2024-11-30,Social Media Survey,4
61903100,brand management,marketing,survey,Moderate,7,2025-01-12,Brand Management Survey,6
61903101,digital marketing,marketing,survey,Moderate,5,2025-03-16,Digital Marketing Survey,6
61903102,cloud computing,it,registration,Simple,13,2025-05-29,Cloud Computing Registration,5
61903103,market analysis,economics,application,Simple,9,2025-07-26,Market Analysis Application,3
61903104,financial modeling,economics,application,Moderate,11,2024-12-08,Financial Modeling Application,4
61903105,social media,marketing,registration,Moderate,13,2025-09-01,Social Media Registration,3
61903106,social media,marketing,registration,Complex,14,2024-12-19,Social Media Registration,4
61903107,portfolio management,economics,registration,Complex,8,2025-06-14,Portfolio Management Registration,11
61903108,cybersecurity,it,survey,Moderate,8,2025-06-22,Cybersecurity Survey,6
61903109,financial modeling,economics,registration,Moderate,9,2024-10-30,Financial Modeling Registration,3
61903110,digital marketing,marketing,survey,Complex,6,2025-08-31,Digital Marketing Survey,6
61903111,portfolio management,economics,survey,Complex,10,2025-05-07,Portfolio Management Survey,6
61903112,investment planning,economics,registration,Moderate,15,2025-09-11,Investment Planning Registration,11
61903113,data science,it,application,Moderate,10,2025-07-11,Data Science Application,4
61903114,brand management,marketing,registration,Complex,9,2025-02-23,Brand Management Registration,10
61903115,data science,it,assessment,Simple,8,2025-03-29,Data Science Assessment,9
61903116,machine learning,it,assessment,Simple,7,2025-05-11,Machine Learning Assessment,7
61903117,machine learning,it,registration,Simple,11,2025-09-25,Machine Learning Registration,9
61903118,investment planning,economics,application,Simple,9,2024-12-09,Investment Planning Application,7
61903119,machine learning,it,registration,Simple,5,2025-02-02,Machine Learning Registration,9
61903120,machine learning,it,application,Complex,14,2025-02-23,Machine Learning Application,8
61903121,brand management,marketing,registration,Complex,15,2024-12-25,Brand Management Registration,3
61903122,content marketing,marketing,survey,Moderate,13,2025-02-15,Content Marketing Survey,11
61903123,web development,it,registration,Moderate,7,2025-04-24,Web Development Registration,8
61903124,web development,it,registration,Moderate,11,2025-08-25,Web Development Registration,7
61903125,financial modeling,economics,application,Simple,5,2025-09-30,Financial Modeling Application,3
61903126,digital marketing,marketing,application,Moderate,11,2024-11-09,Digital Marketing Application,11
61903127,digital marketing,marketing,application,Simple,5,2025-06-12,Digital Marketing Application,10
61903128,cloud computing,it,survey,Complex,13,2025-01-27,Cloud Computing Survey,11
61903129,machine learning,it,application,Moderate,13,2025-03-10,Machine Learning Application,9
61903130,web development,it,survey,Complex,6,2025-05-20,Web Development Survey,5
61903131,investment planning,economics,survey,Simple,7,2025-09-30,Investment Planning Survey,3
61903132,cybersecurity,it,registration,Complex,7,2025-03-18,Cybersecurity Registration,12
61903133,digital marketing,marketing,survey,Complex,13,2025-01-26,Digital Marketing Survey,3
61903134,content marketing,marketing,survey,Complex,11,2025-08-23,Content Marketing Survey,8
61903135,cloud computing,it,application,Moderate,8,2025-06-18,Cloud Computing Application,4
61903136,market analysis,economics,registration,Moderate,6,2025-05-29,Market Analysis Registration,6
61903137,market analysis,economics,survey,Moderate,11,2025-06-18,Market Analysis Survey,12
61903138,financial modeling,economics,application,Simple,11,2025-02-28,Financial Modeling Application,9
61903139,brand management,marketing,assessment,Simple,11,2024-11-26,Brand Management Assessment,5
61903140,financial modeling,economics,survey,Complex,6,2025-02-05,Financial Modeling Survey,5
61903141,machine learning,it,application,Complex,13,2025-10-17,Machine Learning Application,8
61903142,brand management,marketing,assessment,Simple,12,2025-06-21,Brand Management Assessment,7
61903143,digital marketing,marketing,registration,Complex,11,2025-04-26,Digital Marketing Registration,11
61903144,market analysis,economics,registration,Moderate,12,2024-11-16,Market Analysis Registration,7
61903145,cybersecurity,it,survey,Moderate,11,2025-05-02,Cybersecurity Survey,6
61903146,market analysis,economics,registration,Complex,10,2025-06-08,Market Analysis Registration,5
61903147,portfolio management,economics,survey,Moderate,7,2025-07-25,Portfolio Management Survey,11
61903148,investment planning,economics,registration,Complex,14,2025-09-21,Investment Planning Registration,3
61903149,investment planning,economics,assessment,Simple,8,2025-06-08,Investment Planning Assessment,6
61903150,brand management,marketing,registration,Complex,11,2024-12-10,Brand Management Registration,8
61903151,data science,it,registration,Complex,6,2025-10-15,Data Science Registration,10
61903152,data science,it,registration,Moderate,11,2025-07-30,Data Science Registration,10
61903153,financial modeling,economics,registration,Moderate,12,2025-03-31,Financial Modeling Registration,5
61903154,digital marketing,marketing,survey,Simple,13,2025-06-22,Digital Marketing Survey,5
61903155,market analysis,economics,survey,Complex,12,2025-01-16,Market Analysis Survey,9
61903156,portfolio management,economics,application,Moderate,12,2025-03-06,Portfolio Management Application,6
61903157,market analysis,economics,assessment,Simple,9,2025-10-07,Market Analysis Assessment,8
61903158,market analysis,economics,survey,Simple,9,2025-08-03,Market Analysis Survey,4
61903159,investment planning,economics,survey,Moderate,15,2025-06-23,Investment Planning Survey,3
61903160,cybersecurity,it,survey,Moderate,5,2025-01-27,Cybersecurity Survey,8
61903161,web development,it,application,Simple,8,2025-08-04,Web Development Application,8
61903162,machine learning,it,survey,Simple,7,2025-06-22,Machine Learning Survey,5
61903163,portfolio management,economics,registration,Simple,14,2024-12-24,Portfolio Management Registration,5
61903164,data science,it,registration,Complex,7,2024-10-30,Data Science Registration,9
61903165,market analysis,economics,assessment,Moderate,13,2024-12-21,Market Analysis Assessment,5
61903166,machine learning,it,registration,Complex,15,2025-04-09,Machine Learning Registration,11
61903167,machine learning,it,assessment,Moderate,9,2024-12-03,Machine Learning Assessment,12
61903168,data science,it,survey,Simple,13,2025-06-02,Data Science Survey,9
61903169,social media,marketing,survey,Simple,14,2025-04-12,Social Media Survey,11
61903170,web development,it,application,Simple,15,2025-04-03,Web Development Application,10
61903171,social media,marketing,registration,Complex,15,2025-06-04,Social Media Registration,4
61903172,portfolio management,economics,assessment,Simple,13,2024-12-06,Portfolio Management Assessment,6
61903173,market analysis,economics,registration,Complex,9,2025-07-19,Market Analysis Registration,9
61903174,web development,it,survey,Simple,12,2025-02-25,Web Development Survey,6
61903175,machine learning,it,survey,Complex,8,2025-04-13,Machine Learning Survey,4
61903176,brand management,marketing,assessment,Moderate,11,2025-01-13,Brand Management Assessment,7
61903177,investment planning,economics,registration,Moderate,10,2024-11-19,Investment Planning Registration,9
61903178,digital marketing,marketing,assessment,Complex,14,2025-04-19,Digital Marketing Assessment,11
61903179,content marketing,marketing,survey,Complex,14,2025-09-24,Content Marketing Survey,9
61903180,content marketing,marketing,survey,Complex,7,2025-02-21,Content Marketing Survey,9
61903181,machine learning,it,application,Simple,14,2025-08-02,Machine Learning Application,6
61903182,web development,it,application,Complex,15,2025-07-08,Web Development Application,3
61903183,portfolio management,economics,assessment,Simple,5,2025-06-27,Portfolio Management Assessment,9
61903184,market analysis,economics,registration,Complex,9,2025-02-15,Market Analysis Registration,4
61903185,brand management,marketing,registration,Moderate,7,2025-02-01,Brand Management Registration,11
61903186,investment planning,economics,survey,Simple,15,2025-09-21,Investment Planning Survey,4
61903187,portfolio management,economics,registration,Simple,15,2025-09-04,Portfolio Management Registration,7
61903188,market analysis,economics,application,Complex,8,2025-04-07,Market Analysis Application,7
61903189,brand management,marketing,survey,Moderate,8,2025-04-22,Brand Management Survey,7
61903190,market analysis,economics,survey,Simple,11,2025-07-16,Market Analysis Survey,5
61903191,market analysis,economics,assessment,Moderate,10,2025-06-10,Market Analysis Assessment,7
61903192,content marketing,marketing,registration,Simple,12,2024-12-22,Content Marketing Registration,4
61903193,financial modeling,economics,assessment,Complex,8,2025-10-04,Financial Modeling Assessment,8
61903194,data science,it,survey,Simple,12,2025-10-12,Data Science Survey,7
61903195,cloud computing,it,assessment,Moderate,12,2025-10-03,Cloud Computing Assessment,11
61903196,portfolio management,economics,registration,Complex,6,2025-09-24,Portfolio Management Registration,9
61903197,portfolio management,economics,assessment,Simple,5,2024-12-04,Portfolio Management Assessment,11
61903198,brand management,marketing,survey,Complex,11,2024-12-14,Brand Management Survey,5
61903199,digital marketing,marketing,survey,Moderate,8,2025-02-07,Digital Marketing Survey,10
61903200,data science,it,application,Complex,5,2025-10-06,Data Science Application,11
61903201,investment planning,economics,application,Moderate,6,2025-05-31,Investment Planning Application,9
61903202,machine learning,it,application,Simple,13,2025-09-19,Machine Learning Application,6
61903203,content marketing,marketing,registration,Complex,5,2025-04-15,Content Marketing Registration,11
61903204,market analysis,economics,survey,Simple,11,2025-03-02,Market Analysis Survey,7
61903205,content marketing,marketing,application,Complex,8,2025-02-16,Content Marketing Application,12
61903206,web development,it,assessment,Simple,6,2025-03-13,Web Development Assessment,9
61903207,market analysis,economics,assessment,Complex,14,2025-04-27,Market Analysis Assessment,3
61903208,portfolio management,economics,assessment,Complex,14,2024-11-29,Portfolio Management Assessment,11
61903209,machine learning,it,application,Simple,7,2025-04-26,Machine Learning Application,9
61903210,social media,marketing,survey,Moderate,6,2024-11-03,Social Media Survey,9
61903211,financial modeling,economics,survey,Moderate,13,2025-06-21,Financial Modeling Survey,3
61903212,content marketing,marketing,survey,Complex,11,2025-07-10,Content Marketing Survey,5
61903213,market analysis,economics,assessment,Simple,6,2025-01-31,Market Analysis Assessment,4
61903214,financial modeling,economics,registration,Complex,8,2025-09-16,Financial Modeling Registration,3
61903215,digital marketing,marketing,registration,Simple,5,2025-05-11,Digital Marketing Registration,7
61903216,financial modeling,economics,registration,Moderate,8,2025-10-13,Financial Modeling Registration,10
61903217,machine learning,it,survey,Complex,11,2025-05-11,Machine Learning Survey,4
61903218,investment planning,economics,registration,Moderate,10,2024-12-21,Investment Planning Registration,3
61903219,content marketing,marketing,survey,Moderate,7,2025-03-02,Content Marketing Survey,10
61903220,brand management,marketing,assessment,Moderate,13,2025-04-07,Brand Management Assessment,5
61903221,content marketing,marketing,registration,Complex,15,2025-07-22,Content Marketing Registration,9
61903222,digital marketing,marketing,registration,Moderate,6,2024-11-22,Digital Marketing Registration,8
61903223,cloud computing,it,application,Complex,7,2025-08-13,Cloud Computing Application,8
61903224,financial modeling,economics,application,Simple,15,2025-06-06,Financial Modeling Application,12
61903225,investment planning,economics,survey,Moderate,5,2025-01-20,Investment Planning Survey,11
61903226,portfolio management,economics,registration,Complex,11,2025-05-28,Portfolio Management Registration,7
61903227,data science,it,assessment,Complex,7,2025-03-20,Data Science Assessment,3
61903228,market analysis,economics,assessment,Complex,14,2024-11-14,Market Analysis Assessment,10
61903229,content marketing,marketing,assessment,Complex,14,2025-08-27,Content Marketing Assessment,7
61903230,market analysis,economics,survey,Simple,9,2025-02-15,Market Analysis Survey,8
61903231,machine learning,it,survey,Moderate,9,2025-09-08,Machine Learning Survey,11
61903232,portfolio management,economics,survey,Complex,8,2025-07-14,Portfolio Management Survey,11
61903233,market analysis,economics,registration,Simple,14,2024-12-02,Market Analysis Registration,6
61903234,digital marketing,marketing,assessment,Moderate,8,2025-06-02,Digital Marketing Assessment,12
61903235,cloud computing,it,application,Moderate,8,2025-08-11,Cloud Computing Application,4
61903236,data science,it,assessment,Simple,6,2025-06-06,Data Science Assessment,4
61903237,market analysis,economics,assessment,Complex,11,2025-03-20,Market Analysis Assessment,8
61903238,content marketing,marketing,assessment,Simple,15,2025-04-17,Content Marketing Assessment,3
61903239,digital marketing,marketing,survey,Complex,14,2025-08-27,Digital Marketing Survey,11
61903240,social media,marketing,survey,Moderate,8,2025-03-04,Social Media Survey,8
61903241,investment planning,economics,registration,Complex,11,2024-12-30,Investment Planning Registration,12
61903242,investment planning,economics,assessment,Complex,10,2025-07-26,Investment Planning Assessment,10
61903243,social media,marketing,application,Moderate,9,2025-10-16,Social Media Application,4
61903244,social media,marketing,registration,Moderate,11,2024-12-15,Social Media Registration,4
61903245,financial modeling,economics,assessment,Moderate,15,2025-07-29,Financial Modeling Assessment,5
61903246,portfolio management,economics,application,Moderate,6,2025-04-05,Portfolio Management Application,9
61903247,machine learning,it,assessment,Simple,7,2024-12-21,Machine Learning Assessment,11
61903248,brand management,marketing,survey,Simple,9,2025-03-28,Brand Management Survey,8
61903249,content marketing,marketing,registration,Moderate,7,2024-12-01,Content Marketing Registration,6
61903250,digital marketing,marketing,registration,Moderate,14,2025-08-01,Digital Marketing Registration,8
61903251,data science,it,assessment,Simple,8,2024-12-16,Data Science Assessment,9
61903252,market analysis,economics,application,Simple,13,2025-06-15,Market Analysis Application,9
61903253,content marketing,marketing,registration,Moderate,6,2025-05-13,Content Marketing Registration,7
61903254,financial modeling,economics,assessment,Complex,10,2025-01-07,Financial Modeling Assessment,5
61903255,machine learning,it,registration,Simple,14,2025-08-09,Machine Learning Registration,3
61903256,cybersecurity,it,registration,Moderate,11,2024-12-11,Cybersecurity Registration,12
61903257,web development,it,survey,Simple,8,2025-08-02,Web Development Survey,7
61903258,content marketing,marketing,survey,Simple,12,2025-08-14,Content Marketing Survey,5
61903259,web development,it,application,Complex,6,2024-12-25,Web Development Application,11
61903260,investment planning,economics,application,Moderate,5,2024-12-18,Investment Planning Application,6
61903261,financial modeling,economics,survey,Moderate,10,2025-08-30,Financial Modeling Survey,11
61903262,social media,marketing,assessment,Moderate,7,2025-05-26,Social Media Assessment,6
61903263,cybersecurity,it,application,Complex,11,2025-06-15,Cybersecurity Application,5
61903264,social media,marketing,survey,Complex,13,2025-10-05,Social Media Survey,7
61903265,digital marketing,marketing,survey,Complex,9,2025-09-23,Digital Marketing Survey,7
61903266,machine learning,it,application,Complex,9,2024-10-25,Machine Learning Application,6
61903267,machine learning,it,registration,Simple,9,2025-07-25,Machine Learning Registration,8
61903268,portfolio management,economics,assessment,Simple,8,2025-01-28,Portfolio Management Assessment,9
61903269,machine learning,it,assessment,Moderate,15,2025-09-18,Machine Learning Assessment,10
61903270,data science,it,assessment,Complex,10,2025-03-04,Data Science Assessment,7
61903271,data science,it,application,Complex,11,2025-01-25,Data Science Application,11
61903272,portfolio management,economics,registration,Complex,5,2024-12-14,Portfolio Management Registration,3
61903273,machine learning,it,application,Moderate,12,2025-08-01,Machine Learning Application,12
61903274,digital marketing,marketing,application,Simple,11,2024-12-10,Digital Marketing Application,3
61903275,machine learning,it,survey,Complex,6,2024-11-26,Machine Learning Survey,3
61903276,content marketing,marketing,assessment,Moderate,12,2025-04-19,Content Marketing Assessment,12
61903277,content marketing,marketing,application,Moderate,11,2025-04-09,Content Marketing Application,7
61903278,investment planning,economics,application,Simple,13,2025-09-16,Investment Planning Application,6
61903279,digital marketing,marketing,survey,Simple,8,2024-12-20,Digital Marketing Survey,12
61903280,cloud computing,it,application,Moderate,7,2025-09-14,Cloud Computing Application,8
61903281,content marketing,marketing,survey,Simple,9,2024-11-24,Content Marketing Survey,3
61903282,cybersecurity,it,application,Simple,13,2025-03-07,Cybersecurity Application,11
61903283,portfolio management,economics,survey,Complex,10,2025-05-12,Portfolio Management Survey,6
61903284,social media,marketing,assessment,Complex,13,2024-12-27,Social Media Assessment,4
61903285,portfolio management,economics,application,Simple,14,2025-07-04,Portfolio Management Application,8
61903286,cybersecurity,it,survey,Simple,9,2025-02-03,Cybersecurity Survey,6
61903287,market analysis,economics,survey,Simple,14,2025-05-20,Market Analysis Survey,4
61903288,financial modeling,economics,application,Moderate,7,2025-10-10,Financial Modeling Application,3
61903289,investment planning,economics,survey,Simple,11,2025-03-09,Investment Planning Survey,6
61903290,portfolio management,economics,application,Complex,5,2025-07-05,Portfolio Management Application,9
61903291,digital marketing,marketing,registration,Simple,12,2025-09-27,Digital Marketing Registration,4
61903292,investment planning,economics,registration,Simple,6,2025-03-20,Investment Planning Registration,12
61903293,social media,marketing,survey,Moderate,6,2025-06-08,Social Media Survey,5
61903294,cybersecurity,it,registration,Moderate,5,2025-07-01,Cybersecurity Registration,8
61903295,content marketing,marketing,survey,Complex,9,2025-06-14,Content Marketing Survey,12
61903296,content marketing,marketing,registration,Complex,13,2025-08-28,Content Marketing Registration,7
61903297,data science,it,registration,Complex,9,2025-05-20,Data Science Registration,4
61903298,web development,it,application,Moderate,10,2025-02-09,Web Development Application,11
61903299,investment planning,economics,registration,Simple,9,2025-01-05,Investment Planning Registration,4
61903300,content marketing,marketing,survey,Simple,13,2025-05-20,Content Marketing Survey,9
61903301,brand management,marketing,assessment,Moderate,13,2025-10-22,Brand Management Assessment,10
61903302,machine learning,it,application,Moderate,9,2025-08-04,Machine Learning Application,12
61903303,data science,it,registration,Simple,12,2025-08-31,Data Science Registration,4
61903304,market analysis,economics,registration,Complex,7,2024-12-08,Market Analysis Registration,9
61903305,web development,it,assessment,Simple,9,2025-01-05,Web Development Assessment,11
61903306,data science,it,survey,Complex,10,2025-06-20,Data Science Survey,8
61903307,portfolio management,economics,survey,Complex,8,2025-03-31,Portfolio Management Survey,3
61903308,social media,marketing,assessment,Moderate,14,2025-08-27,Social Media Assessment,11
61903309,investment planning,economics,registration,Simple,15,2025-02-17,Investment Planning Registration,12
61903310,brand management,marketing,registration,Simple,10,2025-09-25,Brand Management Registration,7
61903311,portfolio management,economics,application,Simple,7,2025-09-14,Portfolio Management Application,9
61903312,cybersecurity,it,survey,Simple,6,2025-08-10,Cybersecurity Survey,12
61903313,machine learning,it,survey,Moderate,8,2025-08-02,Machine Learning Survey,3
61903314,digital marketing,marketing,application,Complex,8,2025-10-06,Digital Marketing Application,11
61903315,investment planning,economics,registration,Simple,12,2025-06-23,Investment Planning Registration,4
61903316,portfolio management,economics,survey,Simple,10,2025-06-16,Portfolio Management Survey,4
61903317,cybersecurity,it,assessment,Moderate,12,2025-01-16,Cybersecurity Assessment,10
61903318,data science,it,registration,Moderate,15,2025-05-11,Data Science Registration,4
61903319,portfolio management,economics,assessment,Simple,15,2025-01-18,Portfolio Management Assessment,10
61903320,data science,it,assessment,Complex,12,2024-12-10,Data Science Assessment,12
61903321,financial modeling,economics,survey,Moderate,11,2025-07-22,Financial Modeling Survey,6
61903322,market analysis,economics,registration,Simple,11,2025-08-21,Market Analysis Registration,8
61903323,cloud computing,it,registration,Complex,15,2025-06-20,Cloud Computing Registration,12
61903324,machine learning,it,assessment,Complex,10,2025-05-04,Machine Learning Assessment,9
61903325,social media,marketing,application,Simple,15,2024-11-23,Social Media Application,10
61903326,market analysis,economics,assessment,Simple,5,2025-04-16,Market Analysis Assessment,3
61903327,investment planning,economics,survey,Complex,9,2025-07-22,Investment Planning Survey,7
61903328,social media,marketing,application,Complex,11,2025-03-05,Social Media Application,11
61903329,machine learning,it,registration,Simple,10,2025-04-09,Machine Learning Registration,7
61903330,portfolio management,economics,survey,Simple,10,2025-07-17,Portfolio Management Survey,11
61903331,brand management,marketing,assessment,Complex,15,2025-10-03,Brand Management Assessment,7
61903332,cybersecurity,it,registration,Complex,7,2025-08-16,Cybersecurity Registration,6
61903333,cybersecurity,it,survey,Simple,14,2024-11-15,Cybersecurity Survey,9
61903334,machine learning,it,survey,Complex,14,2024-12-13,Machine Learning Survey,9
61903335,data science,it,application,Complex,5,2025-01-06,Data Science Application,4
61903336,social media,marketing,survey,Simple,10,2024-11-02,Social Media Survey,4
61903337,cybersecurity,it,registration,Complex,13,2025-07-13,Cybersecurity Registration,9
61903338,content marketing,marketing,registration,Moderate,9,2025-02-08,Content Marketing Registration,8
61903339,cybersecurity,it,application,Simple,14,2025-02-04,Cybersecurity Application,8
61903340,market analysis,economics,assessment,Moderate,9,2025-03-01,Market Analysis Assessment,6
61903341,brand management,marketing,assessment,Complex,9,2025-10-24,Brand Management Assessment,3
61903342,portfolio management,economics,registration,Simple,10,2025-06-03,Portfolio Management Registration,5
61903343,data science,it,assessment,Complex,8,2025-06-20,Data Science Assessment,5
61903344,portfolio management,economics,survey,Moderate,14,2025-04-03,Portfolio Management Survey,12
61903345,cloud computing,it,assessment,Complex,15,2024-11-08,Cloud Computing Assessment,11
61903346,brand management,marketing,survey,Complex,8,2025-08-16,Brand Management Survey,9
61903347,portfolio management,economics,application,Complex,14,2025-05-30,Portfolio Management Application,3
61903348,data science,it,application,Simple,11,2025-06-09,Data Science Application,9
61903349,machine learning,it,registration,Moderate,11,2025-01-31,Machine Learning Registration,10
61903350,data science,it,assessment,Complex,7,2025-01-16,Data Science Assessment,5
61903351,portfolio management,economics,assessment,Simple,8,2025-09-07,Portfolio Management Assessment,6
61903352,brand management,marketing,registration,Complex,11,2025-07-23,Brand Management Registration,9
61903353,web development,it,registration,Simple,13,2025-08-19,Web Development Registration,10
61903354,web development,it,assessment,Moderate,15,2025-06-24,Web Development Assessment,3
61903355,data science,it,survey,Moderate,11,2025-09-25,Data Science Survey,6
61903356,cybersecurity,it,application,Complex,9,2025-05-30,Cybersecurity Application,5
61903357,digital marketing,marketing,survey,Simple,14,2025-10-03,Digital Marketing Survey,3
61903358,social media,marketing,survey,Simple,6,2025-04-29,Social Media Survey,3
61903359,social media,marketing,assessment,Complex,8,2025-05-03,Social Media Assessment,9
61903360,web development,it,assessment,Simple,13,2025-05-17,Web Development Assessment,11
61903361,digital marketing,marketing,survey,Complex,8,2025-05-19,Digital Marketing Survey,3
61903362,portfolio management,economics,assessment,Moderate,13,2025-10-01,Portfolio Management Assessment,3
61903363,financial modeling,economics,application,Moderate,12,2025-06-07,Financial Modeling Application,7
61903364,social media,marketing,survey,Moderate,15,2025-02-28,Social Media Survey,11
61903365,investment planning,economics,registration,Simple,14,2025-06-25,Investment Planning Registration,11
61903366,portfolio management,economics,application,Moderate,12,2025-09-11,Portfolio Management Application,5
61903367,machine learning,it,assessment,Complex,10,2025-01-22,Machine Learning Assessment,8
61903368,social media,marketing,registration,Simple,12,2025-06-24,Social Media Registration,11
61903369,cybersecurity,it,application,Moderate,13,2024-10-31,Cybersecurity Application,8
61903370,web development,it,assessment,Complex,13,2025-03-05,Web Development Assessment,5
61903371,data science,it,survey,Complex,5,2024-11-04,Data Science Survey,3
61903372,investment planning,economics,survey,Simple,5,2025-04-24,Investment Planning Survey,8
61903373,cybersecurity,it,survey,Complex,13,2025-04-20,Cybersecurity Survey,3
61903374,machine learning,it,registration,Moderate,8,2025-01-26,Machine Learning Registration,11
61903375,data science,it,registration,Simple,8,2025-01-04,Data Science Registration,7
61903376,machine learning,it,survey,Complex,11,2025-01-15,Machine Learning Survey,3
61903377,market analysis,economics,application,Complex,5,2024-11-23,Market Analysis Application,5
61903378,cloud computing,it,assessment,Complex,9,2025-08-27,Cloud Computing Assessment,9
61903379,cybersecurity,it,survey,Moderate,7,2025-05-23,Cybersecurity Survey,4
61903380,digital marketing,marketing,registration,Moderate,9,2025-08-11,Digital Marketing Registration,12
61903381,web development,it,assessment,Moderate,11,2025-07-09,Web Development Assessment,10
61903382,web development,it,survey,Simple,10,2024-11-02,Web Development Survey,4
61903383,web development,it,application,Moderate,6,2025-08-17,Web Development Application,6
61903384,investment planning,economics,application,Simple,10,2025-07-13,Investment Planning Application,8
61903385,brand management,marketing,application,Moderate,11,2025-02-10,Brand Management Application,6
61903386,digital marketing,marketing,application,Moderate,5,2024-11-06,Digital Marketing Application,4
61903387,social media,marketing,application,Moderate,11,2024-12-19,Social Media Application,3
61903388,market analysis,economics,survey,Complex,15,2025-04-02,Market Analysis Survey,8
61903389,content marketing,marketing,application,Complex,14,2025-07-09,Content Marketing Application,5
61903390,machine learning,it,registration,Simple,9,2025-04-10,Machine Learning Registration,10
61903391,cybersecurity,it,survey,Complex,15,2025-02-14,Cybersecurity Survey,6
61903392,market analysis,economics,application,Moderate,13,2025-03-07,Market Analysis Application,6
61903393,portfolio management,economics,registration,Complex,7,2025-10-18,Portfolio Management Registration,8
61903394,financial modeling,economics,survey,Complex,7,2025-04-14,Financial Modeling Survey,5
61903395,content marketing,marketing,survey,Moderate,7,2025-03-12,Content Marketing Survey,10
61903396,portfolio management,economics,registration,Simple,8,2025-01-08,Portfolio Management Registration,6
61903397,market analysis,economics,survey,Complex,13,2024-11-27,Market Analysis Survey,5
61903398,data science,it,survey,Moderate,10,2025-02-16,Data Science Survey,12
61903399,machine learning,it,application,Moderate,13,2025-08-10,Machine Learning Application,8
61903400,financial modeling,economics,application,Moderate,9,2024-12-01,Financial Modeling Application,8
61903401,machine learning,it,registration,Simple,8,2025-10-05,Machine Learning Registration,9
61903402,digital marketing,marketing,application,Complex,14,2025-04-12,Digital Marketing Application,4
61903403,brand management,marketing,survey,Complex,13,2025-06-26,Brand Management Survey,8
61903404,brand management,marketing,assessment,Complex,11,2025-02-12,Brand Management Assessment,12
61903405,investment planning,economics,survey,Moderate,5,2025-08-29,Investment Planning Survey,8
61903406,social media,marketing,application,Moderate,15,2025-08-11,Social Media Application,12
61903407,financial modeling,economics,survey,Moderate,13,2025-07-16,Financial Modeling Survey,3
61903408,market analysis,economics,application,Complex,6,2025-07-16,Market Analysis Application,5
61903409,market analysis,economics,survey,Simple,14,2025-02-24,Market Analysis Survey,7
61903410,content marketing,marketing,registration,Complex,5,2025-01-20,Content Marketing Registration,4
61903411,cybersecurity,it,application,Complex,12,2025-04-29,Cybersecurity Application,11
61903412,cybersecurity,it,assessment,Moderate,15,2024-12-08,Cybersecurity Assessment,12
61903413,web development,it,assessment,Complex,11,2025-07-17,Web Development Assessment,5
61903414,social media,marketing,registration,Simple,14,2025-08-17,Social Media Registration,7
61903415,financial modeling,economics,application,Simple,10,2025-06-20,Financial Modeling Application,4
61903416,market analysis,economics,registration,Moderate,10,2024-11-24,Market Analysis Registration,4
61903417,web development,it,application,Moderate,12,2025-02-12,Web Development Application,12
61903418,market analysis,economics,registration,Complex,12,2024-12-26,Market Analysis Registration,10
61903419,portfolio management,economics,assessment,Moderate,9,2025-08-26,Portfolio Management Assessment,11
61903420,investment planning,economics,assessment,Complex,6,2025-05-28,Investment Planning Assessment,3
61903421,brand management,marketing,registration,Simple,11,2025-06-02,Brand Management Registration,10
61903422,machine learning,it,survey,Complex,15,2025-10-09,Machine Learning Survey,12
61903423,portfolio management,economics,assessment,Moderate,8,2025-04-21,Portfolio Management Assessment,3
61903424,cybersecurity,it,assessment,Moderate,8,2025-01-23,Cybersecurity Assessment,7
61903425,portfolio management,economics,assessment,Complex,10,2025-03-02,Portfolio Management Assessment,6
61903426,content marketing,marketing,assessment,Simple,15,2024-12-21,Content Marketing Assessment,5
61903427,content marketing,marketing,survey,Simple,12,2024-10-27,Content Marketing Survey,9
61903428,social media,marketing,survey,Complex,15,2025-04-02,Social Media Survey,9
61903429,digital marketing,marketing,application,Moderate,12,2025-10-24,Digital Marketing Application,8
61903430,cloud computing,it,assessment,Simple,9,2025-06-30,Cloud Computing Assessment,6
61903431,content marketing,marketing,application,Complex,5,2025-04-17,Content Marketing Application,7
61903432,cybersecurity,it,survey,Moderate,11,2025-10-06,Cybersecurity Survey,5
61903433,social media,marketing,assessment,Simple,7,2025-03-01,Social Media Assessment,11
61903434,content marketing,marketing,registration,Complex,15,2025-08-31,Content Marketing Registration,5
61903435,social media,marketing,assessment,Moderate,13,2025-09-29,Social Media Assessment,11
61903436,content marketing,marketing,assessment,Simple,13,2025-08-16,Content Marketing Assessment,11
61903437,financial modeling,economics,assessment,Moderate,5,2024-10-29,Financial Modeling Assessment,12
61903438,portfolio management,economics,assessment,Complex,13,2025-07-16,Portfolio Management Assessment,11
61903439,machine learning,it,application,Simple,13,2025-04-14,Machine Learning Application,3
61903440,market analysis,economics,registration,Simple,7,2025-01-15,Market Analysis Registration,6
61903441,investment planning,economics,survey,Complex,7,2024-11-04,Investment Planning Survey,9
61903442,financial modeling,economics,registration,Simple,8,2025-08-29,Financial Modeling Registration,9
61903443,market analysis,economics,assessment,Complex,14,2024-11-11,Market Analysis Assessment,12
61903444,cloud computing,it,survey,Moderate,5,2025-08-15,Cloud Computing Survey,7
61903445,investment planning,economics,application,Moderate,13,2025-09-27,Investment Planning Application,6
61903446,cybersecurity,it,application,Complex,13,2025-04-04,Cybersecurity Application,10
61903447,web development,it,survey,Complex,13,2025-04-14,Web Development Survey,3
61903448,digital marketing,marketing,assessment,Moderate,11,2025-05-02,Digital Marketing Assessment,3
61903449,social media,marketing,survey,Complex,11,2025-09-16,Social Media Survey,8
61903450,cloud computing,it,assessment,Moderate,13,2024-11-24,Cloud Computing Assessment,10
61903451,social media,marketing,survey,Simple,8,2025-04-23,Social Media Survey,11
61903452,investment planning,economics,survey,Simple,15,2025-03-12,Investment Planning Survey,11
61903453,investment planning,economics,assessment,Moderate,13,2025-03-29,Investment Planning Assessment,6
61903454,market analysis,economics,assessment,Complex,5,2025-10-23,Market Analysis Assessment,3
61903455,social media,marketing,survey,Complex,8,2025-05-06,Social Media Survey,11
61903456,portfolio management,economics,application,Complex,14,2024-12-15,Portfolio Management Application,6
61903457,cybersecurity,it,registration,Complex,14,2025-09-28,Cybersecurity Registration,3
61903458,market analysis,economics,assessment,Complex,14,2025-09-14,Market Analysis Assessment,5
61903459,digital marketing,marketing,application,Moderate,5,2025-02-13,Digital Marketing Application,12
61903460,cloud computing,it,survey,Moderate,7,2025-06-11,Cloud Computing Survey,8
61903461,brand management,marketing,assessment,Simple,13,2025-10-25,Brand Management Assessment,5
61903462,cloud computing,it,application,Simple,14,2024-11-30,Cloud Computing Application,9
61903463,cloud computing,it,assessment,Complex,7,2025-02-04,Cloud Computing Assessment,6
61903464,market analysis,economics,registration,Complex,14,2024-11-25,Market Analysis Registration,7
61903465,data science,it,application,Moderate,11,2025-06-28,Data Science Application,10
61903466,machine learning,it,registration,Simple,6,2025-04-23,Machine Learning Registration,11
61903467,data science,it,application,Complex,8,2025-02-06,Data Science Application,11
61903468,data science,it,application,Simple,9,2025-08-10,Data Science Application,7
61903469,financial modeling,economics,survey,Simple,9,2025-05-16,Financial Modeling Survey,10
61903470,machine learning,it,registration,Moderate,8,2025-08-07,Machine Learning Registration,5
61903471,cybersecurity,it,registration,Moderate,9,2025-04-09,Cybersecurity Registration,4
61903472,data science,it,survey,Simple,8,2025-02-28,Data Science Survey,5
61903473,cybersecurity,it,survey,Simple,13,2025-07-23,Cybersecurity Survey,10
61903474,financial modeling,economics,survey,Complex,11,2025-03-14,Financial Modeling Survey,8
61903475,machine learning,it,survey,Complex,9,2025-01-25,Machine Learning Survey,11
61903476,financial modeling,economics,registration,Complex,6,2025-05-10,Financial Modeling Registration,5
61903477,portfolio management,economics,assessment,Simple,12,2025-04-21,Portfolio Management Assessment,10
61903478,cybersecurity,it,application,Moderate,8,2025-02-01,Cybersecurity Application,9
61903479,digital marketing,marketing,survey,Moderate,15,2025-10-17,Digital Marketing Survey,9
61903480,investment planning,economics,application,Moderate,13,2025-01-21,Investment Planning Application,12
61903481,content marketing,marketing,assessment,Complex,15,2025-02-02,Content Marketing Assessment,3
61903482,data science,it,registration,Simple,5,2025-04-24,Data Science Registration,12
61903483,machine learning,it,assessment,Complex,10,2025-05-26,Machine Learning Assessment,10
61903484,cybersecurity,it,assessment,Moderate,5,2025-04-11,Cybersecurity Assessment,9
61903485,brand management,marketing,application,Simple,10,2025-05-31,Brand Management Application,6
61903486,portfolio management,economics,registration,Complex,8,2025-09-04,Portfolio Management Registration,8
61903487,data science,it,registration,Complex,7,2025-05-01,Data Science Registration,9
61903488,market analysis,economics,registration,Moderate,7,2024-11-30,Market Analysis Registration,7
61903489,cybersecurity,it,assessment,Moderate,7,2025-01-05,Cybersecurity Assessment,7
61903490,portfolio management,economics,survey,Complex,5,2025-06-29,Portfolio Management Survey,9
61903491,social media,marketing,application,Simple,10,2025-05-26,Social Media Application,4
61903492,market analysis,economics,application,Simple,14,2025-03-19,Market Analysis Application,3
61903493,investment planning,economics,application,Moderate,12,2025-09-26,Investment Planning Application,12
61903494,investment planning,economics,survey,Simple,15,2025-01-15,Investment Planning Survey,12
61903495,portfolio management,economics,survey,Simple,9,2025-07-13,Portfolio Management Survey,11
61903496,machine learning,it,survey,Simple,15,2025-08-08,Machine Learning Survey,11
61903497,market analysis,economics,registration,Simple,5,2024-11-16,Market Analysis Registration,5
61903498,brand management,marketing,assessment,Simple,14,2025-05-18,Brand Management Assessment,6
61903499,social media,marketing,application,Moderate,11,2025-10-12,Social Media Application,8
61903500,cloud computing,it,registration,Simple,13,2025-07-05,Cloud Computing Registration,8
61903501,machine learning,it,application,Moderate,12,2025-05-11,Machine Learning Application,4
61903502,web development,it,assessment,Moderate,12,2024-11-21,Web Development Assessment,3
61903503,portfolio management,economics,application,Simple,15,2025-10-08,Portfolio Management Application,8
61903504,data science,it,assessment,Complex,7,2025-04-15,Data Science Assessment,11
61903505,market analysis,economics,registration,Moderate,5,2025-02-12,Market Analysis Registration,11
61903506,data science,it,survey,Moderate,6,2025-08-09,Data Science Survey,9
61903507,content marketing,marketing,survey,Moderate,5,2025-09-07,Content Marketing Survey,3
61903508,market analysis,economics,application,Complex,11,2025-06-18,Market Analysis Application,5
61903509,machine learning,it,application,Moderate,5,2025-07-07,Machine Learning Application,4
61903510,data science,it,survey,Complex,11,2025-03-15,Data Science Survey,11
61903511,cloud computing,it,survey,Moderate,11,2025-04-29,Cloud Computing Survey,6
61903512,cybersecurity,it,registration,Complex,8,2025-07-24,Cybersecurity Registration,9
61903513,portfolio management,economics,registration,Complex,14,2024-11-01,Portfolio Management Registration,6
61903514,social media,marketing,survey,Moderate,13,2025-04-28,Social Media Survey,8
61903515,cloud computing,it,application,Moderate,14,2025-06-17,Cloud Computing Application,3
61903516,machine learning,it,survey,Moderate,15,2025-04-20,Machine Learning Survey,4
61903517,financial modeling,economics,registration,Complex,6,2024-11-07,Financial Modeling Registration,3
61903518,content marketing,marketing,survey,Complex,13,2025-06-16,Content Marketing Survey,7
61903519,financial modeling,economics,survey,Moderate,9,2025-07-25,Financial Modeling Survey,5
61903520,market analysis,economics,registration,Simple,5,2025-07-26,Market Analysis Registration,10
61903521,machine learning,it,application,Moderate,7,2025-09-15,Machine Learning Application,4
61903522,digital marketing,marketing,application,Complex,11,2025-07-18,Digital Marketing Application,9
61903523,cloud computing,it,application,Simple,9,2025-07-08,Cloud Computing Application,6
61903524,investment planning,economics,application,Complex,5,2025-03-18,Investment Planning Application,5
61903525,cloud computing,it,registration,Moderate,7,2025-02-04,Cloud Computing Registration,11
61903526,market analysis,economics,registration,Simple,8,2024-12-03,Market Analysis Registration,10
61903527,market analysis,economics,survey,Complex,5,2025-02-16,Market Analysis Survey,9
61903528,brand management,marketing,assessment,Simple,10,2025-01-08,Brand Management Assessment,8
61903529,digital marketing,marketing,application,Simple,6,2024-11-26,Digital Marketing Application,11
61903530,machine learning,it,registration,Complex,14,2024-12-17,Machine Learning Registration,4
61903531,social media,marketing,application,Moderate,10,2025-07-23,Social Media Application,9
61903532,investment planning,economics,application,Simple,5,2024-11-27,Investment Planning Application,9
61903533,web development,it,application,Moderate,13,2025-06-23,Web Development Application,8
61903534,market analysis,economics,registration,Simple,14,2025-07-30,Market Analysis Registration,5
61903535,content marketing,marketing,registration,Moderate,11,2024-12-02,Content Marketing Registration,11
61903536,financial modeling,economics,registration,Moderate,8,2025-08-10,Financial Modeling Registration,8
61903537,web development,it,registration,Complex,15,2025-05-09,Web Development Registration,4
61903538,content marketing,marketing,survey,Simple,8,2025-10-16,Content Marketing Survey,5
61903539,investment planning,economics,survey,Complex,6,2025-05-11,Investment Planning Survey,6
61903540,social media,marketing,registration,Complex,11,2025-04-18,Social Media Registration,4
61903541,data science,it,application,Moderate,13,2025-01-11,Data Science Application,3
61903542,cloud computing,it,survey,Simple,6,2024-11-17,Cloud Computing Survey,7
61903543,web development,it,survey,Moderate,10,2025-09-08,Web Development Survey,5
61903544,financial modeling,economics,survey,Moderate,14,2025-09-05,Financial Modeling Survey,6
61903545,social media,marketing,registration,Moderate,13,2025-06-19,Social Media Registration,4
61903546,social media,marketing,survey,Simple,11,2025-02-11,Social Media Survey,3
61903547,cloud computing,it,application,Moderate,10,2025-06-01,Cloud Computing Application,5
61903548,brand management,marketing,assessment,Simple,5,2025-09-08,Brand Management Assessment,6
61903549,digital marketing,marketing,application,Complex,6,2025-02-08,Digital Marketing Application,11
61903550,brand management,marketing,registration,Moderate,8,2024-12-27,Brand Management Registration,4
61903551,cybersecurity,it,application,Complex,6,2025-01-04,Cybersecurity Application,4
61903552,cybersecurity,it,survey,Simple,11,2025-05-15,Cybersecurity Survey,9
61903553,financial modeling,economics,registration,Moderate,14,2024-11-17,Financial Modeling Registration,11
61903554,financial modeling,economics,registration,Simple,6,2025-09-13,Financial Modeling Registration,6
61903555,brand management,marketing,registration,Complex,15,2024-12-27,Brand Management Registration,5
61903556,digital marketing,marketing,assessment,Simple,12,2025-05-04,Digital Marketing Assessment,8
61903557,machine learning,it,assessment,Moderate,9,2025-08-09,Machine Learning Assessment,5
61903558,cloud computing,it,survey,Moderate,15,2025-09-11,Cloud Computing Survey,5
61903559,brand management,marketing,registration,Moderate,14,2024-11-28,Brand Management Registration,5
61903560,portfolio management,economics,survey,Moderate,5,2025-06-24,Portfolio Management Survey,6
61903561,investment planning,economics,registration,Moderate,6,2024-12-28,Investment Planning Registration,5
61903562,investment planning,economics,assessment,Moderate,9,2025-04-30,Investment Planning Assessment,10
61903563,digital marketing,marketing,registration,Simple,13,2025-05-09,Digital Marketing Registration,11
61903564,portfolio management,economics,application,Simple,13,2025-05-08,Portfolio Management Application,10
61903565,financial modeling,economics,application,Moderate,13,2024-11-22,Financial Modeling Application,11
61903566,cloud computing,it,registration,Simple,10,2025-04-13,Cloud Computing Registration,7
61903567,cybersecurity,it,survey,Moderate,14,2025-06-11,Cybersecurity Survey,11
61903568,market analysis,economics,application,Simple,8,2025-01-25,Market Analysis Application,10
61903569,social media,marketing,assessment,Complex,7,2025-02-15,Social Media Assessment,6
61903570,social media,marketing,registration,Simple,13,2025-05-25,Social Media Registration,6
61903571,financial modeling,economics,registration,Simple,9,2025-05-01,Financial Modeling Registration,3
61903572,market analysis,economics,application,Moderate,14,2025-05-12,Market Analysis Application,11
61903573,digital marketing,marketing,registration,Moderate,8,2024-12-07,Digital Marketing Registration,11
61903574,content marketing,marketing,assessment,Complex,12,2025-03-21,Content Marketing Assessment,12
61903575,financial modeling,economics,assessment,Complex,8,2025-05-24,Financial Modeling Assessment,3
61903576,portfolio management,economics,registration,Complex,8,2025-06-16,Portfolio Management Registration,11
61903577,machine learning,it,registration,Moderate,14,2025-10-20,Machine Learning Registration,5
61903578,investment planning,economics,assessment,Simple,15,2025-02-22,Investment Planning Assessment,6
61903579,machine learning,it,registration,Complex,8,2025-07-23,Machine Learning Registration,12
61903580,financial modeling,economics,application,Complex,7,2025-02-25,Financial Modeling Application,5
61903581,cloud computing,it,registration,Complex,11,2025-05-30,Cloud Computing Registration,4
61903582,digital marketing,marketing,application,Complex,14,2025-09-05,Digital Marketing Application,4
61903583,social media,marketing,assessment,Moderate,7,2025-03-22,Social Media Assessment,8
61903584,market analysis,economics,survey,Simple,10,2025-02-07,Market Analysis Survey,7
61903585,content marketing,marketing,application,Moderate,9,2025-02-07,Content Marketing Application,7
61903586,web development,it,application,Complex,13,2024-12-26,Web Development Application,12
61903587,market analysis,economics,registration,Complex,13,2025-03-11,Market Analysis Registration,8
61903588,investment planning,economics,assessment,Moderate,15,2025-07-08,Investment Planning Assessment,4
61903589,financial modeling,economics,survey,Complex,14,2024-12-25,Financial Modeling Survey,11
61903590,cybersecurity,it,application,Moderate,8,2024-11-18,Cybersecurity Application,5
61903591,data science,it,survey,Complex,7,2025-01-28,Data Science Survey,7
61903592,market analysis,economics,survey,Complex,12,2025-01-19,Market Analysis Survey,8
61903593,brand management,marketing,registration,Simple,13,2025-05-30,Brand Management Registration,3
61903594,digital marketing,marketing,application,Moderate,5,2025-04-22,Digital Marketing Application,10
61903595,market analysis,economics,application,Complex,9,2025-07-07,Market Analysis Application,9
61903596,portfolio management,economics,survey,Simple,8,2025-02-19,Portfolio Management Survey,9
61903597,market analysis,economics,application,Simple,5,2025-07-19,Market Analysis Application,6
61903598,digital marketing,marketing,assessment,Complex,13,2025-04-15,Digital Marketing Assessment,3
61903599,financial modeling,economics,assessment,Complex,6,2025-10-01,Financial Modeling Assessment,6
61903600,digital marketing,marketing,registration,Simple,12,2025-02-06,Digital Marketing Registration,9
61903601,brand management,marketing,assessment,Complex,7,2025-07-19,Brand Management Assessment,8
61903602,market analysis,economics,application,Moderate,6,2024-11-17,Market Analysis Application,11
61903603,content marketing,marketing,survey,Complex,8,2025-03-03,Content Marketing Survey,9
61903604,web development,it,application,Moderate,15,2025-03-03,Web Development Application,6
61903605,cloud computing,it,assessment,Simple,11,2025-05-02,Cloud Computing Assessment,8
61903606,brand management,marketing,survey,Moderate,12,2025-03-11,Brand Management Survey,11
61903607,social media,marketing,registration,Moderate,15,2025-08-10,Social Media Registration,9
61903608,digital marketing,marketing,registration,Moderate,11,2025-07-04,Digital Marketing Registration,8
61903609,brand management,marketing,survey,Complex,5,2025-07-26,Brand Management Survey,10
61903610,cybersecurity,it,application,Simple,15,2025-05-25,Cybersecurity Application,8
61903611,content marketing,marketing,application,Complex,8,2025-03-05,Content Marketing Application,7
61903612,data science,it,registration,Complex,6,2025-05-21,Data Science Registration,8
61903613,brand management,marketing,registration,Simple,6,2025-10-02,Brand Management Registration,10
61903614,machine learning,it,assessment,Simple,14,2024-12-15,Machine Learning Assessment,6
61903615,brand management,marketing,survey,Moderate,9,2025-08-15,Brand Management Survey,12
61903616,content marketing,marketing,survey,Moderate,10,2025-01-16,Content Marketing Survey,11
61903617,investment planning,economics,survey,Simple,9,2025-06-06,Investment Planning Survey,9
61903618,portfolio management,economics,assessment,Moderate,7,2024-11-25,Portfolio Management Assessment,6
61903619,machine learning,it,assessment,Simple,8,2025-03-31,Machine Learning Assessment,8
61903620,web development,it,survey,Complex,13,2024-12-07,Web Development Survey,4
61903621,cybersecurity,it,registration,Complex,8,2025-03-13,Cybersecurity Registration,8
61903622,data science,it,registration,Moderate,15,2025-03-14,Data Science Registration,4
61903623,social media,marketing,survey,Moderate,5,2025-02-17,Social Media Survey,6
61903624,cloud computing,it,survey,Complex,5,2025-05-30,Cloud Computing Survey,11
61903625,content marketing,marketing,application,Moderate,10,2025-06-30,Content Marketing Application,4
61903626,cloud computing,it,assessment,Simple,9,2024-12-26,Cloud Computing Assessment,5
61903627,web development,it,registration,Simple,14,2025-09-04,Web Development Registration,7
61903628,cybersecurity,it,survey,Simple,11,2025-07-07,Cybersecurity Survey,4
61903629,data science,it,survey,Complex,6,2025-08-19,Data Science Survey,11
61903630,cloud computing,it,registration,Complex,7,2025-06-08,Cloud Computing Registration,4
61903631,content marketing,marketing,registration,Moderate,6,2025-02-13,Content Marketing Registration,3
61903632,cloud computing,it,survey,Complex,10,2025-07-24,Cloud Computing Survey,6
61903633,financial modeling,economics,survey,Complex,7,2025-01-18,Financial Modeling Survey,8
61903634,content marketing,marketing,assessment,Moderate,6,2025-01-13,Content Marketing Assessment,9
61903635,cybersecurity,it,application,Complex,5,2025-06-07,Cybersecurity Application,10
61903636,digital marketing,marketing,survey,Complex,8,2025-06-27,Digital Marketing Survey,3
61903637,digital marketing,marketing,registration,Moderate,6,2025-07-07,Digital Marketing Registration,3
61903638,cloud computing,it,survey,Simple,15,2025-09-05,Cloud Computing Survey,10
61903639,content marketing,marketing,application,Complex,12,2025-02-20,Content Marketing Application,4
61903640,market analysis,economics,registration,Simple,5,2025-08-20,Market Analysis Registration,7
61903641,content marketing,marketing,registration,Simple,15,2025-01-24,Content Marketing Registration,9
61903642,portfolio management,economics,application,Complex,15,2025-06-12,Portfolio Management Application,5
61903643,content marketing,marketing,survey,Complex,15,2025-06-29,Content Marketing Survey,3
61903644,brand management,marketing,registration,Simple,15,2025-02-16,Brand Management Registration,11
61903645,financial modeling,economics,survey,Simple,5,2025-09-02,Financial Modeling Survey,7
61903646,brand management,marketing,registration,Moderate,6,2025-02-28,Brand Management Registration,9
61903647,social media,marketing,application,Moderate,14,2024-11-28,Social Media Application,5
61903648,financial modeling,economics,registration,Simple,6,2024-11-28,Financial Modeling Registration,11
61903649,content marketing,marketing,survey,Simple,10,2025-05-02,Content Marketing Survey,12
61903650,web development,it,survey,Complex,6,2024-11-12,Web Development Survey,12
61903651,data science,it,registration,Moderate,9,2024-12-19,Data Science Registration,11
61903652,financial modeling,economics,survey,Complex,12,2025-03-14,Financial Modeling Survey,11
61903653,cloud computing,it,registration,Simple,15,2024-11-30,Cloud Computing Registration,4
61903654,digital marketing,marketing,survey,Simple,5,2025-02-18,Digital Marketing Survey,12
61903655,digital marketing,marketing,registration,Moderate,13,2025-02-06,Digital Marketing Registration,7
61903656,machine learning,it,survey,Moderate,14,2025-03-21,Machine Learning Survey,9
61903657,financial modeling,economics,application,Complex,14,2025-02-12,Financial Modeling Application,11
61903658,brand management,marketing,assessment,Complex,11,2025-07-23,Brand Management Assessment,10
61903659,cybersecurity,it,assessment,Moderate,12,2025-09-30,Cybersecurity Assessment,10
61903660,investment planning,economics,assessment,Simple,7,2025-09-16,Investment Planning Assessment,6
61903661,portfolio management,economics,survey,Moderate,7,2025-06-24,Portfolio Management Survey,11
61903662,digital marketing,marketing,assessment,Simple,8,2025-04-20,Digital Marketing Assessment,11
61903663,content marketing,marketing,assessment,Complex,7,2025-09-15,Content Marketing Assessment,4
61903664,brand management,marketing,application,Complex,5,2025-08-11,Brand Management Application,4
61903665,web development,it,survey,Simple,15,2025-05-30,Web Development Survey,9
61903666,cybersecurity,it,survey,Simple,12,2025-09-07,Cybersecurity Survey,8
61903667,portfolio management,economics,application,Complex,5,2025-10-03,Portfolio Management Application,7
61903668,cybersecurity,it,assessment,Complex,7,2025-09-11,Cybersecurity Assessment,12
61903669,investment planning,economics,survey,Moderate,12,2025-05-24,Investment Planning Survey,4
61903670,brand management,marketing,application,Simple,9,2024-12-06,Brand Management Application,5
61903671,cybersecurity,it,survey,Complex,14,2025-01-03,Cybersecurity Survey,9
61903672,financial modeling,economics,application,Simple,13,2025-03-21,Financial Modeling Application,4
61903673,financial modeling,economics,registration,Simple,11,2025-03-04,Financial Modeling Registration,12
61903674,market analysis,economics,assessment,Moderate,7,2025-10-03,Market Analysis Assessment,3
61903675,market analysis,economics,assessment,Simple,9,2025-05-24,Market Analysis Assessment,3
61903676,content marketing,marketing,application,Complex,9,2025-08-16,Content Marketing Application,7
61903677,data science,it,registration,Simple,6,2025-09-04,Data Science Registration,10
61903678,portfolio management,economics,survey,Moderate,13,2025-04-26,Portfolio Management Survey,6
61903679,data science,it,registration,Moderate,11,2025-09-08,Data Science Registration,3
61903680,financial modeling,economics,assessment,Complex,7,2025-02-22,Financial Modeling Assessment,7
61903681,cybersecurity,it,registration,Moderate,6,2025-10-08,Cybersecurity Registration,9
61903682,data science,it,assessment,Complex,11,2025-01-31,Data Science Assessment,12
61903683,web development,it,survey,Moderate,13,2024-12-08,Web Development Survey,3
61903684,financial modeling,economics,assessment,Complex,5,2025-10-06,Financial Modeling Assessment,5
61903685,content marketing,marketing,application,Simple,7,2025-01-10,Content Marketing Application,6
61903686,financial modeling,economics,registration,Simple,11,2025-03-29,Financial Modeling Registration,7
61903687,web development,it,assessment,Moderate,7,2025-01-16,Web Development Assessment,7
61903688,cybersecurity,it,assessment,Complex,5,2024-11-09,Cybersecurity Assessment,10
61903689,web development,it,registration,Simple,14,2025-02-15,Web Development Registration,6
61903690,portfolio management,economics,assessment,Moderate,8,2025-09-23,Portfolio Management Assessment,4
61903691,digital marketing,marketing,survey,Moderate,8,2025-03-17,Digital Marketing Survey,11
61903692,social media,marketing,survey,Simple,15,2025-07-03,Social Media Survey,8
61903693,data science,it,assessment,Moderate,12,2025-08-15,Data Science Assessment,9
61903694,brand management,marketing,assessment,Complex,9,2025-09-25,Brand Management Assessment,4
61903695,portfolio management,economics,assessment,Simple,9,2025-10-08,Portfolio Management Assessment,8
61903696,data science,it,application,Moderate,9,2024-11-11,Data Science Application,8
61903697,investment planning,economics,application,Moderate,6,2025-09-27,Investment Planning Application,11
61903698,investment planning,economics,assessment,Simple,5,2025-01-27,Investment Planning Assessment,6
61903699,machine learning,it,survey,Simple,5,2025-07-16,Machine Learning Survey,12
61903700,content marketing,marketing,application,Moderate,9,2025-04-16,Content Marketing Application,6
61903701,cloud computing,it,assessment,Simple,11,2025-02-07,Cloud Computing Assessment,3
61903702,digital marketing,marketing,registration,Complex,14,2025-02-26,Digital Marketing Registration,12
61903703,machine learning,it,registration,Simple,7,2024-11-09,Machine Learning Registration,3
61903704,market analysis,economics,assessment,Moderate,9,2025-06-30,Market Analysis Assessment,4
61903705,web development,it,assessment,Complex,7,2025-03-09,Web Development Assessment,12
61903706,brand management,marketing,application,Moderate,6,2025-01-21,Brand Management Application,11
61903707,brand management,marketing,application,Complex,13,2024-12-20,Brand Management Application,11
61903708,investment planning,economics,application,Moderate,10,2025-01-28,Investment Planning Application,11
61903709,brand management,marketing,survey,Moderate,11,2025-01-10,Brand Management Survey,10
61903710,brand management,marketing,registration,Complex,6,2025-02-08,Brand Management Registration,12
61903711,machine learning,it,application,Complex,9,2025-05-16,Machine Learning Application,5
61903712,cloud computing,it,assessment,Moderate,15,2025-05-06,Cloud Computing Assessment,6
61903713,market analysis,economics,application,Complex,12,2025-05-14,Market Analysis Application,9
61903714,investment planning,economics,assessment,Moderate,9,2025-10-24,Investment Planning Assessment,7
61903715,social media,marketing,registration,Simple,6,2025-06-23,Social Media Registration,4
61903716,digital marketing,marketing,registration,Simple,13,2025-04-29,Digital Marketing Registration,10
61903717,brand management,marketing,assessment,Simple,8,2025-03-20,Brand Management Assessment,7
61903718,portfolio management,economics,assessment,Moderate,14,2024-12-05,Portfolio Management Assessment,10
61903719,digital marketing,marketing,assessment,Simple,7,2024-12-09,Digital Marketing Assessment,3
61903720,machine learning,it,survey,Complex,9,2024-10-27,Machine Learning Survey,6
61903721,data science,it,survey,Moderate,9,2025-02-15,Data Science Survey,12
61903722,portfolio management,economics,application,Complex,10,2025-02-06,Portfolio Management Application,8
61903723,financial modeling,economics,survey,Moderate,15,2025-01-14,Financial Modeling Survey,9
61903724,brand management,marketing,assessment,Simple,8,2025-10-13,Brand Management Assessment,6
61903725,portfolio management,economics,assessment,Moderate,7,2025-10-13,Portfolio Management Assessment,3
61903726,machine learning,it,assessment,Moderate,15,2025-04-18,Machine Learning Assessment,8
61903727,machine learning,it,survey,Complex,14,2025-02-06,Machine Learning Survey,9
61903728,investment planning,economics,assessment,Simple,14,2025-03-28,Investment Planning Assessment,10
61903729,market analysis,economics,registration,Moderate,13,2024-12-03,Market Analysis Registration,11
61903730,cloud computing,it,survey,Complex,8,2025-09-04,Cloud Computing Survey,10
61903731,cloud computing,it,survey,Simple,5,2025-06-19,Cloud Computing Survey,9
61903732,portfolio management,economics,application,Simple,12,2025-10-14,Portfolio Management Application,3
61903733,brand management,marketing,registration,Simple,6,2025-10-22,Brand Management Registration,5
61903734,cloud computing,it,registration,Complex,14,2024-11-16,Cloud Computing Registration,3
61903735,digital marketing,marketing,registration,Simple,10,2025-05-04,Digital Marketing Registration,9
61903736,social media,marketing,assessment,Moderate,14,2025-05-24,Social Media Assessment,12
61903737,web development,it,registration,Simple,15,2025-07-29,Web Development Registration,11
61903738,content marketing,marketing,assessment,Complex,9,2025-06-10,Content Marketing Assessment,11
61903739,brand management,marketing,application,Complex,12,2025-02-05,Brand Management Application,10
61903740,cybersecurity,it,application,Complex,14,2025-01-14,Cybersecurity Application,11
61903741,investment planning,economics,registration,Complex,12,2025-07-09,Investment Planning Registration,6
61903742,portfolio management,economics,assessment,Complex,5,2025-08-24,Portfolio Management Assessment,8
61903743,data science,it,assessment,Simple,9,2025-08-05,Data Science Assessment,6
61903744,market analysis,economics,assessment,Complex,8,2024-10-31,Market Analysis Assessment,5
61903745,data science,it,application,Complex,14,2025-08-02,Data Science Application,10
61903746,portfolio management,economics,application,Complex,8,2025-04-02,Portfolio Management Application,4
61903747,digital marketing,marketing,survey,Simple,15,2025-05-20,Digital Marketing Survey,6
61903748,web development,it,registration,Simple,7,2025-06-26,Web Development Registration,9
61903749,financial modeling,economics,survey,Simple,7,2025-03-14,Financial Modeling Survey,12
61903750,data science,it,registration,Complex,8,2024-12-06,Data Science Registration,8
61903751,machine learning,it,registration,Moderate,14,2025-05-29,Machine Learning Registration,7
61903752,market analysis,economics,assessment,Complex,15,2025-05-28,Market Analysis Assessment,10
61903753,investment planning,economics,assessment,Simple,9,2025-01-24,Investment Planning Assessment,5
61903754,cybersecurity,it,registration,Moderate,8,2025-09-21,Cybersecurity Registration,12
61903755,market analysis,economics,assessment,Moderate,8,2024-11-08,Market Analysis Assessment,11
61903756,portfolio management,economics,application,Complex,13,2024-12-28,Portfolio Management Application,3
61903757,financial modeling,economics,assessment,Simple,14,2025-06-17,Financial Modeling Assessment,3
61903758,financial modeling,economics,application,Simple,10,2025-05-02,Financial Modeling Application,10
61903759,social media,marketing,registration,Complex,5,2025-06-05,Social Media Registration,7
61903760,financial modeling,economics,survey,Complex,14,2024-12-20,Financial Modeling Survey,11
61903761,portfolio management,economics,survey,Complex,5,2025-04-25,Portfolio Management Survey,6
61903762,content marketing,marketing,registration,Simple,13,2024-12-19,Content Marketing Registration,3
61903763,digital marketing,marketing,survey,Complex,6,2025-06-06,Digital Marketing Survey,10
61903764,cybersecurity,it,assessment,Complex,6,2024-12-19,Cybersecurity Assessment,12
61903765,cloud computing,it,assessment,Simple,11,2025-06-25,Cloud Computing Assessment,5
61903766,brand management,marketing,survey,Moderate,14,2024-12-01,Brand Management Survey,3
61903767,machine learning,it,survey,Moderate,10,2025-06-24,Machine Learning Survey,10
61903768,brand management,marketing,application,Moderate,7,2024-10-31,Brand Management Application,7
61903769,social media,marketing,assessment,Complex,10,2025-05-11,Social Media Assessment,9
61903770,cloud computing,it,survey,Moderate,12,2025-04-16,Cloud Computing Survey,9
61903771,web development,it,assessment,Simple,10,2025-04-30,Web Development Assessment,11
61903772,investment planning,economics,assessment,Complex,8,2025-02-11,Investment Planning Assessment,6
61903773,content marketing,marketing,registration,Complex,10,2025-10-11,Content Marketing Registration,7
61903774,social media,marketing,registration,Complex,11,2025-04-18,Social Media Registration,3
61903775,market analysis,economics,application,Moderate,10,2025-01-26,Market Analysis Application,11
61903776,cloud computing,it,survey,Simple,7,2025-08-10,Cloud Computing Survey,8
61903777,financial modeling,economics,application,Moderate,5,2025-04-29,Financial Modeling Application,4
61903778,cybersecurity,it,assessment,Moderate,13,2025-06-15,Cybersecurity Assessment,9
61903779,investment planning,economics,registration,Complex,13,2025-04-05,Investment Planning Registration,8
61903780,brand management,marketing,assessment,Simple,14,2025-07-30,Brand Management Assessment,7
61903781,brand management,marketing,registration,Moderate,13,2025-05-29,Brand Management Registration,8
61903782,data science,it,survey,Simple,8,2025-05-27,Data Science Survey,10
61903783,digital marketing,marketing,assessment,Simple,11,2025-08-07,Digital Marketing Assessment,11
61903784,investment planning,economics,survey,Simple,10,2024-12-24,Investment Planning Survey,12
61903785,investment planning,economics,assessment,Complex,5,2025-07-13,Investment Planning Assessment,12
61903786,market analysis,economics,application,Complex,8,2025-06-26,Market Analysis Application,7
61903787,web development,it,application,Simple,13,2024-12-14,Web Development Application,8
61903788,brand management,marketing,registration,Complex,11,2025-01-16,Brand Management Registration,9
61903789,web development,it,application,Complex,15,2024-12-24,Web Development Application,9
61903790,content marketing,marketing,application,Simple,5,2025-07-04,Content Marketing Application,3
61903791,financial modeling,economics,survey,Moderate,15,2025-04-09,Financial Modeling Survey,3
61903792,portfolio management,economics,assessment,Complex,15,2024-12-05,Portfolio Management Assessment,12
61903793,machine learning,it,survey,Simple,5,2025-09-19,Machine Learning Survey,10
61903794,financial modeling,economics,survey,Simple,13,2025-07-06,Financial Modeling Survey,8
61903795,digital marketing,marketing,assessment,Simple,7,2025-01-17,Digital Marketing Assessment,7
61903796,digital marketing,marketing,registration,Complex,6,2025-08-21,Digital Marketing Registration,9
61903797,content marketing,marketing,application,Complex,9,2025-06-29,Content Marketing Application,3
61903798,web development,it,survey,Complex,6,2025-03-25,Web Development Survey,11
61903799,market analysis,economics,assessment,Simple,5,2025-08-18,Market Analysis Assessment,7
61903800,investment planning,economics,registration,Complex,9,2025-07-13,Investment Planning Registration,6
61903801,cybersecurity,it,survey,Complex,7,2025-08-09,Cybersecurity Survey,4
61903802,web development,it,registration,Complex,7,2025-03-19,Web Development Registration,3
61903803,market analysis,economics,registration,Moderate,7,2024-11-28,Market Analysis Registration,5
61903804,portfolio management,economics,survey,Complex,10,2025-01-03,Portfolio Management Survey,12
61903805,social media,marketing,registration,Complex,15,2025-08-17,Social Media Registration,3
61903806,content marketing,marketing,application,Moderate,11,2025-03-18,Content Marketing Application,12
61903807,financial modeling,economics,application,Simple,14,2025-07-27,Financial Modeling Application,7
61903808,cybersecurity,it,application,Moderate,13,2024-11-20,Cybersecurity Application,3
61903809,cloud computing,it,survey,Complex,13,2024-11-11,Cloud Computing Survey,9
61903810,social media,marketing,application,Complex,5,2025-08-04,Social Media Application,9
61903811,social media,marketing,registration,Moderate,12,2025-03-12,Social Media Registration,7
61903812,brand management,marketing,application,Moderate,6,2025-08-07,Brand Management Application,10
61903813,brand management,marketing,assessment,Simple,5,2025-06-27,Brand Management Assessment,8
61903814,investment planning,economics,assessment,Moderate,9,2025-07-19,Investment Planning Assessment,4
61903815,investment planning,economics,application,Complex,9,2025-10-15,Investment Planning Application,6
61903816,content marketing,marketing,application,Moderate,7,2025-02-10,Content Marketing Application,4
61903817,investment planning,economics,survey,Simple,10,2024-12-07,Investment Planning Survey,5
61903818,brand management,marketing,assessment,Complex,7,2025-08-04,Brand Management Assessment,9
61903819,content marketing,marketing,registration,Simple,10,2025-02-23,Content Marketing Registration,12
61903820,portfolio management,economics,registration,Simple,5,2024-12-11,Portfolio Management Registration,3
61903821,investment planning,economics,survey,Complex,7,2025-09-25,Investment Planning Survey,9
61903822,content marketing,marketing,survey,Simple,11,2025-02-18,Content Marketing Survey,5
61903823,brand management,marketing,registration,Moderate,6,2025-04-13,Brand Management Registration,10
61903824,portfolio management,economics,registration,Complex,15,2025-01-02,Portfolio Management Registration,5
61903825,market analysis,economics,registration,Simple,5,2025-04-09,Market Analysis Registration,12
61903826,cybersecurity,it,survey,Moderate,10,2025-04-14,Cybersecurity Survey,12
61903827,machine learning,it,assessment,Complex,11,2024-11-03,Machine Learning Assessment,10
61903828,brand management,marketing,survey,Simple,8,2025-07-13,Brand Management Survey,11
61903829,financial modeling,economics,survey,Simple,10,2025-06-01,Financial Modeling Survey,3
61903830,content marketing,marketing,application,Moderate,14,2025-03-14,Content Marketing Application,7
61903831,brand management,marketing,registration,Moderate,8,2025-04-21,Brand Management Registration,10
61903832,data science,it,assessment,Moderate,12,2025-02-22,Data Science Assessment,3
61903833,market analysis,economics,registration,Simple,15,2025-10-02,Market Analysis Registration,9
61903834,portfolio management,economics,application,Simple,12,2025-10-14,Portfolio Management Application,5
61903835,cybersecurity,it,survey,Simple,15,2024-11-20,Cybersecurity Survey,10
61903836,portfolio management,economics,registration,Simple,12,2025-02-05,Portfolio Management Registration,5
61903837,web development,it,survey,Complex,5,2025-07-18,Web Development Survey,6
61903838,social media,marketing,survey,Complex,15,2025-06-21,Social Media Survey,6
61903839,machine learning,it,application,Moderate,11,2025-02-27,Machine Learning Application,4
61903840,investment planning,economics,assessment,Simple,14,2025-09-19,Investment Planning Assessment,7
61903841,machine learning,it,application,Moderate,12,2025-10-24,Machine Learning Application,3
61903842,brand management,marketing,survey,Complex,11,2025-01-15,Brand Management Survey,12
61903843,digital marketing,marketing,assessment,Simple,5,2025-10-14,Digital Marketing Assessment,9
61903844,digital marketing,marketing,application,Simple,11,2025-01-15,Digital Marketing Application,6
61903845,social media,marketing,application,Complex,11,2025-09-08,Social Media Application,7
61903846,cybersecurity,it,application,Moderate,8,2025-06-30,Cybersecurity Application,11
61903847,cloud computing,it,registration,Moderate,5,2025-08-25,Cloud Computing Registration,6
61903848,digital marketing,marketing,registration,Complex,10,2024-11-09,Digital Marketing Registration,4
61903849,brand management,marketing,application,Moderate,12,2024-11-13,Brand Management Application,9
61903850,financial modeling,economics,registration,Simple,11,2025-02-21,Financial Modeling Registration,6
61903851,market analysis,economics,application,Simple,7,2024-11-23,Market Analysis Application,7
61903852,data science,it,survey,Moderate,5,2025-10-07,Data Science Survey,11
61903853,brand management,marketing,assessment,Complex,15,2025-10-08,Brand Management Assessment,3
61903854,market analysis,economics,application,Simple,5,2025-01-12,Market Analysis Application,12
61903855,social media,marketing,application,Complex,8,2025-01-04,Social Media Application,6
61903856,brand management,marketing,survey,Complex,8,2025-08-14,Brand Management Survey,6
61903857,cybersecurity,it,survey,Simple,12,2025-07-15,Cybersecurity Survey,10
61903858,portfolio management,economics,survey,Complex,14,2025-08-28,Portfolio Management Survey,10
61903859,financial modeling,economics,registration,Complex,12,2025-05-02,Financial Modeling Registration,6
61903860,financial modeling,economics,registration,Simple,8,2025-09-23,Financial Modeling Registration,3
61903861,market analysis,economics,application,Complex,15,2024-12-22,Market Analysis Application,6
61903862,social media,marketing,assessment,Simple,7,2024-12-01,Social Media Assessment,9
61903863,cybersecurity,it,survey,Moderate,5,2024-12-23,Cybersecurity Survey,5
61903864,machine learning,it,registration,Simple,10,2025-07-22,Machine Learning Registration,11
61903865,brand management,marketing,survey,Complex,12,2024-12-30,Brand Management Survey,10
61903866,investment planning,economics,assessment,Simple,6,2024-12-16,Investment Planning Assessment,10
61903867,cloud computing,it,application,Complex,11,2025-08-10,Cloud Computing Application,12
61903868,investment planning,economics,application,Moderate,12,2025-09-27,Investment Planning Application,5
61903869,cloud computing,it,registration,Simple,5,2025-09-29,Cloud Computing Registration,4
61903870,financial modeling,economics,survey,Complex,15,2025-08-29,Financial Modeling Survey,4
61903871,portfolio management,economics,survey,Complex,9,2025-10-04,Portfolio Management Survey,6
61903872,market analysis,economics,application,Moderate,14,2025-05-04,Market Analysis Application,3
61903873,web development,it,assessment,Moderate,14,2024-12-31,Web Development Assessment,11
61903874,market analysis,economics,application,Simple,9,2025-06-18,Market Analysis Application,4
61903875,portfolio management,economics,survey,Complex,7,2024-11-11,Portfolio Management Survey,7
61903876,investment planning,economics,assessment,Simple,7,2025-09-07,Investment Planning Assessment,9
61903877,financial modeling,economics,survey,Simple,6,2025-07-24,Financial Modeling Survey,5
61903878,content marketing,marketing,application,Simple,5,2025-07-07,Content Marketing Application,7
61903879,market analysis,economics,application,Moderate,14,2025-02-27,Market Analysis Application,6
61903880,cybersecurity,it,application,Simple,9,2025-06-23,Cybersecurity Application,7
61903881,data science,it,survey,Moderate,14,2025-06-07,Data Science Survey,12
61903882,financial modeling,economics,application,Simple,9,2025-04-22,Financial Modeling Application,4
61903883,content marketing,marketing,application,Moderate,12,2025-01-27,Content Marketing Application,3
61903884,portfolio management,economics,survey,Moderate,7,2025-06-12,Portfolio Management Survey,7
61903885,brand management,marketing,assessment,Complex,15,2025-07-30,Brand Management Assessment,3
61903886,machine learning,it,registration,Moderate,15,2025-07-06,Machine Learning Registration,9
61903887,financial modeling,economics,assessment,Simple,11,2025-02-07,Financial Modeling Assessment,4
61903888,cloud computing,it,assessment,Simple,5,2025-03-11,Cloud Computing Assessment,10
61903889,web development,it,registration,Simple,10,2025-03-22,Web Development Registration,12
61903890,financial modeling,economics,survey,Moderate,6,2025-02-24,Financial Modeling Survey,9
61903891,financial modeling,economics,application,Simple,15,2025-03-06,Financial Modeling Application,9
61903892,brand management,marketing,registration,Moderate,12,2025-01-04,Brand Management Registration,8
61903893,cybersecurity,it,registration,Moderate,8,2025-10-02,Cybersecurity Registration,10
61903894,data science,it,application,Moderate,11,2024-12-25,Data Science Application,3
61903895,social media,marketing,assessment,Moderate,14,2025-06-13,Social Media Assessment,12
61903896,web development,it,registration,Simple,8,2025-02-20,Web Development Registration,5
61903897,content marketing,marketing,registration,Simple,9,2025-09-23,Content Marketing Registration,12
61903898,machine learning,it,assessment,Simple,10,2025-07-12,Machine Learning Assessment,6
61903899,financial modeling,economics,registration,Complex,7,2025-09-06,Financial Modeling Registration,12
61903900,content marketing,marketing,survey,Complex,12,2025-06-13,Content Marketing Survey,10
61903901,market analysis,economics,survey,Moderate,5,2025-05-20,Market Analysis Survey,8
61903902,web development,it,survey,Complex,8,2025-03-04,Web Development Survey,9
61903903,web development,it,survey,Moderate,6,2025-05-18,Web Development Survey,10
61903904,market analysis,economics,application,Simple,11,2025-05-17,Market Analysis Application,7
61903905,market analysis,economics,assessment,Simple,8,2025-01-12,Market Analysis Assessment,4
61903906,brand management,marketing,assessment,Moderate,15,2024-11-25,Brand Management Assessment,8
61903907,investment planning,economics,application,Complex,9,2025-05-14,Investment Planning Application,6
61903908,cybersecurity,it,application,Complex,15,2025-08-02,Cybersecurity Application,9
61903909,market analysis,economics,assessment,Moderate,15,2024-11-12,Market Analysis Assessment,9
61903910,data science,it,assessment,Moderate,5,2024-11-26,Data Science Assessment,12
61903911,digital marketing,marketing,assessment,Simple,12,2024-10-26,Digital Marketing Assessment,9
61903912,content marketing,marketing,registration,Complex,14,2024-12-14,Content Marketing Registration,4
61903913,content marketing,marketing,survey,Complex,14,2025-08-30,Content Marketing Survey,3
61903914,brand management,marketing,registration,Moderate,6,2025-02-02,Brand Management Registration,8
61903915,brand management,marketing,application,Moderate,11,2025-10-16,Brand Management Application,4
61903916,social media,marketing,survey,Complex,11,2024-12-02,Social Media Survey,10
61903917,social media,marketing,survey,Complex,11,2025-07-03,Social Media Survey,8
61903918,market analysis,economics,survey,Complex,14,2025-02-15,Market Analysis Survey,11
61903919,market analysis,economics,assessment,Moderate,7,2025-01-27,Market Analysis Assessment,12
61903920,investment planning,economics,registration,Simple,8,2025-05-31,Investment Planning Registration,10
61903921,web development,it,assessment,Complex,6,2024-12-07,Web Development Assessment,6
61903922,market analysis,economics,application,Simple,6,2025-01-02,Market Analysis Application,5
61903923,financial modeling,economics,survey,Moderate,10,2025-02-27,Financial Modeling Survey,8
61903924,cybersecurity,it,survey,Complex,8,2025-04-13,Cybersecurity Survey,11
61903925,machine learning,it,assessment,Complex,15,2025-09-19,Machine Learning Assessment,9
61903926,cloud computing,it,assessment,Simple,5,2024-10-30,Cloud Computing Assessment,4
61903927,financial modeling,economics,registration,Moderate,9,2024-11-30,Financial Modeling Registration,9
61903928,market analysis,economics,assessment,Complex,9,2024-12-19,Market Analysis Assessment,12
61903929,digital marketing,marketing,assessment,Complex,5,2025-01-01,Digital Marketing Assessment,6
61903930,content marketing,marketing,survey,Simple,11,2025-06-29,Content Marketing Survey,10
61903931,investment planning,economics,application,Simple,7,2025-01-17,Investment Planning Application,6
61903932,digital marketing,marketing,survey,Complex,8,2025-10-11,Digital Marketing Survey,12
61903933,portfolio management,economics,survey,Moderate,14,2025-01-19,Portfolio Management Survey,7
61903934,social media,marketing,application,Simple,7,2024-12-13,Social Media Application,10
61903935,portfolio management,economics,application,Complex,6,2025-10-20,Portfolio Management Application,8
61903936,portfolio management,economics,registration,Complex,6,2025-09-09,Portfolio Management Registration,10
61903937,digital marketing,marketing,registration,Complex,13,2025-06-19,Digital Marketing Registration,7
61903938,portfolio management,economics,registration,Complex,14,2025-03-19,Portfolio Management Registration,6
61903939,portfolio management,economics,application,Complex,9,2025-07-21,Portfolio Management Application,5
61903940,financial modeling,economics,survey,Moderate,6,2024-11-25,Financial Modeling Survey,6
61903941,content marketing,marketing,assessment,Complex,12,2025-09-01,Content Marketing Assessment,12
61903942,cybersecurity,it,survey,Simple,5,2024-10-25,Cybersecurity Survey,12
61903943,market analysis,economics,application,Moderate,9,2025-09-17,Market Analysis Application,5
61903944,financial modeling,economics,application,Simple,5,2024-12-20,Financial Modeling Application,6
61903945,social media,marketing,registration,Complex,15,2025-05-24,Social Media Registration,10
61903946,digital marketing,marketing,application,Complex,14,2024-11-27,Digital Marketing Application,5
61903947,financial modeling,economics,application,Moderate,15,2024-11-29,Financial Modeling Application,3
61903948,digital marketing,marketing,assessment,Complex,12,2024-12-16,Digital Marketing Assessment,9
61903949,cloud computing,it,registration,Moderate,12,2025-05-22,Cloud Computing Registration,12
61903950,cloud computing,it,registration,Simple,10,2024-11-18,Cloud Computing Registration,5
61903951,brand management,marketing,registration,Moderate,13,2025-03-20,Brand Management Registration,12
61903952,web development,it,registration,Moderate,7,2025-04-06,Web Development Registration,8
61903953,market analysis,economics,survey,Simple,14,2025-08-28,Market Analysis Survey,12
61903954,web development,it,application,Simple,6,2025-08-05,Web Development Application,12
61903955,market analysis,economics,survey,Complex,11,2024-12-10,Market Analysis Survey,8
61903956,social media,marketing,registration,Moderate,12,2025-01-28,Social Media Registration,5
61903957,portfolio management,economics,assessment,Complex,12,2024-12-30,Portfolio Management Assessment,9
61903958,machine learning,it,assessment,Complex,10,2025-07-20,Machine Learning Assessment,11
61903959,cloud computing,it,registration,Complex,14,2025-05-15,Cloud Computing Registration,6
61903960,digital marketing,marketing,registration,Moderate,7,2025-09-12,Digital Marketing Registration,10
61903961,brand management,marketing,assessment,Simple,6,2025-08-04,Brand Management Assessment,7
61903962,machine learning,it,survey,Complex,9,2025-07-19,Machine Learning Survey,6
61903963,digital marketing,marketing,assessment,Moderate,11,2025-05-25,Digital Marketing Assessment,10
61903964,digital marketing,marketing,assessment,Moderate,12,2025-02-10,Digital Marketing Assessment,10
61903965,machine learning,it,survey,Complex,5,2025-05-16,Machine Learning Survey,10
61903966,financial modeling,economics,registration,Simple,7,2025-08-11,Financial Modeling Registration,5
61903967,market analysis,economics,registration,Moderate,6,2025-10-03,Market Analysis Registration,8
61903968,content marketing,marketing,application,Moderate,5,2025-09-28,Content Marketing Application,5
61903969,cybersecurity,it,registration,Simple,8,2025-06-05,Cybersecurity Registration,9
61903970,data science,it,assessment,Moderate,11,2025-06-07,Data Science Assessment,12
61903971,data science,it,application,Complex,5,2025-03-31,Data Science Application,8
61903972,cloud computing,it,application,Moderate,8,2024-11-28,Cloud Computing Application,10
61903973,cloud computing,it,survey,Simple,8,2024-12-26,Cloud Computing Survey,10
61903974,digital marketing,marketing,registration,Moderate,13,2024-12-06,Digital Marketing Registration,5
61903975,cybersecurity,it,assessment,Complex,5,2025-01-09,Cybersecurity Assessment,3
61903976,data science,it,registration,Simple,15,2025-03-18,Data Science Registration,3
61903977,cloud computing,it,assessment,Moderate,9,2025-08-10,Cloud Computing Assessment,7
61903978,financial modeling,economics,application,Moderate,9,2025-08-02,Financial Modeling Application,6
61903979,content marketing,marketing,survey,Complex,9,2024-12-05,Content Marketing Survey,9
61903980,social media,marketing,application,Complex,8,2024-12-03,Social Media Application,8
61903981,financial modeling,economics,assessment,Complex,14,2025-03-26,Financial Modeling Assessment,10
61903982,investment planning,economics,assessment,Complex,12,2025-07-29,Investment Planning Assessment,7
61903983,portfolio management,economics,assessment,Moderate,12,2025-06-15,Portfolio Management Assessment,11
61903984,portfolio management,economics,application,Complex,12,2024-12-05,Portfolio Management Application,11
61903985,portfolio management,economics,registration,Moderate,12,2025-04-03,Portfolio Management Registration,4
61903986,digital marketing,marketing,survey,Complex,7,2025-08-22,Digital Marketing Survey,4
61903987,machine learning,it,application,Complex,11,2024-11-29,Machine Learning Application,11
61903988,portfolio management,economics,application,Moderate,6,2025-07-10,Portfolio Management Application,4
61903989,content marketing,marketing,application,Simple,6,2025-05-07,Content Marketing Application,10
61903990,content marketing,marketing,assessment,Complex,7,2024-12-10,Content Marketing Assessment,11
61903991,data science,it,survey,Simple,14,2025-05-24,Data Science Survey,6
61903992,content marketing,marketing,application,Moderate,14,2025-07-20,Content Marketing Application,8
61903993,digital marketing,marketing,survey,Moderate,13,2025-09-12,Digital Marketing Survey,7
61903994,portfolio management,economics,registration,Simple,12,2025-08-11,Portfolio Management Registration,11
61903995,market analysis,economics,survey,Moderate,12,2025-07-27,Market Analysis Survey,7
61903996,cloud computing,it,application,Moderate,8,2025-09-16,Cloud Computing Application,7
61903997,content marketing,marketing,survey,Moderate,7,2025-09-26,Content Marketing Survey,8
61903998,data science,it,application,Moderate,11,2025-08-11,Data Science Application,5
61903999,data science,it,application,Complex,14,2024-11-07,Data Science Application,4
61904000,content marketing,marketing,application,Complex,12,2025-09-06,Content Marketing Application,5
61904001,content marketing,marketing,application,Moderate,13,2024-12-23,Content Marketing Application,11
61904002,digital marketing,marketing,registration,Simple,15,2025-09-21,Digital Marketing Registration,7
61904003,social media,marketing,survey,Moderate,14,2025-06-29,Social Media Survey,8
61904004,brand management,marketing,application,Complex,12,2025-03-27,Brand Management Application,7
61904005,cybersecurity,it,application,Complex,13,2025-02-06,Cybersecurity Application,6
61904006,cloud computing,it,survey,Complex,14,2025-02-27,Cloud Computing Survey,11
61904007,investment planning,economics,application,Simple,6,2025-09-16,Investment Planning Application,4
61904008,portfolio management,economics,survey,Simple,12,2025-10-01,Portfolio Management Survey,7
61904009,market analysis,economics,application,Simple,6,2025-10-03,Market Analysis Application,10
61904010,content marketing,marketing,survey,Complex,13,2025-02-26,Content Marketing Survey,11
61904011,cybersecurity,it,assessment,Moderate,13,2024-12-12,Cybersecurity Assessment,9
61904012,social media,marketing,survey,Moderate,5,2025-10-14,Social Media Survey,9
61904013,investment planning,economics,registration,Moderate,10,2024-10-26,Investment Planning Registration,4
61904014,content marketing,marketing,registration,Moderate,6,2024-12-18,Content Marketing Registration,3
61904015,digital marketing,marketing,survey,Simple,12,2025-01-30,Digital Marketing Survey,11
61904016,cybersecurity,it,application,Complex,8,2025-10-23,Cybersecurity Application,10
61904017,data science,it,survey,Simple,5,2024-10-29,Data Science Survey,8
61904018,digital marketing,marketing,registration,Simple,13,2025-09-17,Digital Marketing Registration,11
61904019,web development,it,assessment,Simple,8,2025-07-24,Web Development Assessment,8
61904020,market analysis,economics,survey,Simple,14,2025-04-11,Market Analysis Survey,3
61904021,web development,it,survey,Complex,6,2024-11-08,Web Development Survey,3
61904022,social media,marketing,assessment,Moderate,9,2024-11-20,Social Media Assessment,10
61904023,data science,it,assessment,Complex,11,2025-04-23,Data Science Assessment,11
61904024,cloud computing,it,application,Complex,5,2025-01-21,Cloud Computing Application,9
61904025,market analysis,economics,survey,Simple,6,2025-09-14,Market Analysis Survey,9
61904026,cybersecurity,it,application,Simple,10,2025-09-15,Cybersecurity Application,5
61904027,social media,marketing,assessment,Moderate,8,2025-01-30,Social Media Assessment,9
61904028,portfolio management,economics,assessment,Simple,15,2025-01-22,Portfolio Management Assessment,6
61904029,data science,it,registration,Simple,11,2024-11-05,Data Science Registration,11
61904030,digital marketing,marketing,survey,Moderate,11,2025-02-11,Digital Marketing Survey,7
61904031,portfolio management,economics,assessment,Complex,5,2025-04-27,Portfolio Management Assessment,7
61904032,content marketing,marketing,application,Moderate,13,2025-02-15,Content Marketing Application,6
61904033,content marketing,marketing,registration,Simple,13,2025-05-02,Content Marketing Registration,10
61904034,investment planning,economics,assessment,Simple,15,2025-07-06,Investment Planning Assessment,11
61904035,web development,it,application,Moderate,14,2025-09-24,Web Development Application,4
61904036,portfolio management,economics,registration,Simple,9,2025-04-24,Portfolio Management Registration,4
61904037,brand management,marketing,assessment,Moderate,11,2025-02-11,Brand Management Assessment,11
61904038,content marketing,marketing,assessment,Simple,5,2025-08-12,Content Marketing Assessment,6
61904039,cloud computing,it,assessment,Moderate,7,2025-09-26,Cloud Computing Assessment,9
61904040,data science,it,application,Complex,14,2024-12-09,Data Science Application,3
61904041,content marketing,marketing,application,Moderate,8,2025-04-06,Content Marketing Application,6
61904042,market analysis,economics,application,Simple,10,2025-10-06,Market Analysis Application,4
61904043,cloud computing,it,application,Moderate,8,2025-01-23,Cloud Computing Application,7
61904044,financial modeling,economics,survey,Simple,13,2025-05-26,Financial Modeling Survey,8
61904045,social media,marketing,assessment,Moderate,11,2025-10-14,Social Media Assessment,11
61904046,cloud computing,it,registration,Simple,7,2025-06-06,Cloud Computing Registration,8
61904047,web development,it,registration,Moderate,14,2025-08-06,Web Development Registration,3
61904048,social media,marketing,assessment,Complex,14,2025-03-03,Social Media Assessment,8
61904049,content marketing,marketing,registration,Simple,11,2024-12-10,Content Marketing Registration,6
61904050,cloud computing,it,survey,Complex,10,2024-10-31,Cloud Computing Survey,6
61904051,digital marketing,marketing,registration,Moderate,7,2025-08-06,Digital Marketing Registration,11
61904052,cybersecurity,it,survey,Complex,15,2025-06-20,Cybersecurity Survey,5
61904053,financial modeling,economics,registration,Moderate,15,2025-04-30,Financial Modeling Registration,8
61904054,financial modeling,economics,survey,Complex,11,2025-01-11,Financial Modeling Survey,6
61904055,financial modeling,economics,survey,Complex,13,2025-04-14,Financial Modeling Survey,5
61904056,social media,marketing,application,Moderate,13,2025-07-26,Social Media Application,3
61904057,investment planning,economics,registration,Simple,9,2025-02-02,Investment Planning Registration,5
61904058,market analysis,economics,registration,Complex,8,2025-01-27,Market Analysis Registration,6
61904059,market analysis,economics,assessment,Simple,10,2025-03-12,Market Analysis Assessment,4
61904060,portfolio management,economics,registration,Simple,14,2025-09-23,Portfolio Management Registration,12
61904061,brand management,marketing,application,Complex,5,2025-02-05,Brand Management Application,9
61904062,machine learning,it,assessment,Complex,12,2025-02-06,Machine Learning Assessment,7
61904063,portfolio management,economics,application,Complex,7,2025-06-29,Portfolio Management Application,8
61904064,cloud computing,it,assessment,Moderate,15,2024-11-13,Cloud Computing Assessment,10
61904065,social media,marketing,registration,Complex,10,2025-09-17,Social Media Registration,6
61904066,web development,it,assessment,Complex,12,2025-04-26,Web Development Assessment,12
61904067,brand management,marketing,application,Moderate,10,2025-02-16,Brand Management Application,8
61904068,financial modeling,economics,registration,Simple,6,2025-09-17,Financial Modeling Registration,6
61904069,content marketing,marketing,application,Moderate,14,2025-04-03,Content Marketing Application,3
61904070,digital marketing,marketing,registration,Simple,12,2025-09-09,Digital Marketing Registration,11
61904071,investment planning,economics,survey,Complex,12,2025-10-17,Investment Planning Survey,5
61904072,market analysis,economics,application,Complex,11,2025-02-15,Market Analysis Application,7
61904073,web development,it,assessment,Simple,8,2025-07-07,Web Development Assessment,4
61904074,digital marketing,marketing,assessment,Simple,7,2025-04-06,Digital Marketing Assessment,5
61904075,cloud computing,it,survey,Complex,11,2025-09-22,Cloud Computing Survey,4
61904076,digital marketing,marketing,assessment,Simple,13,2025-06-16,Digital Marketing Assessment,11
61904077,web development,it,survey,Complex,10,2025-02-27,Web Development Survey,8
61904078,market analysis,economics,survey,Complex,9,2024-11-08,Market Analysis Survey,12
61904079,machine learning,it,application,Moderate,15,2025-08-28,Machine Learning Application,6
61904080,data science,it,registration,Simple,10,2025-05-15,Data Science Registration,11
61904081,cloud computing,it,registration,Moderate,5,2024-11-26,Cloud Computing Registration,10
61904082,content marketing,marketing,assessment,Complex,9,2025-01-18,Content Marketing Assessment,5
61904083,content marketing,marketing,survey,Simple,15,2025-03-27,Content Marketing Survey,6
61904084,market analysis,economics,application,Complex,8,2024-11-04,Market Analysis Application,6
61904085,investment planning,economics,survey,Simple,6,2025-03-14,Investment Planning Survey,6
61904086,market analysis,economics,assessment,Simple,14,2025-09-24,Market Analysis Assessment,11
61904087,digital marketing,marketing,application,Complex,8,2025-09-29,Digital Marketing Application,10
61904088,investment planning,economics,assessment,Moderate,8,2025-04-02,Investment Planning Assessment,12
61904089,social media,marketing,survey,Simple,13,2025-07-25,Social Media Survey,8
61904090,cloud computing,it,survey,Simple,10,2025-04-06,Cloud Computing Survey,6
61904091,investment planning,economics,application,Moderate,6,2025-06-13,Investment Planning Application,9
61904092,web development,it,assessment,Complex,15,2024-12-20,Web Development Assessment,12
61904093,brand management,marketing,registration,Complex,11,2025-01-13,Brand Management Registration,9
61904094,investment planning,economics,application,Simple,10,2025-06-02,Investment Planning Application,8
61904095,cybersecurity,it,assessment,Moderate,6,2025-08-19,Cybersecurity Assessment,3
61904096,cybersecurity,it,application,Complex,11,2025-05-20,Cybersecurity Application,4
61904097,brand management,marketing,application,Moderate,9,2025-02-24,Brand Management Application,11
61904098,brand management,marketing,application,Complex,5,2025-03-17,Brand Management Application,7
61904099,brand management,marketing,assessment,Complex,7,2025-08-21,Brand Management Assessment,12
61904100,digital marketing,marketing,registration,Complex,7,2025-07-07,Digital Marketing Registration,4
61904101,portfolio management,economics,application,Complex,5,2025-03-28,Portfolio Management Application,9
61904102,digital marketing,marketing,registration,Moderate,15,2025-07-30,Digital Marketing Registration,11
61904103,investment planning,economics,registration,Complex,12,2025-09-09,Investment Planning Registration,7
61904104,social media,marketing,registration,Moderate,15,2025-02-19,Social Media Registration,8
61904105,brand management,marketing,application,Complex,14,2025-04-04,Brand Management Application,6
61904106,investment planning,economics,application,Moderate,5,2025-07-24,Investment Planning Application,4
61904107,portfolio management,economics,assessment,Moderate,9,2025-10-25,Portfolio Management Assessment,4
61904108,digital marketing,marketing,assessment,Complex,8,2024-11-10,Digital Marketing Assessment,12
61904109,content marketing,marketing,registration,Complex,13,2025-03-10,Content Marketing Registration,11
61904110,brand management,marketing,registration,Simple,7,2025-05-22,Brand Management Registration,11
61904111,content marketing,marketing,survey,Simple,7,2025-04-28,Content Marketing Survey,8
61904112,brand management,marketing,registration,Complex,5,2025-05-25,Brand Management Registration,7
61904113,financial modeling,economics,application,Simple,13,2024-12-20,Financial Modeling Application,6
61904114,portfolio management,economics,survey,Moderate,11,2025-04-29,Portfolio Management Survey,3
61904115,portfolio management,economics,assessment,Simple,12,2025-09-22,Portfolio Management Assessment,9
61904116,portfolio management,economics,assessment,Complex,10,2025-01-28,Portfolio Management Assessment,4
61904117,data science,it,survey,Simple,10,2025-01-18,Data Science Survey,7
61904118,content marketing,marketing,application,Simple,9,2025-01-12,Content Marketing Application,12
61904119,cybersecurity,it,assessment,Complex,5,2025-02-05,Cybersecurity Assessment,12
61904120,content marketing,marketing,survey,Moderate,5,2024-12-25,Content Marketing Survey,6
61904121,digital marketing,marketing,application,Simple,11,2025-05-09,Digital Marketing Application,5
61904122,web development,it,registration,Complex,10,2025-09-13,Web Development Registration,8
61904123,portfolio management,economics,assessment,Simple,10,2025-05-21,Portfolio Management Assessment,9
61904124,cybersecurity,it,registration,Moderate,11,2025-06-14,Cybersecurity Registration,4
61904125,brand management,marketing,survey,Moderate,10,2025-04-06,Brand Management Survey,7
61904126,cybersecurity,it,application,Simple,12,2024-11-01,Cybersecurity Application,4
61904127,investment planning,economics,registration,Complex,14,2025-04-30,Investment Planning Registration,6
61904128,cybersecurity,it,registration,Moderate,14,2025-04-28,Cybersecurity Registration,6
61904129,investment planning,economics,assessment,Moderate,6,2024-12-26,Investment Planning Assessment,3
61904130,machine learning,it,registration,Simple,15,2025-04-19,Machine Learning Registration,12
61904131,brand management,marketing,registration,Complex,12,2025-07-22,Brand Management Registration,8
61904132,content marketing,marketing,survey,Moderate,15,2025-03-08,Content Marketing Survey,4
61904133,web development,it,application,Simple,6,2025-06-14,Web Development Application,11
61904134,portfolio management,economics,application,Moderate,12,2025-06-12,Portfolio Management Application,4
61904135,brand management,marketing,assessment,Simple,7,2025-06-24,Brand Management Assessment,5
61904136,digital marketing,marketing,application,Simple,7,2024-10-25,Digital Marketing Application,6
61904137,brand management,marketing,application,Simple,10,2025-09-16,Brand Management Application,8
61904138,market analysis,economics,survey,Moderate,5,2025-08-13,Market Analysis Survey,3
61904139,portfolio management,economics,survey,Moderate,9,2025-06-22,Portfolio Management Survey,10
61904140,digital marketing,marketing,assessment,Simple,12,2025-01-25,Digital Marketing Assessment,10
61904141,market analysis,economics,survey,Moderate,10,2025-04-05,Market Analysis Survey,4
61904142,digital marketing,marketing,application,Simple,12,2025-05-14,Digital Marketing Application,11
61904143,web development,it,assessment,Complex,7,2025-06-24,Web Development Assessment,3
61904144,portfolio management,economics,application,Simple,12,2024-10-27,Portfolio Management Application,7
61904145,cybersecurity,it,registration,Simple,14,2024-11-04,Cybersecurity Registration,6
61904146,social media,marketing,assessment,Complex,5,2024-12-13,Social Media Assessment,4
61904147,financial modeling,economics,assessment,Complex,6,2024-11-28,Financial Modeling Assessment,12
61904148,digital marketing,marketing,application,Moderate,15,2025-05-12,Digital Marketing Application,10
61904149,digital marketing,marketing,registration,Moderate,10,2025-10-22,Digital Marketing Registration,5
61904150,content marketing,marketing,registration,Complex,13,2025-09-13,Content Marketing Registration,7
61904151,market analysis,economics,application,Moderate,8,2025-04-16,Market Analysis Application,9
61904152,investment planning,economics,survey,Simple,12,2025-05-30,Investment Planning Survey,7
61904153,cybersecurity,it,application,Moderate,9,2024-12-19,Cybersecurity Application,12
61904154,data science,it,survey,Moderate,13,2025-10-24,Data Science Survey,9
61904155,market analysis,economics,survey,Complex,11,2025-10-01,Market Analysis Survey,9
61904156,investment planning,economics,survey,Simple,7,2025-03-03,Investment Planning Survey,3
61904157,brand management,marketing,application,Moderate,5,2025-04-19,Brand Management Application,4
61904158,data science,it,application,Simple,14,2024-10-25,Data Science Application,4
61904159,content marketing,marketing,registration,Complex,10,2024-11-28,Content Marketing Registration,6
61904160,cloud computing,it,application,Moderate,13,2025-06-13,Cloud Computing Application,3
61904161,market analysis,economics,application,Simple,5,2025-08-01,Market Analysis Application,5
61904162,data science,it,survey,Complex,5,2024-12-18,Data Science Survey,11
61904163,data science,it,registration,Simple,8,2025-04-16,Data Science Registration,6
61904164,content marketing,marketing,application,Complex,6,2025-08-28,Content Marketing Application,5
61904165,web development,it,application,Moderate,7,2025-03-03,Web Development Application,5
61904166,investment planning,economics,assessment,Moderate,7,2025-08-11,Investment Planning Assessment,5
61904167,financial modeling,economics,registration,Moderate,5,2025-08-24,Financial Modeling Registration,4
61904168,brand management,marketing,survey,Moderate,5,2024-10-26,Brand Management Survey,3
61904169,data science,it,assessment,Simple,12,2024-12-10,Data Science Assessment,9
61904170,data science,it,survey,Moderate,10,2025-03-22,Data Science Survey,9
61904171,digital marketing,marketing,application,Simple,11,2025-09-10,Digital Marketing Application,3
61904172,brand management,marketing,application,Moderate,8,2025-04-06,Brand Management Application,11
61904173,brand management,marketing,assessment,Moderate,14,2024-12-26,Brand Management Assessment,5
61904174,financial modeling,economics,assessment,Complex,12,2025-10-20,Financial Modeling Assessment,10
61904175,cloud computing,it,survey,Complex,5,2025-07-04,Cloud Computing Survey,4
61904176,portfolio management,economics,assessment,Complex,6,2025-10-06,Portfolio Management Assessment,11
61904177,web development,it,application,Complex,9,2025-02-18,Web Development Application,3
61904178,cybersecurity,it,survey,Simple,5,2024-11-29,Cybersecurity Survey,11
61904179,market analysis,economics,registration,Complex,11,2024-11-05,Market Analysis Registration,5
61904180,web development,it,assessment,Simple,7,2025-10-07,Web Development Assessment,11
61904181,market analysis,economics,registration,Simple,8,2025-05-25,Market Analysis Registration,4
61904182,portfolio management,economics,registration,Complex,5,2025-10-11,Portfolio Management Registration,3
61904183,financial modeling,economics,assessment,Complex,14,2025-07-18,Financial Modeling Assessment,9
61904184,investment planning,economics,application,Simple,15,2025-10-08,Investment Planning Application,3
61904185,financial modeling,economics,application,Complex,15,2025-09-17,Financial Modeling Application,4
61904186,cybersecurity,it,registration,Moderate,15,2025-02-28,Cybersecurity Registration,5
61904187,financial modeling,economics,survey,Simple,6,2025-01-31,Financial Modeling Survey,6
61904188,financial modeling,economics,assessment,Moderate,11,2025-02-19,Financial Modeling Assessment,12
61904189,cloud computing,it,registration,Moderate,14,2024-12-30,Cloud Computing Registration,12
61904190,portfolio management,economics,registration,Simple,12,2024-11-16,Portfolio Management Registration,8
61904191,investment planning,economics,application,Simple,6,2025-01-14,Investment Planning Application,12
61904192,portfolio management,economics,assessment,Simple,14,2025-01-27,Portfolio Management Assessment,4
61904193,cloud computing,it,survey,Moderate,5,2025-07-23,Cloud Computing Survey,3
61904194,investment planning,economics,application,Simple,14,2025-06-01,Investment Planning Application,11
61904195,cybersecurity,it,survey,Moderate,9,2025-02-23,Cybersecurity Survey,5
61904196,cybersecurity,it,assessment,Simple,15,2025-06-05,Cybersecurity Assessment,8
61904197,financial modeling,economics,registration,Simple,13,2025-03-25,Financial Modeling Registration,3
61904198,web development,it,application,Moderate,8,2024-12-18,Web Development Application,3
61904199,financial modeling,economics,survey,Simple,6,2025-03-17,Financial Modeling Survey,9
61904200,portfolio management,economics,application,Moderate,12,2025-03-05,Portfolio Management Application,4
61904201,brand management,marketing,assessment,Simple,10,2025-01-18,Brand Management Assessment,12
61904202,cloud computing,it,survey,Complex,11,2025-03-08,Cloud Computing Survey,8
61904203,digital marketing,marketing,registration,Simple,13,2025-04-16,Digital Marketing Registration,7
61904204,machine learning,it,survey,Moderate,5,2025-09-18,Machine Learning Survey,5
61904205,investment planning,economics,application,Simple,12,2025-04-05,Investment Planning Application,7
61904206,financial modeling,economics,registration,Complex,9,2024-11-02,Financial Modeling Registration,8
61904207,financial modeling,economics,registration,Complex,12,2025-06-11,Financial Modeling Registration,9
61904208,financial modeling,economics,survey,Simple,12,2025-04-27,Financial Modeling Survey,4
61904209,market analysis,economics,application,Complex,9,2025-03-07,Market Analysis Application,6
61904210,machine learning,it,application,Complex,8,2025-07-31,Machine Learning Application,9
61904211,digital marketing,marketing,survey,Complex,11,2025-06-23,Digital Marketing Survey,8
61904212,market analysis,economics,registration,Moderate,8,2025-07-24,Market Analysis Registration,12
61904213,digital marketing,marketing,registration,Complex,12,2025-01-08,Digital Marketing Registration,3
61904214,data science,it,survey,Moderate,14,2024-10-30,Data Science Survey,11
61904215,data science,it,survey,Simple,11,2024-11-19,Data Science Survey,6
61904216,portfolio management,economics,assessment,Complex,9,2025-04-27,Portfolio Management Assessment,11
61904217,portfolio management,economics,registration,Simple,9,2025-05-22,Portfolio Management Registration,11
61904218,portfolio management,economics,survey,Simple,10,2025-03-12,Portfolio Management Survey,5
61904219,portfolio management,economics,application,Moderate,5,2024-12-19,Portfolio Management Application,6
61904220,data science,it,survey,Simple,12,2025-06-16,Data Science Survey,8
61904221,content marketing,marketing,assessment,Complex,7,2025-06-26,Content Marketing Assessment,6
61904222,brand management,marketing,application,Simple,5,2024-12-13,Brand Management Application,7
61904223,portfolio management,economics,survey,Complex,5,2024-11-27,Portfolio Management Survey,3
61904224,machine learning,it,registration,Complex,13,2025-03-01,Machine Learning Registration,4
61904225,investment planning,economics,registration,Simple,6,2025-01-22,Investment Planning Registration,12
61904226,social media,marketing,registration,Moderate,7,2025-02-23,Social Media Registration,12
61904227,cloud computing,it,survey,Moderate,11,2025-03-04,Cloud Computing Survey,5
61904228,social media,marketing,application,Simple,9,2024-11-23,Social Media Application,9
61904229,social media,marketing,registration,Moderate,8,2025-07-22,Social Media Registration,9
61904230,cloud computing,it,application,Moderate,14,2024-12-23,Cloud Computing Application,9
61904231,machine learning,it,survey,Complex,5,2025-06-23,Machine Learning Survey,10
61904232,portfolio management,economics,survey,Simple,6,2024-11-01,Portfolio Management Survey,4
61904233,financial modeling,economics,survey,Complex,5,2025-07-30,Financial Modeling Survey,4
61904234,web development,it,registration,Complex,8,2025-01-06,Web Development Registration,7
61904235,investment planning,economics,registration,Complex,14,2025-08-04,Investment Planning Registration,5
61904236,data science,it,survey,Moderate,15,2025-08-17,Data Science Survey,10
61904237,social media,marketing,registration,Complex,8,2025-08-27,Social Media Registration,12
61904238,cybersecurity,it,registration,Complex,11,2025-10-18,Cybersecurity Registration,12
61904239,content marketing,marketing,survey,Complex,8,2025-01-30,Content Marketing Survey,5
61904240,brand management,marketing,application,Moderate,6,2025-06-27,Brand Management Application,6
61904241,web development,it,application,Simple,8,2025-07-23,Web Development Application,3
61904242,cybersecurity,it,assessment,Simple,8,2025-02-10,Cybersecurity Assessment,6
61904243,content marketing,marketing,registration,Simple,15,2025-07-21,Content Marketing Registration,3
61904244,machine learning,it,application,Moderate,6,2025-08-22,Machine Learning Application,11
61904245,data science,it,survey,Moderate,15,2025-06-06,Data Science Survey,7
61904246,digital marketing,marketing,assessment,Simple,9,2025-08-25,Digital Marketing Assessment,7
61904247,social media,marketing,registration,Moderate,6,2025-07-16,Social Media Registration,12
61904248,cloud computing,it,assessment,Complex,13,2024-12-24,Cloud Computing Assessment,3
61904249,digital marketing,marketing,registration,Moderate,5,2025-08-13,Digital Marketing Registration,4
61904250,web development,it,registration,Complex,7,2024-12-21,Web Development Registration,10
61904251,investment planning,economics,application,Simple,12,2025-04-15,Investment Planning Application,6
61904252,web development,it,assessment,Moderate,5,2025-09-27,Web Development Assessment,11
61904253,financial modeling,economics,registration,Moderate,15,2025-10-01,Financial Modeling Registration,3
61904254,market analysis,economics,survey,Complex,13,2025-07-06,Market Analysis Survey,8
61904255,content marketing,marketing,assessment,Moderate,11,2024-12-14,Content Marketing Assessment,6
61904256,financial modeling,economics,survey,Complex,9,2025-09-17,Financial Modeling Survey,7
61904257,financial modeling,economics,application,Complex,5,2025-04-25,Financial Modeling Application,8
61904258,data science,it,assessment,Simple,14,2025-06-13,Data Science Assessment,12
61904259,data science,it,survey,Complex,12,2025-06-07,Data Science Survey,12
61904260,content marketing,marketing,survey,Simple,7,2025-04-28,Content Marketing Survey,7
61904261,web development,it,assessment,Moderate,11,2024-12-05,Web Development Assessment,11
61904262,portfolio management,economics,registration,Simple,9,2025-02-18,Portfolio Management Registration,12
61904263,investment planning,economics,survey,Complex,7,2025-09-29,Investment Planning Survey,8
61904264,social media,marketing,application,Moderate,7,2024-11-16,Social Media Application,5
61904265,web development,it,survey,Complex,12,2025-01-01,Web Development Survey,7
61904266,financial modeling,economics,survey,Moderate,14,2025-04-07,Financial Modeling Survey,9
61904267,cybersecurity,it,survey,Complex,15,2025-08-08,Cybersecurity Survey,10
61904268,content marketing,marketing,application,Moderate,8,2025-09-13,Content Marketing Application,8
61904269,financial modeling,economics,assessment,Complex,8,2025-02-23,Financial Modeling Assessment,3
61904270,digital marketing,marketing,registration,Moderate,7,2024-10-29,Digital Marketing Registration,6
61904271,machine learning,it,assessment,Moderate,9,2025-05-29,Machine Learning Assessment,5
61904272,investment planning,economics,application,Simple,13,2025-01-26,Investment Planning Application,11
61904273,web development,it,survey,Simple,14,2025-02-20,Web Development Survey,5
61904274,content marketing,marketing,registration,Simple,14,2025-10-18,Content Marketing Registration,9
61904275,social media,marketing,survey,Simple,9,2025-02-07,Social Media Survey,3
61904276,market analysis,economics,registration,Simple,11,2025-03-18,Market Analysis Registration,5
61904277,content marketing,marketing,assessment,Moderate,8,2025-05-23,Content Marketing Assessment,12
61904278,content marketing,marketing,assessment,Simple,12,2025-01-30,Content Marketing Assessment,9
61904279,web development,it,application,Moderate,5,2025-08-20,Web Development Application,10
61904280,data science,it,application,Simple,6,2025-07-13,Data Science Application,3
61904281,social media,marketing,application,Complex,6,2025-06-27,Social Media Application,3
61904282,data science,it,registration,Simple,6,2024-12-11,Data Science Registration,10
61904283,social media,marketing,registration,Simple,13,2024-12-11,Social Media Registration,4
61904284,cloud computing,it,assessment,Moderate,13,2025-05-21,Cloud Computing Assessment,3
61904285,digital marketing,marketing,survey,Complex,12,2025-02-10,Digital Marketing Survey,8
61904286,portfolio management,economics,assessment,Moderate,6,2025-06-24,Portfolio Management Assessment,9
61904287,portfolio management,economics,registration,Complex,6,2025-05-16,Portfolio Management Registration,3
61904288,data science,it,assessment,Simple,8,2025-09-15,Data Science Assessment,4
61904289,market analysis,economics,registration,Simple,5,2025-05-31,Market Analysis Registration,12
61904290,digital marketing,marketing,registration,Complex,9,2025-05-05,Digital Marketing Registration,8
61904291,investment planning,economics,registration,Moderate,12,2025-08-19,Investment Planning Registration,9
61904292,cloud computing,it,survey,Moderate,12,2024-12-30,Cloud Computing Survey,6
61904293,brand management,marketing,survey,Complex,14,2025-03-23,Brand Management Survey,3
61904294,portfolio management,economics,survey,Complex,7,2025-02-26,Portfolio Management Survey,4
61904295,market analysis,economics,survey,Complex,9,2025-10-08,Market Analysis Survey,10
61904296,cloud computing,it,registration,Complex,11,2025-05-06,Cloud Computing Registration,6
61904297,digital marketing,marketing,survey,Simple,13,2025-07-19,Digital Marketing Survey,9
61904298,cloud computing,it,survey,Simple,12,2025-09-18,Cloud Computing Survey,9
61904299,market analysis,economics,assessment,Complex,5,2024-11-04,Market Analysis Assessment,3
61904300,machine learning,it,registration,Complex,7,2025-09-29,Machine Learning Registration,4
61904301,digital marketing,marketing,assessment,Simple,9,2024-12-03,Digital Marketing Assessment,4
61904302,content marketing,marketing,registration,Moderate,13,2025-09-26,Content Marketing Registration,11
61904303,financial modeling,economics,survey,Simple,8,2025-10-09,Financial Modeling Survey,5
61904304,portfolio management,economics,survey,Complex,10,2025-06-21,Portfolio Management Survey,3
61904305,cybersecurity,it,application,Simple,9,2025-06-11,Cybersecurity Application,10
61904306,digital marketing,marketing,application,Simple,5,2024-11-16,Digital Marketing Application,11
61904307,investment planning,economics,assessment,Complex,6,2025-02-27,Investment Planning Assessment,6
61904308,digital marketing,marketing,registration,Complex,9,2025-08-02,Digital Marketing Registration,11
61904309,cybersecurity,it,survey,Simple,8,2025-04-25,Cybersecurity Survey,12
61904310,brand management,marketing,registration,Simple,5,2025-06-25,Brand Management Registration,6
61904311,machine learning,it,assessment,Complex,8,2025-06-25,Machine Learning Assessment,9
61904312,market analysis,economics,application,Complex,12,2025-09-17,Market Analysis Application,5
61904313,web development,it,survey,Moderate,10,2025-04-30,Web Development Survey,5
61904314,digital marketing,marketing,survey,Complex,15,2025-03-17,Digital Marketing Survey,5
61904315,digital marketing,marketing,survey,Complex,14,2025-10-10,Digital Marketing Survey,3
61904316,investment planning,economics,registration,Simple,8,2024-10-31,Investment Planning Registration,11
61904317,portfolio management,economics,registration,Complex,5,2025-05-28,Portfolio Management Registration,5
61904318,data science,it,assessment,Complex,11,2025-04-16,Data Science Assessment,12
61904319,machine learning,it,survey,Simple,9,2025-10-18,Machine Learning Survey,11
61904320,investment planning,economics,assessment,Complex,9,2025-06-21,Investment Planning Assessment,7
61904321,data science,it,registration,Moderate,7,2024-11-16,Data Science Registration,9
61904322,social media,marketing,application,Simple,12,2024-12-17,Social Media Application,11
61904323,market analysis,economics,registration,Complex,12,2025-10-17,Market Analysis Registration,7
61904324,web development,it,survey,Simple,6,2025-08-26,Web Development Survey,5
61904325,content marketing,marketing,assessment,Moderate,13,2025-07-05,Content Marketing Assessment,3
61904326,web development,it,registration,Moderate,5,2024-12-06,Web Development Registration,4
61904327,content marketing,marketing,registration,Moderate,14,2025-03-10,Content Marketing Registration,9
61904328,market analysis,economics,survey,Simple,13,2025-06-18,Market Analysis Survey,4
61904329,web development,it,application,Complex,7,2025-06-06,Web Development Application,7
61904330,web development,it,registration,Simple,11,2025-02-24,Web Development Registration,3
61904331,machine learning,it,registration,Simple,5,2025-05-24,Machine Learning Registration,12
61904332,data science,it,survey,Simple,14,2025-04-27,Data Science Survey,7
61904333,portfolio management,economics,application,Moderate,9,2024-11-07,Portfolio Management Application,11
61904334,portfolio management,economics,survey,Complex,9,2025-07-07,Portfolio Management Survey,10
61904335,cybersecurity,it,assessment,Complex,11,2025-04-05,Cybersecurity Assessment,5
61904336,social media,marketing,survey,Complex,12,2025-09-14,Social Media Survey,6
61904337,cloud computing,it,registration,Moderate,7,2025-02-09,Cloud Computing Registration,4
61904338,digital marketing,marketing,application,Simple,14,2025-07-17,Digital Marketing Application,3
61904339,financial modeling,economics,survey,Complex,12,2025-03-17,Financial Modeling Survey,7
61904340,cybersecurity,it,survey,Complex,15,2025-05-28,Cybersecurity Survey,3
61904341,content marketing,marketing,survey,Moderate,15,2025-08-04,Content Marketing Survey,10
61904342,investment planning,economics,survey,Complex,12,2025-04-13,Investment Planning Survey,8
61904343,content marketing,marketing,survey,Simple,15,2025-07-03,Content Marketing Survey,9
61904344,investment planning,economics,registration,Simple,15,2025-04-11,Investment Planning Registration,12
61904345,brand management,marketing,registration,Simple,14,2025-05-21,Brand Management Registration,7
61904346,web development,it,registration,Simple,12,2025-02-15,Web Development Registration,7
61904347,investment planning,economics,assessment,Simple,5,2025-06-26,Investment Planning Assessment,11
61904348,investment planning,economics,application,Moderate,8,2025-09-10,Investment Planning Application,8
61904349,investment planning,economics,application,Moderate,5,2025-01-23,Investment Planning Application,11
61904350,cybersecurity,it,survey,Simple,7,2025-01-01,Cybersecurity Survey,6
61904351,cloud computing,it,registration,Moderate,8,2025-01-20,Cloud Computing Registration,5
61904352,content marketing,marketing,registration,Complex,15,2025-02-11,Content Marketing Registration,12
61904353,market analysis,economics,assessment,Moderate,5,2025-05-23,Market Analysis Assessment,9
61904354,content marketing,marketing,assessment,Simple,6,2025-01-13,Content Marketing Assessment,5
61904355,brand management,marketing,survey,Moderate,10,2025-04-17,Brand Management Survey,9
61904356,cybersecurity,it,assessment,Moderate,8,2025-10-11,Cybersecurity Assessment,4
61904357,content marketing,marketing,application,Moderate,8,2025-04-24,Content Marketing Application,12
61904358,machine learning,it,assessment,Moderate,15,2025-04-17,Machine Learning Assessment,11
61904359,data science,it,registration,Moderate,9,2025-09-30,Data Science Registration,5
61904360,market analysis,economics,registration,Moderate,8,2025-03-15,Market Analysis Registration,9
61904361,social media,marketing,application,Moderate,11,2025-04-02,Social Media Application,7
61904362,investment planning,economics,assessment,Complex,7,2025-08-31,Investment Planning Assessment,6
61904363,cloud computing,it,assessment,Moderate,13,2025-01-04,Cloud Computing Assessment,4
61904364,market analysis,economics,assessment,Moderate,11,2025-02-05,Market Analysis Assessment,8
61904365,data science,it,application,Complex,5,2025-05-29,Data Science Application,11
61904366,portfolio management,economics,registration,Complex,14,2024-12-02,Portfolio Management Registration,8
61904367,cybersecurity,it,application,Complex,11,2025-03-01,Cybersecurity Application,4
61904368,portfolio management,economics,registration,Moderate,12,2025-07-19,Portfolio Management Registration,3
61904369,brand management,marketing,survey,Moderate,7,2025-02-08,Brand Management Survey,8
61904370,market analysis,economics,application,Complex,9,2025-01-05,Market Analysis Application,3
61904371,brand management,marketing,assessment,Complex,7,2025-10-22,Brand Management Assessment,5
61904372,investment planning,economics,registration,Complex,11,2025-09-05,Investment Planning Registration,5
61904373,web development,it,registration,Simple,11,2025-06-08,Web Development Registration,10
61904374,digital marketing,marketing,registration,Simple,5,2025-10-15,Digital Marketing Registration,7
61904375,social media,marketing,application,Complex,11,2025-07-18,Social Media Application,8
61904376,data science,it,survey,Simple,15,2025-08-17,Data Science Survey,3
61904377,cybersecurity,it,survey,Simple,12,2025-07-13,Cybersecurity Survey,12
61904378,financial modeling,economics,assessment,Simple,13,2024-12-19,Financial Modeling Assessment,12
61904379,machine learning,it,survey,Moderate,15,2024-11-11,Machine Learning Survey,10
61904380,social media,marketing,assessment,Complex,11,2025-03-14,Social Media Assessment,12
61904381,digital marketing,marketing,survey,Simple,8,2024-11-04,Digital Marketing Survey,8
61904382,web development,it,registration,Moderate,7,2025-03-08,Web Development Registration,5
61904383,social media,marketing,registration,Moderate,9,2025-08-05,Social Media Registration,12
61904384,brand management,marketing,application,Simple,5,2025-06-21,Brand Management Application,10
61904385,machine learning,it,survey,Simple,11,2025-02-23,Machine Learning Survey,5
61904386,web development,it,registration,Complex,11,2025-09-07,Web Development Registration,8
61904387,financial modeling,economics,registration,Moderate,5,2025-08-13,Financial Modeling Registration,11
61904388,machine learning,it,survey,Moderate,11,2024-12-22,Machine Learning Survey,3
61904389,market analysis,economics,survey,Moderate,7,2025-01-22,Market Analysis Survey,3
61904390,digital marketing,marketing,assessment,Simple,10,2024-11-15,Digital Marketing Assessment,4
61904391,cybersecurity,it,registration,Moderate,8,2024-11-14,Cybersecurity Registration,12
61904392,brand management,marketing,application,Complex,12,2024-11-28,Brand Management Application,7
61904393,brand management,marketing,assessment,Moderate,14,2024-11-19,Brand Management Assessment,3
61904394,market analysis,economics,survey,Moderate,13,2025-05-27,Market Analysis Survey,5
61904395,cybersecurity,it,registration,Simple,10,2024-12-05,Cybersecurity Registration,6
61904396,social media,marketing,survey,Simple,15,2025-02-11,Social Media Survey,5
61904397,machine learning,it,registration,Simple,15,2024-11-06,Machine Learning Registration,4
61904398,portfolio management,economics,assessment,Complex,13,2025-04-23,Portfolio Management Assessment,11
61904399,social media,marketing,application,Simple,10,2025-08-24,Social Media Application,12
61904400,brand management,marketing,assessment,Simple,13,2025-09-12,Brand Management Assessment,9
61904401,financial modeling,economics,assessment,Moderate,15,2025-10-09,Financial Modeling Assessment,10
61904402,investment planning,economics,registration,Simple,6,2025-04-22,Investment Planning Registration,3
61904403,portfolio management,economics,application,Complex,8,2025-05-21,Portfolio Management Application,12
61904404,brand management,marketing,registration,Complex,7,2025-02-13,Brand Management Registration,3
61904405,brand management,marketing,application,Simple,13,2024-11-03,Brand Management Application,10
61904406,investment planning,economics,assessment,Complex,10,2025-06-21,Investment Planning Assessment,12
61904407,content marketing,marketing,application,Moderate,9,2024-12-02,Content Marketing Application,5
61904408,web development,it,registration,Moderate,10,2024-12-16,Web Development Registration,5
61904409,brand management,marketing,survey,Moderate,6,2025-01-30,Brand Management Survey,3
61904410,investment planning,economics,assessment,Simple,14,2025-06-21,Investment Planning Assessment,10
61904411,portfolio management,economics,registration,Complex,12,2024-11-24,Portfolio Management Registration,5
61904412,digital marketing,marketing,registration,Complex,6,2024-12-02,Digital Marketing Registration,7
61904413,machine learning,it,assessment,Moderate,12,2025-09-27,Machine Learning Assessment,5
61904414,web development,it,application,Complex,10,2025-09-05,Web Development Application,8
61904415,portfolio management,economics,registration,Simple,7,2025-10-22,Portfolio Management Registration,4
61904416,data science,it,assessment,Moderate,9,2025-05-04,Data Science Assessment,9
61904417,data science,it,application,Simple,15,2025-05-26,Data Science Application,7
61904418,portfolio management,economics,application,Simple,13,2025-08-06,Portfolio Management Application,7
61904419,web development,it,assessment,Complex,9,2025-09-09,Web Development Assessment,11
61904420,content marketing,marketing,registration,Complex,12,2025-07-01,Content Marketing Registration,5
61904421,machine learning,it,assessment,Simple,11,2024-12-14,Machine Learning Assessment,10
61904422,cloud computing,it,registration,Moderate,14,2025-03-02,Cloud Computing Registration,7
61904423,financial modeling,economics,registration,Moderate,11,2024-12-23,Financial Modeling Registration,5
61904424,machine learning,it,registration,Moderate,13,2024-11-02,Machine Learning Registration,4
61904425,digital marketing,marketing,survey,Moderate,11,2025-01-14,Digital Marketing Survey,10
61904426,digital marketing,marketing,registration,Moderate,12,2025-07-10,Digital Marketing Registration,9
61904427,financial modeling,economics,assessment,Simple,5,2025-08-09,Financial Modeling Assessment,12
61904428,digital marketing,marketing,assessment,Complex,13,2025-03-17,Digital Marketing Assessment,3
61904429,investment planning,economics,survey,Moderate,10,2025-05-10,Investment Planning Survey,7
61904430,machine learning,it,assessment,Moderate,15,2025-08-22,Machine Learning Assessment,6
61904431,financial modeling,economics,registration,Simple,10,2025-03-06,Financial Modeling Registration,10
61904432,brand management,marketing,survey,Simple,13,2024-12-23,Brand Management Survey,12
61904433,social media,marketing,survey,Moderate,10,2025-02-17,Social Media Survey,11
61904434,brand management,marketing,survey,Complex,10,2025-06-01,Brand Management Survey,8
61904435,market analysis,economics,assessment,Simple,6,2025-03-05,Market Analysis Assessment,12
61904436,cybersecurity,it,application,Complex,10,2025-06-25,Cybersecurity Application,10
61904437,investment planning,economics,application,Simple,13,2024-10-27,Investment Planning Application,3
61904438,digital marketing,marketing,assessment,Moderate,11,2025-08-31,Digital Marketing Assessment,3
61904439,content marketing,marketing,survey,Complex,5,2025-03-21,Content Marketing Survey,4
61904440,market analysis,economics,survey,Complex,8,2025-01-31,Market Analysis Survey,12
61904441,web development,it,application,Complex,8,2025-06-27,Web Development Application,12
61904442,data science,it,assessment,Complex,8,2025-07-28,Data Science Assessment,4
61904443,brand management,marketing,assessment,Complex,7,2025-05-15,Brand Management Assessment,7
61904444,brand management,marketing,application,Moderate,7,2025-05-17,Brand Management Application,9
61904445,cybersecurity,it,assessment,Moderate,6,2025-06-24,Cybersecurity Assessment,4
61904446,data science,it,registration,Complex,12,2025-04-14,Data Science Registration,8
61904447,content marketing,marketing,assessment,Complex,14,2025-05-24,Content Marketing Assessment,6
61904448,financial modeling,economics,registration,Complex,6,2025-10-21,Financial Modeling Registration,7
61904449,digital marketing,marketing,application,Simple,7,2024-11-29,Digital Marketing Application,4
61904450,portfolio management,economics,registration,Simple,7,2025-05-17,Portfolio Management Registration,8
61904451,brand management,marketing,application,Simple,14,2025-03-08,Brand Management Application,7
61904452,market analysis,economics,survey,Moderate,12,2024-12-09,Market Analysis Survey,5
61904453,investment planning,economics,application,Moderate,8,2025-07-08,Investment Planning Application,11
61904454,market analysis,economics,registration,Complex,5,2025-01-06,Market Analysis Registration,4
61904455,content marketing,marketing,survey,Moderate,14,2025-06-27,Content Marketing Survey,9
61904456,portfolio management,economics,assessment,Complex,8,2025-08-18,Portfolio Management Assessment,8
61904457,machine learning,it,survey,Complex,13,2025-10-15,Machine Learning Survey,6
61904458,data science,it,application,Simple,7,2025-10-10,Data Science Application,10
61904459,data science,it,registration,Moderate,11,2025-10-06,Data Science Registration,7
61904460,digital marketing,marketing,registration,Moderate,5,2025-07-10,Digital Marketing Registration,4
61904461,market analysis,economics,application,Complex,5,2025-06-25,Market Analysis Application,9
61904462,market analysis,economics,registration,Simple,11,2025-06-29,Market Analysis Registration,9
61904463,machine learning,it,survey,Complex,9,2025-03-08,Machine Learning Survey,10
61904464,cybersecurity,it,application,Complex,9,2025-08-20,Cybersecurity Application,8
61904465,cloud computing,it,assessment,Moderate,10,2025-09-26,Cloud Computing Assessment,12
61904466,market analysis,economics,assessment,Simple,15,2025-03-11,Market Analysis Assessment,10
61904467,social media,marketing,registration,Moderate,9,2024-11-24,Social Media Registration,11
61904468,digital marketing,marketing,survey,Moderate,14,2024-12-08,Digital Marketing Survey,9
61904469,social media,marketing,survey,Moderate,7,2025-09-24,Social Media Survey,9
61904470,cloud computing,it,registration,Complex,12,2025-06-09,Cloud Computing Registration,4
61904471,digital marketing,marketing,application,Complex,8,2025-10-11,Digital Marketing Application,9
61904472,portfolio management,economics,application,Simple,11,2025-01-30,Portfolio Management Application,12
61904473,cybersecurity,it,survey,Complex,6,2025-03-19,Cybersecurity Survey,7
61904474,digital marketing,marketing,survey,Moderate,13,2025-04-16,Digital Marketing Survey,6
61904475,web development,it,application,Moderate,11,2025-09-08,Web Development Application,8
61904476,cloud computing,it,registration,Simple,14,2025-01-10,Cloud Computing Registration,6
61904477,social media,marketing,assessment,Complex,13,2025-04-12,Social Media Assessment,11
61904478,market analysis,economics,registration,Moderate,15,2025-06-10,Market Analysis Registration,4
61904479,digital marketing,marketing,survey,Moderate,13,2024-11-02,Digital Marketing Survey,10
61904480,cybersecurity,it,assessment,Simple,7,2025-07-29,Cybersecurity Assessment,10
61904481,cybersecurity,it,assessment,Complex,12,2025-05-29,Cybersecurity Assessment,7
61904482,market analysis,economics,assessment,Simple,13,2025-08-23,Market Analysis Assessment,6
61904483,financial modeling,economics,application,Complex,11,2025-06-27,Financial Modeling Application,8
61904484,cloud computing,it,application,Complex,14,2025-07-02,Cloud Computing Application,3
61904485,cloud computing,it,registration,Simple,15,2025-05-18,Cloud Computing Registration,4
61904486,social media,marketing,survey,Simple,9,2025-04-02,Social Media Survey,5
61904487,machine learning,it,assessment,Complex,11,2025-08-28,Machine Learning Assessment,10
61904488,portfolio management,economics,assessment,Simple,8,2025-02-21,Portfolio Management Assessment,4
61904489,financial modeling,economics,application,Simple,5,2025-03-21,Financial Modeling Application,11
61904490,social media,marketing,assessment,Moderate,14,2025-03-05,Social Media Assessment,6
61904491,social media,marketing,application,Complex,10,2024-12-22,Social Media Application,10
61904492,cybersecurity,it,registration,Moderate,15,2025-04-09,Cybersecurity Registration,7
61904493,market analysis,economics,application,Moderate,15,2024-12-01,Market Analysis Application,3
61904494,investment planning,economics,survey,Moderate,6,2025-06-11,Investment Planning Survey,4
61904495,data science,it,registration,Simple,9,2025-01-01,Data Science Registration,11
61904496,brand management,marketing,assessment,Simple,8,2025-02-10,Brand Management Assessment,9
61904497,digital marketing,marketing,application,Complex,10,2025-08-13,Digital Marketing Application,8
61904498,cybersecurity,it,survey,Complex,14,2024-11-07,Cybersecurity Survey,9
61904499,content marketing,marketing,survey,Simple,15,2025-09-15,Content Marketing Survey,11
61904500,market analysis,economics,application,Simple,13,2025-08-29,Market Analysis Application,8
61904501,digital marketing,marketing,registration,Moderate,7,2025-07-05,Digital Marketing Registration,9
61904502,social media,marketing,assessment,Moderate,6,2025-07-26,Social Media Assessment,11
61904503,machine learning,it,assessment,Simple,9,2025-02-04,Machine Learning Assessment,8
61904504,content marketing,marketing,survey,Complex,15,2025-09-05,Content Marketing Survey,9
61904505,digital marketing,marketing,survey,Moderate,13,2025-01-04,Digital Marketing Survey,7
61904506,data science,it,survey,Simple,5,2024-12-02,Data Science Survey,7
61904507,cloud computing,it,registration,Moderate,12,2025-09-17,Cloud Computing Registration,4
61904508,investment planning,economics,application,Simple,13,2025-01-01,Investment Planning Application,3
61904509,social media,marketing,assessment,Simple,10,2025-09-25,Social Media Assessment,7
61904510,brand management,marketing,survey,Complex,13,2025-05-31,Brand Management Survey,10
61904511,investment planning,economics,application,Complex,12,2025-02-24,Investment Planning Application,9
61904512,machine learning,it,assessment,Simple,11,2024-11-05,Machine Learning Assessment,6
61904513,financial modeling,economics,registration,Complex,8,2025-08-29,Financial Modeling Registration,10
61904514,cybersecurity,it,application,Moderate,9,2024-11-25,Cybersecurity Application,3
61904515,market analysis,economics,application,Simple,14,2025-06-16,Market Analysis Application,9
61904516,brand management,marketing,survey,Complex,11,2025-10-10,Brand Management Survey,11
61904517,portfolio management,economics,survey,Simple,15,2025-09-25,Portfolio Management Survey,9
61904518,cloud computing,it,application,Complex,13,2025-10-03,Cloud Computing Application,9
61904519,investment planning,economics,assessment,Moderate,9,2025-07-06,Investment Planning Assessment,8
61904520,social media,marketing,assessment,Moderate,13,2025-10-20,Social Media Assessment,8
61904521,financial modeling,economics,survey,Complex,10,2025-09-23,Financial Modeling Survey,5
61904522,portfolio management,economics,registration,Complex,15,2025-10-18,Portfolio Management Registration,7
61904523,machine learning,it,application,Simple,11,2025-08-14,Machine Learning Application,3
61904524,web development,it,assessment,Complex,9,2025-04-07,Web Development Assessment,12
61904525,financial modeling,economics,survey,Simple,14,2025-07-27,Financial Modeling Survey,3
61904526,market analysis,economics,survey,Complex,6,2024-12-24,Market Analysis Survey,3
61904527,content marketing,marketing,registration,Moderate,13,2024-12-23,Content Marketing Registration,8
61904528,cloud computing,it,application,Simple,5,2024-12-06,Cloud Computing Application,8
61904529,portfolio management,economics,survey,Moderate,13,2024-11-14,Portfolio Management Survey,7
61904530,cloud computing,it,survey,Moderate,11,2025-01-22,Cloud Computing Survey,4
61904531,content marketing,marketing,application,Moderate,6,2025-03-11,Content Marketing Application,9
61904532,financial modeling,economics,assessment,Simple,12,2025-01-27,Financial Modeling Assessment,12
61904533,brand management,marketing,registration,Simple,13,2025-02-03,Brand Management Registration,3
61904534,content marketing,marketing,registration,Complex,6,2025-09-25,Content Marketing Registration,6
61904535,portfolio management,economics,application,Complex,14,2025-10-01,Portfolio Management Application,5
61904536,portfolio management,economics,assessment,Simple,15,2025-05-19,Portfolio Management Assessment,9
61904537,brand management,marketing,registration,Moderate,9,2024-12-21,Brand Management Registration,5
61904538,market analysis,economics,application,Complex,8,2025-07-07,Market Analysis Application,5
61904539,web development,it,registration,Moderate,11,2025-10-10,Web Development Registration,3
61904540,machine learning,it,application,Moderate,5,2024-12-13,Machine Learning Application,9
61904541,machine learning,it,assessment,Moderate,14,2025-06-16,Machine Learning Assessment,9
61904542,social media,marketing,registration,Complex,7,2025-02-23,Social Media Registration,12
61904543,data science,it,assessment,Moderate,7,2025-08-09,Data Science Assessment,3
61904544,cybersecurity,it,assessment,Complex,5,2025-07-22,Cybersecurity Assessment,10
61904545,web development,it,application,Simple,10,2025-08-19,Web Development Application,12
61904546,financial modeling,economics,application,Complex,9,2025-03-16,Financial Modeling Application,3
61904547,brand management,marketing,survey,Complex,10,2025-07-21,Brand Management Survey,8
61904548,market analysis,economics,survey,Complex,8,2025-02-07,Market Analysis Survey,10
61904549,social media,marketing,application,Simple,9,2025-03-23,Social Media Application,12
61904550,financial modeling,economics,assessment,Moderate,10,2025-06-29,Financial Modeling Assessment,9
61904551,machine learning,it,assessment,Simple,7,2024-12-29,Machine Learning Assessment,9
61904552,investment planning,economics,application,Simple,8,2025-09-15,Investment Planning Application,12
61904553,market analysis,economics,application,Simple,11,2025-07-04,Market Analysis Application,7
61904554,social media,marketing,survey,Moderate,9,2024-10-30,Social Media Survey,5
61904555,content marketing,marketing,survey,Moderate,14,2024-12-18,Content Marketing Survey,4
61904556,investment planning,economics,survey,Moderate,7,2025-05-04,Investment Planning Survey,7
61904557,content marketing,marketing,application,Complex,10,2024-11-14,Content Marketing Application,11
61904558,social media,marketing,application,Complex,7,2024-11-05,Social Media Application,7
61904559,cybersecurity,it,application,Simple,9,2025-04-21,Cybersecurity Application,9
61904560,digital marketing,marketing,assessment,Moderate,15,2025-08-17,Digital Marketing Assessment,12
61904561,investment planning,economics,survey,Simple,8,2025-07-24,Investment Planning Survey,12
61904562,market analysis,economics,registration,Simple,9,2025-09-17,Market Analysis Registration,6
61904563,content marketing,marketing,registration,Simple,14,2025-08-16,Content Marketing Registration,6
61904564,digital marketing,marketing,registration,Complex,9,2025-08-29,Digital Marketing Registration,9
61904565,data science,it,assessment,Simple,11,2025-07-24,Data Science Assessment,6
61904566,data science,it,registration,Complex,7,2025-03-13,Data Science Registration,7
61904567,financial modeling,economics,registration,Complex,6,2024-12-28,Financial Modeling Registration,10
61904568,web development,it,assessment,Simple,12,2025-01-05,Web Development Assessment,7
61904569,machine learning,it,registration,Complex,13,2025-05-17,Machine Learning Registration,5
61904570,cybersecurity,it,survey,Moderate,15,2025-03-05,Cybersecurity Survey,11
61904571,portfolio management,economics,assessment,Simple,5,2025-08-04,Portfolio Management Assessment,11
61904572,investment planning,economics,application,Simple,12,2024-11-09,Investment Planning Application,5
61904573,cloud computing,it,application,Simple,11,2025-02-07,Cloud Computing Application,4
61904574,cybersecurity,it,application,Moderate,5,2024-11-25,Cybersecurity Application,8
61904575,cloud computing,it,registration,Moderate,10,2025-03-28,Cloud Computing Registration,8
61904576,investment planning,economics,assessment,Simple,5,2025-03-22,Investment Planning Assessment,10
61904577,machine learning,it,survey,Complex,5,2025-03-29,Machine Learning Survey,3
61904578,financial modeling,economics,survey,Moderate,11,2025-04-17,Financial Modeling Survey,11
61904579,social media,marketing,assessment,Moderate,10,2025-05-31,Social Media Assessment,3
61904580,web development,it,application,Simple,12,2025-08-14,Web Development Application,5
61904581,cybersecurity,it,assessment,Simple,6,2025-04-23,Cybersecurity Assessment,8
61904582,portfolio management,economics,survey,Simple,7,2025-07-01,Portfolio Management Survey,12
61904583,data science,it,registration,Moderate,10,2024-11-10,Data Science Registration,8
61904584,digital marketing,marketing,registration,Complex,15,2025-06-08,Digital Marketing Registration,9
61904585,cybersecurity,it,assessment,Moderate,8,2025-02-26,Cybersecurity Assessment,5
61904586,social media,marketing,survey,Simple,8,2025-09-21,Social Media Survey,7
61904587,brand management,marketing,application,Moderate,8,2025-03-24,Brand Management Application,6
61904588,web development,it,assessment,Moderate,13,2025-04-18,Web Development Assessment,11
61904589,content marketing,marketing,assessment,Simple,13,2025-06-24,Content Marketing Assessment,9
61904590,machine learning,it,survey,Complex,12,2024-12-08,Machine Learning Survey,4
61904591,market analysis,economics,survey,Moderate,13,2025-09-27,Market Analysis Survey,7
61904592,portfolio management,economics,assessment,Moderate,8,2025-09-26,Portfolio Management Assessment,12
61904593,digital marketing,marketing,application,Simple,8,2025-01-31,Digital Marketing Application,7
61904594,financial modeling,economics,application,Complex,8,2025-06-13,Financial Modeling Application,11
61904595,content marketing,marketing,assessment,Simple,15,2025-03-16,Content Marketing Assessment,9
61904596,digital marketing,marketing,application,Moderate,11,2025-04-23,Digital Marketing Application,9
61904597,cloud computing,it,application,Complex,10,2025-01-16,Cloud Computing Application,3
61904598,financial modeling,economics,application,Moderate,15,2025-08-14,Financial Modeling Application,10
61904599,web development,it,registration,Simple,15,2024-12-15,Web Development Registration,5
61904600,investment planning,economics,registration,Simple,9,2025-07-31,Investment Planning Registration,9
61904601,digital marketing,marketing,registration,Complex,13,2025-04-07,Digital Marketing Registration,8
61904602,web development,it,assessment,Moderate,13,2025-07-24,Web Development Assessment,4
61904603,digital marketing,marketing,application,Simple,14,2024-11-23,Digital Marketing Application,11
61904604,machine learning,it,survey,Complex,12,2025-05-17,Machine Learning Survey,10
61904605,investment planning,economics,application,Complex,9,2025-06-01,Investment Planning Application,9
61904606,content marketing,marketing,survey,Moderate,5,2025-03-26,Content Marketing Survey,10
61904607,investment planning,economics,assessment,Moderate,13,2025-02-15,Investment Planning Assessment,4
61904608,portfolio management,economics,assessment,Complex,15,2025-10-10,Portfolio Management Assessment,3
61904609,cybersecurity,it,assessment,Simple,7,2025-04-05,Cybersecurity Assessment,3
61904610,market analysis,economics,assessment,Moderate,7,2025-05-10,Market Analysis Assessment,8
61904611,content marketing,marketing,registration,Simple,10,2025-05-30,Content Marketing Registration,3
61904612,digital marketing,marketing,registration,Complex,7,2025-08-11,Digital Marketing Registration,6
61904613,cybersecurity,it,survey,Simple,11,2025-10-07,Cybersecurity Survey,6
61904614,investment planning,economics,assessment,Simple,8,2025-04-19,Investment Planning Assessment,7
61904615,digital marketing,marketing,assessment,Complex,14,2025-09-27,Digital Marketing Assessment,5
61904616,portfolio management,economics,registration,Complex,11,2025-01-16,Portfolio Management Registration,10
61904617,web development,it,assessment,Moderate,10,2025-01-14,Web Development Assessment,9
61904618,content marketing,marketing,assessment,Complex,8,2025-08-28,Content Marketing Assessment,4
61904619,brand management,marketing,application,Complex,10,2025-05-23,Brand Management Application,6
61904620,social media,marketing,registration,Complex,11,2025-01-30,Social Media Registration,11
61904621,market analysis,economics,survey,Moderate,11,2025-02-15,Market Analysis Survey,9
61904622,cloud computing,it,application,Complex,9,2025-05-18,Cloud Computing Application,10
61904623,machine learning,it,registration,Complex,11,2025-09-25,Machine Learning Registration,6
61904624,brand management,marketing,registration,Simple,8,2024-11-25,Brand Management Registration,4
61904625,digital marketing,marketing,registration,Complex,8,2025-10-05,Digital Marketing Registration,9
61904626,machine learning,it,assessment,Complex,5,2025-07-18,Machine Learning Assessment,4
61904627,market analysis,economics,application,Moderate,13,2025-01-20,Market Analysis Application,8
61904628,content marketing,marketing,application,Moderate,8,2025-03-02,Content Marketing Application,10
61904629,financial modeling,economics,survey,Simple,12,2025-04-07,Financial Modeling Survey,9
61904630,cloud computing,it,assessment,Simple,11,2025-07-02,Cloud Computing Assessment,9
61904631,content marketing,marketing,assessment,Moderate,8,2025-04-26,Content Marketing Assessment,9
61904632,brand management,marketing,application,Moderate,12,2024-12-06,Brand Management Application,12
61904633,data science,it,application,Moderate,15,2025-02-10,Data Science Application,5
61904634,market analysis,economics,assessment,Complex,11,2025-07-05,Market Analysis Assessment,3
61904635,portfolio management,economics,survey,Simple,5,2025-09-14,Portfolio Management Survey,3
61904636,digital marketing,marketing,registration,Complex,12,2025-07-16,Digital Marketing Registration,11
61904637,machine learning,it,survey,Simple,5,2025-09-08,Machine Learning Survey,7
61904638,content marketing,marketing,registration,Moderate,14,2024-12-03,Content Marketing Registration,10
61904639,machine learning,it,survey,Moderate,12,2025-06-23,Machine Learning Survey,12
61904640,cybersecurity,it,survey,Simple,14,2025-01-10,Cybersecurity Survey,10
61904641,financial modeling,economics,registration,Complex,9,2024-12-20,Financial Modeling Registration,4
61904642,data science,it,registration,Complex,12,2025-06-20,Data Science Registration,5
61904643,brand management,marketing,survey,Complex,5,2025-04-02,Brand Management Survey,11
61904644,market analysis,economics,assessment,Moderate,8,2025-07-07,Market Analysis Assessment,6
61904645,investment planning,economics,registration,Complex,9,2025-04-01,Investment Planning Registration,3
61904646,brand management,marketing,application,Simple,15,2025-06-26,Brand Management Application,11
61904647,content marketing,marketing,registration,Complex,9,2025-09-22,Content Marketing Registration,11
61904648,social media,marketing,registration,Simple,8,2025-08-19,Social Media Registration,11
61904649,market analysis,economics,assessment,Moderate,8,2025-05-31,Market Analysis Assessment,11
61904650,cloud computing,it,assessment,Simple,7,2025-09-03,Cloud Computing Assessment,9
61904651,cloud computing,it,survey,Simple,7,2025-09-22,Cloud Computing Survey,11
61904652,market analysis,economics,application,Moderate,7,2025-09-16,Market Analysis Application,11
61904653,content marketing,marketing,survey,Moderate,13,2025-02-27,Content Marketing Survey,6
61904654,web development,it,survey,Moderate,12,2025-08-31,Web Development Survey,6
61904655,cybersecurity,it,survey,Moderate,12,2025-10-22,Cybersecurity Survey,9
61904656,digital marketing,marketing,application,Simple,8,2025-04-19,Digital Marketing Application,10
61904657,machine learning,it,survey,Moderate,12,2025-04-11,Machine Learning Survey,6
61904658,investment planning,economics,registration,Moderate,12,2025-01-22,Investment Planning Registration,3
61904659,portfolio management,economics,registration,Complex,11,2024-12-15,Portfolio Management Registration,7
61904660,market analysis,economics,survey,Complex,10,2025-06-04,Market Analysis Survey,7
61904661,web development,it,survey,Moderate,7,2025-09-20,Web Development Survey,5
61904662,market analysis,economics,survey,Moderate,6,2024-12-29,Market Analysis Survey,10
61904663,social media,marketing,registration,Complex,6,2024-11-07,Social Media Registration,10
61904664,data science,it,assessment,Complex,9,2025-08-30,Data Science Assessment,10
61904665,portfolio management,economics,survey,Complex,11,2024-12-09,Portfolio Management Survey,8
61904666,market analysis,economics,registration,Moderate,10,2024-12-25,Market Analysis Registration,11
61904667,social media,marketing,survey,Moderate,15,2025-07-31,Social Media Survey,3
61904668,financial modeling,economics,registration,Simple,6,2025-01-11,Financial Modeling Registration,6
61904669,machine learning,it,assessment,Complex,9,2025-10-14,Machine Learning Assessment,10
61904670,social media,marketing,assessment,Moderate,9,2025-01-25,Social Media Assessment,8
61904671,investment planning,economics,application,Moderate,7,2025-08-30,Investment Planning Application,9
61904672,cybersecurity,it,survey,Simple,11,2024-11-07,Cybersecurity Survey,11
61904673,market analysis,economics,registration,Complex,10,2025-08-16,Market Analysis Registration,3
61904674,data science,it,survey,Moderate,12,2025-04-17,Data Science Survey,4
61904675,machine learning,it,assessment,Simple,9,2024-11-16,Machine Learning Assessment,4
61904676,brand management,marketing,assessment,Simple,6,2025-05-28,Brand Management Assessment,4
61904677,web development,it,survey,Simple,13,2025-01-25,Web Development Survey,3
61904678,investment planning,economics,assessment,Simple,7,2025-09-29,Investment Planning Assessment,8
61904679,financial modeling,economics,registration,Moderate,9,2025-05-30,Financial Modeling Registration,4
61904680,social media,marketing,survey,Simple,11,2025-05-04,Social Media Survey,5
61904681,web development,it,assessment,Simple,11,2025-06-10,Web Development Assessment,3
61904682,web development,it,survey,Moderate,15,2024-12-10,Web Development Survey,12
61904683,market analysis,economics,survey,Simple,15,2025-06-08,Market Analysis Survey,11
61904684,portfolio management,economics,registration,Complex,11,2024-12-10,Portfolio Management Registration,5
61904685,social media,marketing,survey,Moderate,11,2025-07-14,Social Media Survey,6
61904686,investment planning,economics,registration,Complex,15,2025-02-15,Investment Planning Registration,6
61904687,portfolio management,economics,application,Complex,14,2025-09-26,Portfolio Management Application,8
61904688,financial modeling,economics,registration,Complex,14,2025-07-24,Financial Modeling Registration,8
61904689,web development,it,application,Complex,11,2025-05-30,Web Development Application,9
61904690,cloud computing,it,assessment,Moderate,12,2024-12-21,Cloud Computing Assessment,5
61904691,cybersecurity,it,assessment,Moderate,6,2025-02-23,Cybersecurity Assessment,8
61904692,web development,it,registration,Moderate,5,2025-01-22,Web Development Registration,8
61904693,machine learning,it,registration,Moderate,15,2025-04-23,Machine Learning Registration,12
61904694,content marketing,marketing,survey,Simple,10,2025-10-17,Content Marketing Survey,4
61904695,digital marketing,marketing,registration,Simple,11,2025-07-31,Digital Marketing Registration,8
61904696,cloud computing,it,survey,Complex,12,2025-05-21,Cloud Computing Survey,7
61904697,financial modeling,economics,application,Simple,7,2024-12-30,Financial Modeling Application,4
61904698,digital marketing,marketing,application,Moderate,12,2025-07-11,Digital Marketing Application,8
61904699,social media,marketing,application,Complex,10,2025-07-14,Social Media Application,3
61904700,digital marketing,marketing,assessment,Simple,15,2025-01-02,Digital Marketing Assessment,12
61904701,brand management,marketing,survey,Simple,15,2025-05-26,Brand Management Survey,3
61904702,content marketing,marketing,application,Simple,13,2025-05-23,Content Marketing Application,9
61904703,investment planning,economics,application,Moderate,14,2025-04-12,Investment Planning Application,12
61904704,brand management,marketing,survey,Simple,7,2025-01-12,Brand Management Survey,6
61904705,social media,marketing,survey,Simple,12,2025-03-21,Social Media Survey,7
61904706,social media,marketing,survey,Moderate,6,2024-10-28,Social Media Survey,4
61904707,digital marketing,marketing,survey,Complex,9,2024-12-22,Digital Marketing Survey,9
61904708,machine learning,it,registration,Simple,7,2025-05-06,Machine Learning Registration,11
61904709,brand management,marketing,application,Simple,8,2025-08-14,Brand Management Application,5
61904710,market analysis,economics,application,Moderate,14,2024-12-25,Market Analysis Application,12
61904711,social media,marketing,application,Simple,11,2024-12-19,Social Media Application,4
61904712,machine learning,it,assessment,Simple,5,2024-11-11,Machine Learning Assessment,5
61904713,market analysis,economics,assessment,Simple,15,2025-03-24,Market Analysis Assessment,5
61904714,social media,marketing,assessment,Moderate,7,2025-02-10,Social Media Assessment,12
61904715,cloud computing,it,registration,Moderate,7,2025-03-04,Cloud Computing Registration,8
61904716,content marketing,marketing,registration,Moderate,11,2025-09-22,Content Marketing Registration,5
61904717,financial modeling,economics,assessment,Complex,8,2024-12-31,Financial Modeling Assessment,12
61904718,brand management,marketing,survey,Simple,14,2025-10-15,Brand Management Survey,7
61904719,brand management,marketing,survey,Moderate,13,2025-06-08,Brand Management Survey,3
61904720,content marketing,marketing,registration,Complex,10,2025-08-24,Content Marketing Registration,12
61904721,digital marketing,marketing,assessment,Moderate,11,2025-01-07,Digital Marketing Assessment,9
61904722,digital marketing,marketing,application,Complex,7,2025-02-24,Digital Marketing Application,4
61904723,web development,it,application,Moderate,13,2024-11-03,Web Development Application,3
61904724,content marketing,marketing,assessment,Complex,6,2024-11-15,Content Marketing Assessment,5
61904725,cloud computing,it,registration,Moderate,15,2024-12-20,Cloud Computing Registration,7
61904726,brand management,marketing,application,Simple,6,2024-10-27,Brand Management Application,5
61904727,portfolio management,economics,survey,Moderate,6,2025-10-22,Portfolio Management Survey,11
61904728,data science,it,survey,Complex,15,2024-11-04,Data Science Survey,3
61904729,investment planning,economics,survey,Complex,11,2024-12-24,Investment Planning Survey,6
61904730,web development,it,assessment,Simple,8,2025-05-09,Web Development Assessment,6
61904731,cloud computing,it,application,Simple,6,2025-05-06,Cloud Computing Application,8
61904732,brand management,marketing,registration,Complex,15,2025-10-06,Brand Management Registration,3
61904733,brand management,marketing,assessment,Moderate,11,2025-03-26,Brand Management Assessment,5
61904734,financial modeling,economics,assessment,Simple,6,2024-12-31,Financial Modeling Assessment,7
61904735,machine learning,it,registration,Complex,5,2025-01-12,Machine Learning Registration,3
61904736,financial modeling,economics,survey,Simple,7,2025-01-13,Financial Modeling Survey,6
61904737,brand management,marketing,registration,Moderate,11,2025-01-04,Brand Management Registration,10
61904738,content marketing,marketing,assessment,Complex,8,2025-05-30,Content Marketing Assessment,3
61904739,web development,it,application,Moderate,12,2025-09-16,Web Development Application,3
61904740,brand management,marketing,registration,Simple,8,2025-02-20,Brand Management Registration,10
61904741,financial modeling,economics,registration,Moderate,7,2025-05-06,Financial Modeling Registration,12
61904742,market analysis,economics,assessment,Moderate,13,2024-10-28,Market Analysis Assessment,11
61904743,portfolio management,economics,survey,Moderate,8,2025-08-29,Portfolio Management Survey,12
61904744,data science,it,assessment,Complex,15,2024-12-22,Data Science Assessment,5
61904745,web development,it,application,Moderate,12,2025-07-19,Web Development Application,8
61904746,market analysis,economics,application,Complex,6,2025-10-07,Market Analysis Application,11
61904747,financial modeling,economics,survey,Complex,14,2025-01-10,Financial Modeling Survey,12
61904748,financial modeling,economics,assessment,Complex,8,2025-04-13,Financial Modeling Assessment,11
61904749,portfolio management,economics,registration,Simple,7,2025-08-01,Portfolio Management Registration,4
61904750,financial modeling,economics,registration,Moderate,6,2025-01-24,Financial Modeling Registration,10
61904751,digital marketing,marketing,survey,Complex,5,2025-02-06,Digital Marketing Survey,5
61904752,social media,marketing,survey,Simple,6,2025-09-05,Social Media Survey,5
61904753,data science,it,registration,Simple,12,2024-11-20,Data Science Registration,5
61904754,investment planning,economics,survey,Simple,12,2024-11-16,Investment Planning Survey,9
61904755,content marketing,marketing,registration,Complex,5,2024-12-14,Content Marketing Registration,6
61904756,investment planning,economics,registration,Simple,8,2025-04-14,Investment Planning Registration,9
61904757,portfolio management,economics,application,Moderate,12,2024-11-06,Portfolio Management Application,7
61904758,portfolio management,economics,assessment,Complex,8,2025-03-10,Portfolio Management Assessment,11
61904759,digital marketing,marketing,registration,Simple,13,2025-08-30,Digital Marketing Registration,11
61904760,investment planning,economics,application,Complex,7,2025-04-16,Investment Planning Application,9
61904761,social media,marketing,survey,Moderate,6,2025-03-29,Social Media Survey,5
61904762,digital marketing,marketing,survey,Moderate,11,2025-03-21,Digital Marketing Survey,3
61904763,market analysis,economics,assessment,Moderate,7,2025-06-10,Market Analysis Assessment,10
61904764,data science,it,application,Complex,8,2025-08-03,Data Science Application,7
61904765,machine learning,it,registration,Moderate,13,2025-09-24,Machine Learning Registration,11
61904766,digital marketing,marketing,assessment,Moderate,11,2025-02-28,Digital Marketing Assessment,12
61904767,social media,marketing,assessment,Moderate,9,2025-07-08,Social Media Assessment,12
61904768,portfolio management,economics,registration,Simple,11,2025-04-17,Portfolio Management Registration,11
61904769,web development,it,survey,Complex,6,2025-04-25,Web Development Survey,12
61904770,content marketing,marketing,registration,Moderate,8,2025-06-19,Content Marketing Registration,10
61904771,content marketing,marketing,assessment,Simple,10,2025-01-26,Content Marketing Assessment,10
61904772,financial modeling,economics,registration,Complex,14,2025-10-12,Financial Modeling Registration,6
61904773,market analysis,economics,application,Complex,11,2025-05-04,Market Analysis Application,9
61904774,financial modeling,economics,application,Moderate,6,2025-05-15,Financial Modeling Application,6
61904775,financial modeling,economics,registration,Moderate,15,2025-08-21,Financial Modeling Registration,7
61904776,market analysis,economics,registration,Moderate,13,2025-09-01,Market Analysis Registration,10
61904777,cybersecurity,it,survey,Moderate,13,2024-12-07,Cybersecurity Survey,3
61904778,machine learning,it,application,Complex,9,2025-04-11,Machine Learning Application,7
61904779,machine learning,it,survey,Moderate,12,2025-05-26,Machine Learning Survey,5
61904780,social media,marketing,application,Moderate,9,2025-01-04,Social Media Application,8
61904781,web development,it,assessment,Simple,13,2025-09-05,Web Development Assessment,11
61904782,cloud computing,it,registration,Complex,7,2025-10-03,Cloud Computing Registration,11
61904783,brand management,marketing,assessment,Moderate,12,2025-02-04,Brand Management Assessment,3
61904784,brand management,marketing,assessment,Moderate,9,2025-09-20,Brand Management Assessment,12
61904785,data science,it,survey,Moderate,9,2025-03-08,Data Science Survey,10
61904786,data science,it,assessment,Simple,8,2024-11-07,Data Science Assessment,12
61904787,portfolio management,economics,application,Simple,10,2025-01-11,Portfolio Management Application,9
61904788,content marketing,marketing,registration,Moderate,13,2024-11-13,Content Marketing Registration,4
61904789,financial modeling,economics,survey,Moderate,15,2024-12-18,Financial Modeling Survey,4
61904790,content marketing,marketing,assessment,Complex,15,2025-03-11,Content Marketing Assessment,11
61904791,digital marketing,marketing,assessment,Complex,11,2025-03-11,Digital Marketing Assessment,7
61904792,investment planning,economics,application,Simple,13,2025-01-28,Investment Planning Application,8
61904793,digital marketing,marketing,application,Simple,7,2025-01-18,Digital Marketing Application,4
61904794,brand management,marketing,survey,Complex,6,2025-07-09,Brand Management Survey,3
61904795,financial modeling,economics,survey,Simple,15,2024-12-22,Financial Modeling Survey,8
61904796,content marketing,marketing,survey,Simple,11,2024-11-04,Content Marketing Survey,11
61904797,digital marketing,marketing,registration,Complex,9,2025-03-27,Digital Marketing Registration,6
61904798,social media,marketing,assessment,Simple,7,2025-05-04,Social Media Assessment,3
61904799,cybersecurity,it,application,Complex,14,2025-04-04,Cybersecurity Application,11
61904800,digital marketing,marketing,survey,Simple,14,2025-07-10,Digital Marketing Survey,7
61904801,social media,marketing,assessment,Simple,11,2025-04-06,Social Media Assessment,7
61904802,market analysis,economics,assessment,Complex,6,2025-01-12,Market Analysis Assessment,6
61904803,cybersecurity,it,registration,Moderate,12,2025-01-05,Cybersecurity Registration,4
61904804,content marketing,marketing,assessment,Simple,12,2025-07-11,Content Marketing Assessment,8
61904805,digital marketing,marketing,survey,Complex,5,2025-06-11,Digital Marketing Survey,11
61904806,cloud computing,it,registration,Moderate,14,2025-02-25,Cloud Computing Registration,8
61904807,content marketing,marketing,survey,Simple,15,2025-04-29,Content Marketing Survey,3
61904808,social media,marketing,registration,Complex,5,2025-07-12,Social Media Registration,10
61904809,market analysis,economics,registration,Moderate,6,2025-04-10,Market Analysis Registration,7
61904810,portfolio management,economics,registration,Simple,7,2025-03-10,Portfolio Management Registration,9
61904811,portfolio management,economics,registration,Simple,14,2024-12-08,Portfolio Management Registration,9
61904812,data science,it,assessment,Moderate,12,2025-05-27,Data Science Assessment,5
61904813,cybersecurity,it,registration,Moderate,11,2025-03-15,Cybersecurity Registration,7
61904814,data science,it,application,Simple,14,2025-06-10,Data Science Application,4
61904815,market analysis,economics,registration,Complex,13,2025-07-24,Market Analysis Registration,12
61904816,web development,it,assessment,Moderate,5,2025-09-12,Web Development Assessment,9
61904817,brand management,marketing,registration,Simple,11,2025-02-09,Brand Management Registration,6
61904818,financial modeling,economics,application,Moderate,9,2025-09-21,Financial Modeling Application,8
61904819,data science,it,assessment,Moderate,14,2025-01-13,Data Science Assessment,9
61904820,portfolio management,economics,application,Complex,11,2025-09-01,Portfolio Management Application,7
61904821,content marketing,marketing,application,Complex,9,2025-01-27,Content Marketing Application,4
61904822,content marketing,marketing,assessment,Simple,7,2025-05-23,Content Marketing Assessment,4
61904823,brand management,marketing,registration,Moderate,11,2025-06-19,Brand Management Registration,7
61904824,market analysis,economics,registration,Complex,14,2024-11-15,Market Analysis Registration,6
61904825,market analysis,economics,assessment,Moderate,14,2024-12-03,Market Analysis Assessment,9
61904826,market analysis,economics,assessment,Complex,14,2025-08-03,Market Analysis Assessment,7
61904827,brand management,marketing,assessment,Complex,10,2025-04-30,Brand Management Assessment,4
61904828,investment planning,economics,registration,Simple,9,2025-04-24,Investment Planning Registration,5
61904829,investment planning,economics,application,Moderate,6,2025-05-23,Investment Planning Application,10
61904830,cloud computing,it,assessment,Simple,6,2025-06-13,Cloud Computing Assessment,6
61904831,digital marketing,marketing,application,Simple,13,2025-04-07,Digital Marketing Application,12
61904832,financial modeling,economics,survey,Moderate,5,2025-03-19,Financial Modeling Survey,10
61904833,financial modeling,economics,survey,Complex,13,2025-03-14,Financial Modeling Survey,9
61904834,web development,it,survey,Simple,9,2025-08-17,Web Development Survey,12
61904835,web development,it,registration,Moderate,11,2025-08-15,Web Development Registration,10
61904836,brand management,marketing,assessment,Moderate,15,2024-11-20,Brand Management Assessment,11
61904837,cloud computing,it,assessment,Simple,15,2025-03-26,Cloud Computing Assessment,8
61904838,portfolio management,economics,assessment,Moderate,7,2024-12-12,Portfolio Management Assessment,3
61904839,content marketing,marketing,assessment,Simple,12,2025-08-28,Content Marketing Assessment,4
61904840,cloud computing,it,survey,Simple,6,2025-06-24,Cloud Computing Survey,11
61904841,market analysis,economics,survey,Complex,7,2025-06-05,Market Analysis Survey,7
61904842,social media,marketing,registration,Complex,9,2025-06-22,Social Media Registration,4
61904843,machine learning,it,assessment,Complex,15,2025-05-29,Machine Learning Assessment,5
61904844,portfolio management,economics,registration,Simple,13,2025-07-04,Portfolio Management Registration,4
61904845,digital marketing,marketing,survey,Moderate,6,2025-07-27,Digital Marketing Survey,12
61904846,machine learning,it,survey,Moderate,10,2025-09-21,Machine Learning Survey,10
61904847,cloud computing,it,assessment,Moderate,14,2024-12-29,Cloud Computing Assessment,5
61904848,investment planning,economics,assessment,Moderate,6,2024-11-18,Investment Planning Assessment,6
61904849,investment planning,economics,survey,Complex,14,2025-06-01,Investment Planning Survey,9
61904850,digital marketing,marketing,assessment,Simple,11,2025-07-21,Digital Marketing Assessment,11
61904851,brand management,marketing,registration,Simple,13,2025-05-13,Brand Management Registration,6
61904852,machine learning,it,survey,Moderate,6,2025-08-06,Machine Learning Survey,8
61904853,market analysis,economics,registration,Simple,12,2025-02-01,Market Analysis Registration,9
61904854,investment planning,economics,assessment,Complex,9,2025-09-17,Investment Planning Assessment,6
61904855,cloud computing,it,application,Complex,10,2025-08-01,Cloud Computing Application,4
61904856,market analysis,economics,registration,Moderate,14,2025-07-16,Market Analysis Registration,8
61904857,investment planning,economics,assessment,Moderate,10,2024-12-17,Investment Planning Assessment,11
61904858,portfolio management,economics,survey,Moderate,12,2025-03-07,Portfolio Management Survey,7
61904859,financial modeling,economics,registration,Simple,15,2025-05-02,Financial Modeling Registration,8
61904860,brand management,marketing,assessment,Complex,14,2025-02-12,Brand Management Assessment,10
61904861,brand management,marketing,survey,Moderate,8,2025-07-24,Brand Management Survey,7
61904862,machine learning,it,assessment,Moderate,10,2025-04-19,Machine Learning Assessment,8
61904863,social media,marketing,assessment,Simple,10,2024-12-31,Social Media Assessment,6
61904864,machine learning,it,survey,Simple,7,2024-11-06,Machine Learning Survey,9
61904865,financial modeling,economics,survey,Simple,11,2025-09-25,Financial Modeling Survey,12
61904866,content marketing,marketing,survey,Simple,6,2025-05-12,Content Marketing Survey,12
61904867,cybersecurity,it,assessment,Simple,11,2025-09-15,Cybersecurity Assessment,4
61904868,investment planning,economics,assessment,Moderate,14,2025-09-26,Investment Planning Assessment,10
61904869,content marketing,marketing,survey,Simple,8,2025-10-18,Content Marketing Survey,9
61904870,digital marketing,marketing,application,Moderate,11,2025-09-09,Digital Marketing Application,12
61904871,cloud computing,it,application,Simple,15,2025-05-22,Cloud Computing Application,7
61904872,market analysis,economics,application,Moderate,11,2025-03-28,Market Analysis Application,9
61904873,content marketing,marketing,application,Complex,5,2025-02-27,Content Marketing Application,5
61904874,machine learning,it,registration,Simple,10,2025-09-01,Machine Learning Registration,12
61904875,web development,it,survey,Moderate,9,2025-02-12,Web Development Survey,9
61904876,machine learning,it,assessment,Moderate,13,2025-10-22,Machine Learning Assessment,3
61904877,market analysis,economics,survey,Complex,9,2025-02-16,Market Analysis Survey,11
61904878,data science,it,registration,Simple,13,2024-11-30,Data Science Registration,11
61904879,market analysis,economics,application,Moderate,5,2025-07-01,Market Analysis Application,9
61904880,financial modeling,economics,registration,Complex,15,2024-12-30,Financial Modeling Registration,9
61904881,machine learning,it,application,Moderate,7,2025-08-04,Machine Learning Application,11
61904882,financial modeling,economics,registration,Simple,15,2025-01-10,Financial Modeling Registration,12
61904883,cloud computing,it,registration,Moderate,6,2024-11-12,Cloud Computing Registration,8
61904884,content marketing,marketing,assessment,Moderate,8,2025-03-05,Content Marketing Assessment,5
61904885,cybersecurity,it,survey,Complex,6,2025-09-10,Cybersecurity Survey,12
61904886,digital marketing,marketing,assessment,Complex,13,2024-12-26,Digital Marketing Assessment,12
61904887,web development,it,registration,Simple,11,2025-04-07,Web Development Registration,9
61904888,web development,it,assessment,Simple,11,2024-11-12,Web Development Assessment,11
61904889,web development,it,application,Moderate,8,2025-02-23,Web Development Application,8
61904890,social media,marketing,survey,Complex,5,2024-12-01,Social Media Survey,10
61904891,machine learning,it,application,Moderate,5,2025-09-12,Machine Learning Application,9
61904892,digital marketing,marketing,assessment,Moderate,8,2025-03-28,Digital Marketing Assessment,10
61904893,digital marketing,marketing,assessment,Simple,13,2025-03-24,Digital Marketing Assessment,10
61904894,market analysis,economics,survey,Simple,14,2025-10-05,Market Analysis Survey,5
61904895,content marketing,marketing,assessment,Simple,11,2025-09-12,Content Marketing Assessment,7
61904896,cloud computing,it,assessment,Complex,11,2025-04-22,Cloud Computing Assessment,11
61904897,data science,it,assessment,Moderate,7,2025-01-11,Data Science Assessment,6
61904898,cybersecurity,it,assessment,Simple,10,2024-11-16,Cybersecurity Assessment,3
61904899,brand management,marketing,application,Simple,15,2025-08-20,Brand Management Application,6
61904900,investment planning,economics,survey,Complex,8,2024-12-16,Investment Planning Survey,11
61904901,portfolio management,economics,registration,Complex,11,2025-10-02,Portfolio Management Registration,3
61904902,portfolio management,economics,survey,Complex,15,2025-01-20,Portfolio Management Survey,7
61904903,financial modeling,economics,assessment,Simple,7,2025-03-11,Financial Modeling Assessment,9
61904904,portfolio management,economics,application,Simple,6,2025-05-05,Portfolio Management Application,9
61904905,financial modeling,economics,survey,Moderate,11,2025-08-31,Financial Modeling Survey,9
61904906,investment planning,economics,registration,Simple,11,2025-06-07,Investment Planning Registration,8
61904907,market analysis,economics,registration,Complex,15,2025-02-21,Market Analysis Registration,8
61904908,portfolio management,economics,registration,Complex,7,2025-05-13,Portfolio Management Registration,11
61904909,digital marketing,marketing,assessment,Moderate,11,2025-09-20,Digital Marketing Assessment,11
61904910,market analysis,economics,survey,Moderate,14,2025-07-03,Market Analysis Survey,9
61904911,brand management,marketing,registration,Moderate,14,2024-11-11,Brand Management Registration,12
61904912,cloud computing,it,assessment,Complex,8,2025-08-17,Cloud Computing Assessment,7
61904913,cloud computing,it,assessment,Moderate,10,2025-07-20,Cloud Computing Assessment,5
61904914,machine learning,it,survey,Complex,7,2025-06-30,Machine Learning Survey,3
61904915,investment planning,economics,survey,Simple,8,2025-09-19,Investment Planning Survey,10
61904916,brand management,marketing,survey,Simple,6,2025-03-15,Brand Management Survey,3
61904917,digital marketing,marketing,application,Moderate,12,2025-06-02,Digital Marketing Application,11
61904918,financial modeling,economics,application,Moderate,9,2025-03-07,Financial Modeling Application,5
61904919,content marketing,marketing,registration,Complex,12,2025-01-22,Content Marketing Registration,12
61904920,market analysis,economics,assessment,Complex,15,2025-09-06,Market Analysis Assessment,9
61904921,digital marketing,marketing,survey,Complex,5,2025-03-02,Digital Marketing Survey,5
61904922,cloud computing,it,survey,Simple,10,2025-02-02,Cloud Computing Survey,12
61904923,investment planning,economics,survey,Simple,6,2025-03-27,Investment Planning Survey,6
61904924,machine learning,it,registration,Moderate,10,2025-02-25,Machine Learning Registration,9
61904925,digital marketing,marketing,application,Complex,13,2025-06-14,Digital Marketing Application,4
61904926,machine learning,it,registration,Moderate,5,2025-05-19,Machine Learning Registration,8
61904927,cybersecurity,it,assessment,Simple,13,2025-09-04,Cybersecurity Assessment,4
61904928,brand management,marketing,application,Simple,9,2025-06-01,Brand Management Application,3
61904929,investment planning,economics,registration,Simple,13,2025-07-18,Investment Planning Registration,4
61904930,social media,marketing,assessment,Simple,8,2025-09-27,Social Media Assessment,5
61904931,cybersecurity,it,assessment,Complex,6,2025-03-15,Cybersecurity Assessment,9
61904932,portfolio management,economics,assessment,Complex,8,2025-08-17,Portfolio Management Assessment,10
61904933,social media,marketing,survey,Moderate,6,2025-01-17,Social Media Survey,12
61904934,content marketing,marketing,registration,Moderate,10,2025-06-14,Content Marketing Registration,7
61904935,social media,marketing,survey,Complex,10,2024-12-21,Social Media Survey,5
61904936,data science,it,registration,Complex,5,2025-07-04,Data Science Registration,8
61904937,digital marketing,marketing,registration,Complex,8,2024-12-19,Digital Marketing Registration,6
61904938,cybersecurity,it,survey,Simple,11,2025-04-20,Cybersecurity Survey,6
61904939,data science,it,application,Simple,12,2025-06-21,Data Science Application,3
61904940,portfolio management,economics,survey,Simple,7,2025-09-20,Portfolio Management Survey,5
61904941,cybersecurity,it,assessment,Complex,5,2025-01-03,Cybersecurity Assessment,6
61904942,market analysis,economics,survey,Complex,14,2025-07-21,Market Analysis Survey,11
61904943,content marketing,marketing,application,Moderate,7,2025-09-05,Content Marketing Application,8
61904944,machine learning,it,application,Simple,7,2025-02-17,Machine Learning Application,5
61904945,content marketing,marketing,application,Simple,13,2025-06-05,Content Marketing Application,6
61904946,digital marketing,marketing,assessment,Simple,7,2025-07-09,Digital Marketing Assessment,7
61904947,web development,it,survey,Complex,11,2025-06-21,Web Development Survey,12
61904948,portfolio management,economics,survey,Moderate,6,2024-10-29,Portfolio Management Survey,11
61904949,investment planning,economics,registration,Moderate,9,2025-06-16,Investment Planning Registration,9
61904950,portfolio management,economics,registration,Simple,5,2025-01-03,Portfolio Management Registration,7
61904951,market analysis,economics,assessment,Simple,5,2024-11-02,Market Analysis Assessment,5
61904952,content marketing,marketing,application,Complex,6,2025-06-12,Content Marketing Application,6
61904953,portfolio management,economics,assessment,Complex,7,2025-09-07,Portfolio Management Assessment,9
61904954,web development,it,survey,Simple,7,2025-07-22,Web Development Survey,10
61904955,market analysis,economics,survey,Moderate,15,2025-03-30,Market Analysis Survey,8
61904956,digital marketing,marketing,application,Moderate,14,2024-11-04,Digital Marketing Application,6
61904957,social media,marketing,assessment,Complex,6,2025-08-05,Social Media Assessment,7
61904958,investment planning,economics,survey,Complex,8,2025-03-24,Investment Planning Survey,12
61904959,investment planning,economics,registration,Moderate,12,2025-08-19,Investment Planning Registration,3
61904960,digital marketing,marketing,registration,Simple,7,2025-05-10,Digital Marketing Registration,10
61904961,content marketing,marketing,registration,Complex,15,2025-10-12,Content Marketing Registration,3
61904962,cybersecurity,it,registration,Complex,13,2025-06-06,Cybersecurity Registration,5
61904963,web development,it,registration,Moderate,11,2024-11-03,Web Development Registration,8
61904964,data science,it,assessment,Simple,7,2025-09-02,Data Science Assessment,7
61904965,content marketing,marketing,registration,Complex,6,2025-02-13,Content Marketing Registration,3
61904966,cybersecurity,it,application,Simple,11,2025-07-22,Cybersecurity Application,11
61904967,financial modeling,economics,assessment,Simple,8,2025-07-24,Financial Modeling Assessment,3
61904968,cloud computing,it,application,Simple,13,2025-03-01,Cloud Computing Application,7
61904969,brand management,marketing,application,Simple,8,2025-07-26,Brand Management Application,8
61904970,portfolio management,economics,assessment,Complex,14,2025-05-01,Portfolio Management Assessment,9
61904971,data science,it,assessment,Moderate,6,2024-11-17,Data Science Assessment,6
61904972,data science,it,application,Simple,9,2025-04-09,Data Science Application,11
61904973,content marketing,marketing,application,Moderate,8,2025-07-12,Content Marketing Application,5
61904974,cloud computing,it,survey,Moderate,11,2025-07-06,Cloud Computing Survey,7
61904975,market analysis,economics,registration,Complex,9,2025-05-26,Market Analysis Registration,6
61904976,portfolio management,economics,assessment,Complex,10,2025-07-21,Portfolio Management Assessment,3
61904977,web development,it,survey,Simple,5,2025-07-31,Web Development Survey,9
61904978,web development,it,application,Moderate,6,2025-05-01,Web Development Application,10
61904979,data science,it,application,Simple,15,2025-01-10,Data Science Application,12
61904980,digital marketing,marketing,assessment,Complex,7,2024-10-30,Digital Marketing Assessment,7
61904981,cloud computing,it,survey,Simple,13,2025-07-22,Cloud Computing Survey,8
61904982,data science,it,application,Simple,7,2025-01-13,Data Science Application,8
61904983,brand management,marketing,survey,Complex,6,2025-06-28,Brand Management Survey,10
61904984,investment planning,economics,registration,Complex,9,2025-08-10,Investment Planning Registration,10
61904985,social media,marketing,survey,Simple,11,2024-11-29,Social Media Survey,7
61904986,financial modeling,economics,survey,Simple,8,2024-11-11,Financial Modeling Survey,6
61904987,market analysis,economics,assessment,Simple,8,2025-06-23,Market Analysis Assessment,11
61904988,brand management,marketing,survey,Complex,7,2025-07-31,Brand Management Survey,5
61904989,machine learning,it,assessment,Simple,15,2025-08-30,Machine Learning Assessment,11
61904990,web development,it,registration,Moderate,14,2025-09-25,Web Development Registration,7
61904991,machine learning,it,assessment,Simple,6,2025-03-19,Machine Learning Assessment,6
61904992,social media,marketing,assessment,Simple,6,2025-05-30,Social Media Assessment,4
61904993,financial modeling,economics,assessment,Complex,13,2025-08-06,Financial Modeling Assessment,8
61904994,portfolio management,economics,application,Complex,13,2025-02-06,Portfolio Management Application,6
61904995,cloud computing,it,survey,Moderate,9,2025-10-12,Cloud Computing Survey,8
61904996,web development,it,application,Complex,7,2024-12-24,Web Development Application,7
61904997,social media,marketing,application,Simple,10,2025-07-28,Social Media Application,4
61904998,financial modeling,economics,application,Moderate,6,2025-04-02,Financial Modeling Application,7
61904999,digital marketing,marketing,application,Simple,11,2025-03-13,Digital Marketing Application,11
61905000,portfolio management,economics,assessment,Complex,7,2025-02-14,Portfolio Management Assessment,11
61905001,web development,it,application,Moderate,14,2025-05-05,Web Development Application,7
61905002,data science,it,application,Simple,5,2024-12-06,Data Science Application,9
61905003,financial modeling,economics,application,Moderate,15,2025-10-09,Financial Modeling Application,8
61905004,investment planning,economics,survey,Moderate,14,2024-12-03,Investment Planning Survey,8
61905005,data science,it,registration,Complex,8,2025-06-24,Data Science Registration,9
61905006,cloud computing,it,application,Moderate,7,2025-05-03,Cloud Computing Application,6
61905007,market analysis,economics,application,Simple,10,2024-12-26,Market Analysis Application,9
61905008,financial modeling,economics,survey,Complex,9,2025-06-12,Financial Modeling Survey,5
61905009,web development,it,survey,Complex,8,2024-11-02,Web Development Survey,10
61905010,market analysis,economics,survey,Simple,7,2025-10-08,Market Analysis Survey,5
61905011,investment planning,economics,application,Moderate,11,2025-05-22,Investment Planning Application,7
61905012,machine learning,it,registration,Complex,9,2025-04-12,Machine Learning Registration,7
61905013,portfolio management,economics,application,Simple,7,2025-09-04,Portfolio Management Application,8
61905014,portfolio management,economics,application,Simple,10,2025-10-08,Portfolio Management Application,5
61905015,data science,it,assessment,Moderate,11,2025-01-24,Data Science Assessment,12
61905016,digital marketing,marketing,application,Complex,10,2024-12-02,Digital Marketing Application,7
61905017,web development,it,survey,Simple,6,2025-08-06,Web Development Survey,11
61905018,financial modeling,economics,survey,Moderate,11,2025-09-20,Financial Modeling Survey,6
61905019,market analysis,economics,registration,Moderate,12,2025-10-11,Market Analysis Registration,12
61905020,market analysis,economics,registration,Complex,7,2024-12-11,Market Analysis Registration,8
61905021,investment planning,economics,survey,Simple,7,2024-12-14,Investment Planning Survey,7
61905022,investment planning,economics,survey,Complex,8,2025-04-14,Investment Planning Survey,7
61905023,market analysis,economics,application,Simple,9,2025-07-22,Market Analysis Application,12
61905024,portfolio management,economics,application,Complex,6,2024-11-10,Portfolio Management Application,3
61905025,content marketing,marketing,application,Moderate,14,2025-03-27,Content Marketing Application,6
61905026,social media,marketing,application,Simple,12,2025-04-21,Social Media Application,11
61905027,financial modeling,economics,assessment,Moderate,9,2025-09-14,Financial Modeling Assessment,12
61905028,portfolio management,economics,registration,Moderate,13,2025-07-13,Portfolio Management Registration,3
61905029,machine learning,it,registration,Complex,14,2025-04-20,Machine Learning Registration,10
61905030,machine learning,it,assessment,Moderate,11,2025-05-03,Machine Learning Assessment,10
61905031,financial modeling,economics,assessment,Complex,10,2025-08-21,Financial Modeling Assessment,7
61905032,social media,marketing,registration,Simple,13,2025-02-18,Social Media Registration,4
61905033,cybersecurity,it,assessment,Simple,14,2025-06-17,Cybersecurity Assessment,9
61905034,social media,marketing,survey,Simple,13,2025-08-07,Social Media Survey,11
61905035,cloud computing,it,survey,Complex,13,2025-04-24,Cloud Computing Survey,10
61905036,digital marketing,marketing,application,Moderate,14,2025-08-29,Digital Marketing Application,11
61905037,cybersecurity,it,assessment,Moderate,15,2025-02-18,Cybersecurity Assessment,12
61905038,content marketing,marketing,survey,Moderate,15,2024-12-01,Content Marketing Survey,9
61905039,cloud computing,it,application,Moderate,8,2025-04-02,Cloud Computing Application,5
61905040,web development,it,registration,Simple,11,2025-04-16,Web Development Registration,9
61905041,market analysis,economics,registration,Simple,6,2025-04-01,Market Analysis Registration,4
61905042,market analysis,economics,survey,Simple,10,2025-02-27,Market Analysis Survey,9
61905043,cybersecurity,it,application,Simple,9,2025-09-15,Cybersecurity Application,7
61905044,data science,it,registration,Simple,9,2024-11-17,Data Science Registration,10
61905045,cybersecurity,it,application,Complex,8,2025-05-06,Cybersecurity Application,12
61905046,market analysis,economics,assessment,Simple,11,2025-09-29,Market Analysis Assessment,5
61905047,investment planning,economics,registration,Moderate,13,2024-12-08,Investment Planning Registration,3
61905048,market analysis,economics,registration,Complex,12,2025-09-03,Market Analysis Registration,3
61905049,portfolio management,economics,survey,Moderate,13,2024-11-17,Portfolio Management Survey,7
61905050,brand management,marketing,assessment,Simple,14,2025-10-21,Brand Management Assessment,5
61905051,investment planning,economics,survey,Complex,6,2025-02-16,Investment Planning Survey,8
61905052,data science,it,survey,Simple,9,2025-07-28,Data Science Survey,5
61905053,brand management,marketing,application,Complex,15,2024-11-20,Brand Management Application,9
61905054,web development,it,assessment,Moderate,8,2025-01-19,Web Development Assessment,7
61905055,portfolio management,economics,survey,Simple,6,2025-10-06,Portfolio Management Survey,11
61905056,content marketing,marketing,application,Moderate,12,2025-07-02,Content Marketing Application,9
61905057,investment planning,economics,survey,Moderate,13,2025-07-04,Investment Planning Survey,11
61905058,market analysis,economics,assessment,Simple,6,2025-06-22,Market Analysis Assessment,9
61905059,social media,marketing,registration,Simple,7,2025-10-24,Social Media Registration,8
61905060,digital marketing,marketing,survey,Complex,7,2025-06-28,Digital Marketing Survey,3
61905061,social media,marketing,registration,Moderate,14,2025-08-11,Social Media Registration,12
61905062,data science,it,application,Complex,14,2024-12-06,Data Science Application,9
61905063,portfolio management,economics,assessment,Complex,13,2025-01-10,Portfolio Management Assessment,3
61905064,brand management,marketing,registration,Moderate,6,2025-03-08,Brand Management Registration,10
61905065,cybersecurity,it,assessment,Simple,8,2024-12-06,Cybersecurity Assessment,4
61905066,social media,marketing,assessment,Simple,8,2025-08-13,Social Media Assessment,4
61905067,financial modeling,economics,assessment,Moderate,10,2024-10-27,Financial Modeling Assessment,9
61905068,cloud computing,it,assessment,Moderate,9,2024-12-21,Cloud Computing Assessment,9
61905069,market analysis,economics,survey,Simple,5,2025-06-06,Market Analysis Survey,12
61905070,brand management,marketing,registration,Simple,10,2025-01-25,Brand Management Registration,11
61905071,market analysis,economics,assessment,Complex,7,2025-10-02,Market Analysis Assessment,6
61905072,machine learning,it,application,Simple,13,2025-08-25,Machine Learning Application,9
61905073,data science,it,application,Complex,8,2024-11-23,Data Science Application,12
61905074,machine learning,it,assessment,Simple,9,2025-10-18,Machine Learning Assessment,9
61905075,financial modeling,economics,application,Simple,7,2025-01-29,Financial Modeling Application,12
61905076,financial modeling,economics,assessment,Complex,10,2025-06-30,Financial Modeling Assessment,5
61905077,content marketing,marketing,registration,Complex,12,2025-09-10,Content Marketing Registration,4
61905078,cybersecurity,it,registration,Moderate,13,2025-05-23,Cybersecurity Registration,4
61905079,financial modeling,economics,registration,Moderate,13,2025-09-01,Financial Modeling Registration,5
61905080,market analysis,economics,registration,Complex,15,2025-01-20,Market Analysis Registration,11
61905081,web development,it,assessment,Simple,14,2025-01-05,Web Development Assessment,11
61905082,machine learning,it,survey,Complex,9,2025-02-19,Machine Learning Survey,7
61905083,content marketing,marketing,application,Simple,8,2025-07-15,Content Marketing Application,9
61905084,content marketing,marketing,application,Moderate,9,2025-09-12,Content Marketing Application,7
61905085,social media,marketing,registration,Simple,12,2025-07-22,Social Media Registration,4
61905086,portfolio management,economics,registration,Complex,14,2025-01-21,Portfolio Management Registration,6
61905087,brand management,marketing,registration,Moderate,14,2025-03-19,Brand Management Registration,12
61905088,data science,it,survey,Simple,6,2024-11-08,Data Science Survey,3
61905089,investment planning,economics,registration,Complex,10,2025-08-31,Investment Planning Registration,4
61905090,portfolio management,economics,application,Moderate,7,2025-09-03,Portfolio Management Application,5
61905091,market analysis,economics,survey,Moderate,7,2025-04-30,Market Analysis Survey,10
61905092,brand management,marketing,application,Moderate,6,2025-02-12,Brand Management Application,10
61905093,data science,it,assessment,Simple,10,2025-03-19,Data Science Assessment,4
61905094,cybersecurity,it,registration,Complex,15,2025-09-20,Cybersecurity Registration,4
61905095,web development,it,application,Moderate,12,2024-11-29,Web Development Application,3
61905096,machine learning,it,registration,Complex,9,2025-10-05,Machine Learning Registration,11
61905097,brand management,marketing,assessment,Simple,10,2024-12-31,Brand Management Assessment,6
61905098,financial modeling,economics,application,Moderate,15,2024-11-14,Financial Modeling Application,12
61905099,machine learning,it,assessment,Moderate,10,2025-06-25,Machine Learning Assessment,12
61905100,financial modeling,economics,registration,Moderate,15,2025-04-04,Financial Modeling Registration,5
61905101,data science,it,registration,Moderate,9,2024-11-08,Data Science Registration,5
61905102,market analysis,economics,application,Complex,12,2025-06-01,Market Analysis Application,10
61905103,investment planning,economics,application,Moderate,11,2025-08-22,Investment Planning Application,3
61905104,social media,marketing,assessment,Complex,7,2025-01-03,Social Media Assessment,11
61905105,machine learning,it,assessment,Moderate,13,2025-03-14,Machine Learning Assessment,11
61905106,cybersecurity,it,application,Simple,7,2025-03-11,Cybersecurity Application,5
61905107,digital marketing,marketing,registration,Complex,8,2025-10-09,Digital Marketing Registration,9
61905108,cloud computing,it,assessment,Moderate,5,2025-09-15,Cloud Computing Assessment,6
61905109,social media,marketing,registration,Simple,8,2025-01-12,Social Media Registration,8
61905110,market analysis,economics,survey,Simple,12,2025-05-06,Market Analysis Survey,6
61905111,machine learning,it,survey,Simple,6,2025-05-23,Machine Learning Survey,7
61905112,portfolio management,economics,registration,Moderate,7,2025-03-01,Portfolio Management Registration,8
61905113,web development,it,application,Moderate,5,2025-07-08,Web Development Application,12
61905114,digital marketing,marketing,application,Complex,7,2024-12-13,Digital Marketing Application,4
61905115,social media,marketing,registration,Moderate,12,2025-08-01,Social Media Registration,12
61905116,cloud computing,it,survey,Complex,5,2025-04-28,Cloud Computing Survey,3
61905117,market analysis,economics,assessment,Simple,12,2025-08-07,Market Analysis Assessment,10
61905118,brand management,marketing,registration,Complex,15,2024-10-30,Brand Management Registration,9
61905119,financial modeling,economics,registration,Complex,11,2025-05-01,Financial Modeling Registration,5
61905120,brand management,marketing,assessment,Complex,12,2025-08-20,Brand Management Assessment,6
61905121,digital marketing,marketing,registration,Complex,9,2024-11-19,Digital Marketing Registration,4
61905122,investment planning,economics,application,Simple,15,2025-10-14,Investment Planning Application,11
61905123,data science,it,assessment,Complex,13,2025-09-23,Data Science Assessment,6
61905124,cybersecurity,it,registration,Complex,7,2025-07-22,Cybersecurity Registration,10
61905125,market analysis,economics,assessment,Simple,7,2025-01-28,Market Analysis Assessment,11
61905126,financial modeling,economics,assessment,Simple,14,2024-12-03,Financial Modeling Assessment,3
61905127,portfolio management,economics,survey,Simple,5,2025-05-17,Portfolio Management Survey,9
61905128,social media,marketing,assessment,Moderate,6,2024-11-16,Social Media Assessment,6
61905129,web development,it,survey,Simple,9,2025-06-30,Web Development Survey,7
61905130,machine learning,it,assessment,Moderate,12,2025-05-22,Machine Learning Assessment,9
61905131,web development,it,application,Simple,13,2025-02-03,Web Development Application,8
61905132,content marketing,marketing,survey,Moderate,9,2025-09-25,Content Marketing Survey,7
61905133,portfolio management,economics,registration,Complex,12,2025-04-12,Portfolio Management Registration,10
61905134,social media,marketing,application,Simple,9,2025-09-11,Social Media Application,11
61905135,portfolio management,economics,assessment,Complex,7,2025-01-06,Portfolio Management Assessment,7
61905136,portfolio management,economics,registration,Complex,9,2025-06-28,Portfolio Management Registration,9
61905137,web development,it,assessment,Complex,8,2024-12-31,Web Development Assessment,7
61905138,brand management,marketing,application,Complex,8,2024-11-29,Brand Management Application,11
61905139,cybersecurity,it,assessment,Moderate,12,2025-03-08,Cybersecurity Assessment,7
61905140,digital marketing,marketing,assessment,Complex,10,2024-12-11,Digital Marketing Assessment,12
61905141,portfolio management,economics,application,Simple,9,2025-05-25,Portfolio Management Application,3
61905142,financial modeling,economics,assessment,Moderate,8,2025-06-10,Financial Modeling Assessment,11
61905143,digital marketing,marketing,registration,Complex,8,2025-10-11,Digital Marketing Registration,3
61905144,brand management,marketing,registration,Moderate,9,2025-03-16,Brand Management Registration,12
61905145,web development,it,assessment,Simple,14,2025-02-02,Web Development Assessment,6
61905146,portfolio management,economics,application,Simple,13,2025-05-30,Portfolio Management Application,4
61905147,content marketing,marketing,assessment,Complex,9,2024-10-30,Content Marketing Assessment,7
61905148,portfolio management,economics,registration,Complex,11,2025-06-23,Portfolio Management Registration,4
61905149,content marketing,marketing,survey,Simple,12,2025-09-03,Content Marketing Survey,6
61905150,financial modeling,economics,application,Complex,8,2025-09-05,Financial Modeling Application,9
61905151,investment planning,economics,registration,Simple,15,2025-09-11,Investment Planning Registration,11
61905152,cloud computing,it,application,Simple,12,2025-02-25,Cloud Computing Application,4
61905153,social media,marketing,survey,Complex,13,2025-03-09,Social Media Survey,10
61905154,data science,it,assessment,Simple,6,2025-01-23,Data Science Assessment,9
61905155,portfolio management,economics,application,Moderate,5,2025-09-04,Portfolio Management Application,9
61905156,content marketing,marketing,assessment,Complex,9,2025-03-07,Content Marketing Assessment,3
61905157,market analysis,economics,registration,Simple,11,2024-11-12,Market Analysis Registration,4
61905158,portfolio management,economics,survey,Simple,7,2024-12-04,Portfolio Management Survey,11
61905159,digital marketing,marketing,survey,Complex,10,2025-08-12,Digital Marketing Survey,4
61905160,portfolio management,economics,assessment,Simple,8,2024-12-13,Portfolio Management Assessment,9
61905161,web development,it,assessment,Complex,12,2025-09-28,Web Development Assessment,11
61905162,cybersecurity,it,application,Moderate,9,2025-08-25,Cybersecurity Application,10
61905163,web development,it,assessment,Complex,12,2025-03-05,Web Development Assessment,10
61905164,financial modeling,economics,registration,Moderate,7,2024-11-08,Financial Modeling Registration,10
61905165,market analysis,economics,registration,Complex,9,2025-10-01,Market Analysis Registration,10
61905166,digital marketing,marketing,survey,Simple,10,2025-06-07,Digital Marketing Survey,12
61905167,web development,it,registration,Complex,10,2024-12-18,Web Development Registration,9
61905168,cloud computing,it,assessment,Simple,10,2025-08-10,Cloud Computing Assessment,11
61905169,portfolio management,economics,assessment,Simple,14,2024-11-10,Portfolio Management Assessment,6
61905170,portfolio management,economics,survey,Moderate,10,2025-01-10,Portfolio Management Survey,9
61905171,brand management,marketing,registration,Moderate,8,2025-10-14,Brand Management Registration,12
61905172,social media,marketing,registration,Moderate,10,2025-07-02,Social Media Registration,12
61905173,data science,it,assessment,Complex,13,2025-08-19,Data Science Assessment,8
61905174,cloud computing,it,assessment,Moderate,8,2025-10-04,Cloud Computing Assessment,11
61905175,social media,marketing,survey,Moderate,10,2025-05-31,Social Media Survey,8
61905176,cybersecurity,it,survey,Moderate,14,2025-08-19,Cybersecurity Survey,6
61905177,brand management,marketing,application,Complex,6,2025-02-11,Brand Management Application,9
61905178,data science,it,assessment,Complex,12,2025-09-16,Data Science Assessment,3
61905179,market analysis,economics,application,Simple,9,2025-10-14,Market Analysis Application,8
61905180,financial modeling,economics,assessment,Complex,15,2025-05-07,Financial Modeling Assessment,9
61905181,brand management,marketing,assessment,Complex,11,2025-01-09,Brand Management Assessment,9
61905182,investment planning,economics,registration,Moderate,7,2024-12-30,Investment Planning Registration,6
61905183,financial modeling,economics,registration,Moderate,14,2025-09-25,Financial Modeling Registration,11
61905184,machine learning,it,assessment,Moderate,11,2025-01-28,Machine Learning Assessment,7
61905185,cybersecurity,it,application,Moderate,12,2024-12-07,Cybersecurity Application,4
61905186,content marketing,marketing,registration,Moderate,12,2025-06-11,Content Marketing Registration,11
61905187,market analysis,economics,assessment,Complex,6,2025-05-19,Market Analysis Assessment,6
61905188,cloud computing,it,assessment,Moderate,12,2025-06-23,Cloud Computing Assessment,7
61905189,financial modeling,economics,assessment,Simple,8,2025-03-22,Financial Modeling Assessment,11
61905190,investment planning,economics,registration,Simple,7,2025-08-02,Investment Planning Registration,10
61905191,digital marketing,marketing,assessment,Simple,12,2025-03-20,Digital Marketing Assessment,3
61905192,market analysis,economics,registration,Complex,14,2025-04-23,Market Analysis Registration,8
61905193,web development,it,survey,Simple,12,2025-05-07,Web Development Survey,6
61905194,data science,it,survey,Simple,12,2025-09-23,Data Science Survey,10
61905195,financial modeling,economics,survey,Simple,6,2025-07-26,Financial Modeling Survey,4
61905196,data science,it,application,Complex,11,2025-03-10,Data Science Application,3
61905197,investment planning,economics,survey,Complex,13,2025-05-10,Investment Planning Survey,10
61905198,cloud computing,it,registration,Complex,11,2025-01-04,Cloud Computing Registration,9
61905199,cybersecurity,it,registration,Simple,13,2025-06-17,Cybersecurity Registration,5
61905200,investment planning,economics,application,Simple,5,2025-05-07,Investment Planning Application,7
61905201,brand management,marketing,application,Simple,14,2025-09-06,Brand Management Application,3
61905202,machine learning,it,assessment,Complex,7,2024-11-22,Machine Learning Assessment,12
61905203,cybersecurity,it,application,Simple,10,2024-12-19,Cybersecurity Application,5
61905204,brand management,marketing,registration,Moderate,15,2024-12-14,Brand Management Registration,11
61905205,market analysis,economics,application,Simple,15,2025-06-21,Market Analysis Application,12
61905206,market analysis,economics,assessment,Moderate,13,2024-12-23,Market Analysis Assessment,4
61905207,cloud computing,it,assessment,Simple,11,2025-02-09,Cloud Computing Assessment,4
61905208,portfolio management,economics,survey,Complex,7,2025-10-07,Portfolio Management Survey,6
61905209,social media,marketing,registration,Moderate,12,2025-08-25,Social Media Registration,3
61905210,financial modeling,economics,survey,Complex,5,2024-12-25,Financial Modeling Survey,12
61905211,web development,it,application,Simple,11,2025-08-26,Web Development Application,5
61905212,content marketing,marketing,assessment,Moderate,13,2025-07-11,Content Marketing Assessment,11
61905213,data science,it,application,Complex,6,2025-02-21,Data Science Application,9
61905214,brand management,marketing,application,Moderate,9,2024-12-12,Brand Management Application,11
61905215,portfolio management,economics,assessment,Moderate,15,2025-05-28,Portfolio Management Assessment,6
61905216,financial modeling,economics,registration,Complex,14,2025-04-07,Financial Modeling Registration,5
61905217,financial modeling,economics,application,Simple,10,2025-09-24,Financial Modeling Application,6
61905218,financial modeling,economics,assessment,Complex,11,2024-11-12,Financial Modeling Assessment,9
61905219,market analysis,economics,survey,Complex,8,2025-09-28,Market Analysis Survey,8
61905220,content marketing,marketing,registration,Moderate,6,2024-12-24,Content Marketing Registration,4
61905221,social media,marketing,assessment,Moderate,7,2024-10-27,Social Media Assessment,8
61905222,market analysis,economics,survey,Moderate,14,2025-06-24,Market Analysis Survey,5
61905223,web development,it,survey,Complex,11,2025-08-25,Web Development Survey,10
61905224,portfolio management,economics,application,Simple,15,2025-01-31,Portfolio Management Application,12
61905225,content marketing,marketing,assessment,Complex,11,2025-07-23,Content Marketing Assessment,6
61905226,financial modeling,economics,application,Moderate,15,2025-02-15,Financial Modeling Application,11
61905227,digital marketing,marketing,application,Simple,10,2025-08-25,Digital Marketing Application,4
61905228,cybersecurity,it,survey,Moderate,9,2025-01-09,Cybersecurity Survey,11
61905229,portfolio management,economics,registration,Simple,6,2024-10-25,Portfolio Management Registration,10
61905230,financial modeling,economics,survey,Simple,7,2025-01-26,Financial Modeling Survey,5
61905231,content marketing,marketing,application,Complex,8,2025-09-14,Content Marketing Application,10
61905232,content marketing,marketing,application,Complex,15,2024-12-28,Content Marketing Application,8
61905233,web development,it,assessment,Simple,5,2025-01-27,Web Development Assessment,5
61905234,content marketing,marketing,survey,Moderate,13,2025-05-03,Content Marketing Survey,4
61905235,social media,marketing,survey,Complex,6,2025-07-15,Social Media Survey,12
61905236,machine learning,it,registration,Simple,11,2025-09-03,Machine Learning Registration,12
61905237,data science,it,survey,Moderate,8,2024-11-13,Data Science Survey,10
61905238,cybersecurity,it,assessment,Moderate,5,2025-03-30,Cybersecurity Assessment,5
61905239,cybersecurity,it,registration,Complex,11,2024-11-28,Cybersecurity Registration,8
61905240,market analysis,economics,assessment,Complex,12,2025-06-17,Market Analysis Assessment,11
61905241,data science,it,application,Simple,15,2025-04-01,Data Science Application,11
61905242,content marketing,marketing,application,Moderate,13,2025-05-29,Content Marketing Application,12
61905243,web development,it,survey,Simple,5,2024-10-27,Web Development Survey,7
61905244,portfolio management,economics,assessment,Complex,11,2024-12-21,Portfolio Management Assessment,3
61905245,digital marketing,marketing,registration,Moderate,8,2025-01-30,Digital Marketing Registration,4
61905246,brand management,marketing,survey,Moderate,6,2025-01-24,Brand Management Survey,10
61905247,portfolio management,economics,survey,Complex,12,2025-05-02,Portfolio Management Survey,8
61905248,brand management,marketing,application,Simple,14,2025-04-15,Brand Management Application,12
61905249,market analysis,economics,application,Complex,14,2024-11-21,Market Analysis Application,9
61905250,social media,marketing,application,Moderate,13,2025-10-16,Social Media Application,4
61905251,market analysis,economics,registration,Simple,6,2025-03-08,Market Analysis Registration,6
61905252,cybersecurity,it,survey,Simple,9,2025-04-18,Cybersecurity Survey,9
61905253,market analysis,economics,assessment,Complex,9,2025-01-23,Market Analysis Assessment,6
61905254,brand management,marketing,application,Simple,6,2025-09-05,Brand Management Application,6
61905255,cybersecurity,it,application,Complex,7,2025-08-11,Cybersecurity Application,3
61905256,investment planning,economics,registration,Simple,7,2025-01-13,Investment Planning Registration,10
61905257,social media,marketing,application,Simple,7,2025-10-01,Social Media Application,9
61905258,cybersecurity,it,application,Complex,15,2025-07-06,Cybersecurity Application,7
61905259,financial modeling,economics,assessment,Moderate,10,2025-05-18,Financial Modeling Assessment,7
61905260,content marketing,marketing,survey,Moderate,15,2024-11-20,Content Marketing Survey,6
61905261,market analysis,economics,survey,Complex,10,2025-03-20,Market Analysis Survey,11
61905262,cybersecurity,it,application,Simple,7,2025-03-12,Cybersecurity Application,11
61905263,social media,marketing,application,Simple,8,2025-03-18,Social Media Application,5
61905264,machine learning,it,registration,Moderate,11,2025-06-03,Machine Learning Registration,6
61905265,social media,marketing,registration,Complex,9,2025-05-03,Social Media Registration,6
61905266,cloud computing,it,registration,Complex,12,2024-11-10,Cloud Computing Registration,10
61905267,market analysis,economics,application,Simple,14,2025-03-08,Market Analysis Application,8
61905268,data science,it,assessment,Simple,9,2025-05-31,Data Science Assessment,7
61905269,investment planning,economics,application,Moderate,5,2025-04-30,Investment Planning Application,9
61905270,financial modeling,economics,registration,Complex,10,2025-01-15,Financial Modeling Registration,9
61905271,machine learning,it,survey,Moderate,7,2025-05-15,Machine Learning Survey,5
61905272,content marketing,marketing,survey,Complex,9,2025-08-04,Content Marketing Survey,6
61905273,digital marketing,marketing,registration,Complex,6,2025-06-02,Digital Marketing Registration,10
61905274,content marketing,marketing,registration,Complex,15,2025-05-02,Content Marketing Registration,9
61905275,digital marketing,marketing,assessment,Simple,13,2024-11-17,Digital Marketing Assessment,4
61905276,web development,it,application,Moderate,8,2025-08-02,Web Development Application,10
61905277,social media,marketing,registration,Simple,12,2024-10-26,Social Media Registration,10
61905278,digital marketing,marketing,assessment,Simple,13,2025-08-22,Digital Marketing Assessment,10
61905279,financial modeling,economics,registration,Complex,8,2025-05-28,Financial Modeling Registration,11
61905280,content marketing,marketing,assessment,Moderate,10,2025-07-27,Content Marketing Assessment,8
61905281,financial modeling,economics,survey,Simple,9,2024-11-12,Financial Modeling Survey,8
61905282,cloud computing,it,registration,Moderate,6,2025-02-20,Cloud Computing Registration,7
61905283,digital marketing,marketing,registration,Complex,14,2024-10-25,Digital Marketing Registration,10
61905284,digital marketing,marketing,registration,Complex,10,2025-06-13,Digital Marketing Registration,4
61905285,web development,it,assessment,Complex,10,2025-09-02,Web Development Assessment,3
61905286,digital marketing,marketing,survey,Simple,7,2025-02-04,Digital Marketing Survey,6
61905287,machine learning,it,registration,Moderate,15,2025-10-10,Machine Learning Registration,6
61905288,financial modeling,economics,assessment,Moderate,12,2024-10-27,Financial Modeling Assessment,5
61905289,cybersecurity,it,survey,Simple,7,2025-07-19,Cybersecurity Survey,10
61905290,web development,it,registration,Simple,11,2025-03-23,Web Development Registration,7
61905291,digital marketing,marketing,survey,Moderate,6,2024-12-13,Digital Marketing Survey,3
61905292,content marketing,marketing,assessment,Simple,8,2024-12-16,Content Marketing Assessment,9
61905293,cloud computing,it,application,Simple,12,2025-05-17,Cloud Computing Application,5
61905294,web development,it,application,Complex,5,2025-10-04,Web Development Application,5
61905295,brand management,marketing,registration,Simple,6,2025-08-19,Brand Management Registration,8
61905296,digital marketing,marketing,registration,Complex,13,2025-10-07,Digital Marketing Registration,4
61905297,portfolio management,economics,assessment,Simple,15,2025-06-28,Portfolio Management Assessment,11
61905298,investment planning,economics,assessment,Complex,9,2025-06-16,Investment Planning Assessment,4
61905299,portfolio management,economics,survey,Simple,13,2025-05-29,Portfolio Management Survey,3
61905300,social media,marketing,registration,Simple,6,2025-02-11,Social Media Registration,4
61905301,financial modeling,economics,registration,Simple,12,2025-09-09,Financial Modeling Registration,10
61905302,brand management,marketing,survey,Complex,13,2025-02-27,Brand Management Survey,11
61905303,market analysis,economics,application,Moderate,13,2025-03-28,Market Analysis Application,8
61905304,web development,it,registration,Moderate,8,2025-07-22,Web Development Registration,10
61905305,cloud computing,it,survey,Complex,11,2025-04-10,Cloud Computing Survey,8
61905306,cybersecurity,it,registration,Simple,6,2024-10-31,Cybersecurity Registration,10
61905307,machine learning,it,survey,Moderate,14,2025-09-21,Machine Learning Survey,5
61905308,portfolio management,economics,application,Moderate,12,2025-06-05,Portfolio Management Application,7
61905309,social media,marketing,survey,Moderate,14,2025-09-15,Social Media Survey,3
61905310,web development,it,survey,Complex,10,2025-10-17,Web Development Survey,8
61905311,cybersecurity,it,assessment,Complex,11,2025-09-27,Cybersecurity Assessment,12
61905312,financial modeling,economics,assessment,Moderate,7,2025-02-07,Financial Modeling Assessment,12
61905313,web development,it,registration,Complex,9,2024-12-11,Web Development Registration,12
61905314,data science,it,application,Simple,7,2025-07-11,Data Science Application,12
61905315,digital marketing,marketing,survey,Moderate,12,2025-02-16,Digital Marketing Survey,3
61905316,brand management,marketing,application,Moderate,14,2025-09-01,Brand Management Application,10
61905317,content marketing,marketing,application,Simple,12,2025-08-16,Content Marketing Application,9
61905318,brand management,marketing,assessment,Moderate,14,2025-09-19,Brand Management Assessment,11
61905319,portfolio management,economics,application,Moderate,13,2025-04-22,Portfolio Management Application,10
61905320,market analysis,economics,assessment,Complex,13,2024-11-28,Market Analysis Assessment,5
61905321,web development,it,application,Simple,6,2025-04-23,Web Development Application,11
61905322,cybersecurity,it,assessment,Moderate,11,2025-02-06,Cybersecurity Assessment,5
61905323,web development,it,registration,Moderate,5,2024-11-15,Web Development Registration,9
61905324,market analysis,economics,survey,Simple,7,2025-06-28,Market Analysis Survey,6
61905325,web development,it,registration,Complex,12,2025-04-13,Web Development Registration,12
61905326,brand management,marketing,application,Complex,8,2025-08-23,Brand Management Application,8
61905327,machine learning,it,application,Complex,9,2025-01-07,Machine Learning Application,11
61905328,data science,it,application,Complex,7,2025-08-03,Data Science Application,7
61905329,web development,it,assessment,Simple,6,2025-05-30,Web Development Assessment,3
61905330,investment planning,economics,assessment,Simple,12,2025-07-11,Investment Planning Assessment,9
61905331,web development,it,assessment,Complex,13,2025-10-04,Web Development Assessment,6
61905332,portfolio management,economics,application,Moderate,12,2024-11-19,Portfolio Management Application,3
61905333,content marketing,marketing,survey,Simple,7,2024-12-17,Content Marketing Survey,12
61905334,machine learning,it,application,Complex,11,2025-01-08,Machine Learning Application,7
61905335,digital marketing,marketing,survey,Complex,8,2025-08-31,Digital Marketing Survey,6
61905336,content marketing,marketing,application,Moderate,12,2024-11-16,Content Marketing Application,7
61905337,data science,it,registration,Complex,10,2024-10-29,Data Science Registration,11
61905338,social media,marketing,assessment,Simple,8,2025-09-09,Social Media Assessment,12
61905339,cybersecurity,it,application,Moderate,15,2025-08-31,Cybersecurity Application,3
61905340,social media,marketing,survey,Moderate,7,2025-02-11,Social Media Survey,4
61905341,digital marketing,marketing,survey,Simple,14,2024-11-19,Digital Marketing Survey,3
61905342,cloud computing,it,assessment,Moderate,5,2024-11-23,Cloud Computing Assessment,5
61905343,machine learning,it,assessment,Complex,9,2024-12-13,Machine Learning Assessment,4
61905344,content marketing,marketing,registration,Moderate,10,2025-06-17,Content Marketing Registration,4
61905345,social media,marketing,registration,Complex,15,2025-10-13,Social Media Registration,3
61905346,digital marketing,marketing,assessment,Complex,14,2025-01-29,Digital Marketing Assessment,5
61905347,data science,it,application,Complex,10,2025-02-28,Data Science Application,8
61905348,cloud computing,it,survey,Complex,9,2024-11-19,Cloud Computing Survey,6
61905349,content marketing,marketing,survey,Moderate,7,2024-12-12,Content Marketing Survey,10
61905350,machine learning,it,assessment,Simple,11,2024-12-17,Machine Learning Assessment,6
61905351,cybersecurity,it,application,Complex,11,2024-12-24,Cybersecurity Application,9
61905352,investment planning,economics,survey,Complex,10,2025-10-17,Investment Planning Survey,10
61905353,data science,it,registration,Complex,6,2025-02-23,Data Science Registration,12
61905354,web development,it,assessment,Simple,8,2025-01-02,Web Development Assessment,8
61905355,social media,marketing,application,Complex,14,2025-06-11,Social Media Application,7
61905356,web development,it,registration,Simple,6,2025-10-21,Web Development Registration,4
61905357,digital marketing,marketing,application,Simple,12,2025-01-11,Digital Marketing Application,12
61905358,cybersecurity,it,survey,Complex,5,2025-06-15,Cybersecurity Survey,3
61905359,social media,marketing,registration,Moderate,12,2024-11-02,Social Media Registration,11
61905360,investment planning,economics,registration,Simple,5,2025-04-02,Investment Planning Registration,3
61905361,cloud computing,it,assessment,Complex,15,2025-01-04,Cloud Computing Assessment,4
61905362,content marketing,marketing,survey,Complex,11,2025-06-13,Content Marketing Survey,12
61905363,financial modeling,economics,survey,Complex,9,2025-08-05,Financial Modeling Survey,3
61905364,cybersecurity,it,registration,Moderate,14,2025-02-28,Cybersecurity Registration,5
61905365,web development,it,survey,Complex,5,2025-07-08,Web Development Survey,8
61905366,cybersecurity,it,application,Moderate,7,2024-12-10,Cybersecurity Application,3
61905367,social media,marketing,assessment,Complex,6,2025-01-17,Social Media Assessment,9
61905368,digital marketing,marketing,registration,Moderate,10,2025-02-16,Digital Marketing Registration,12
61905369,investment planning,economics,assessment,Complex,7,2025-04-07,Investment Planning Assessment,6
61905370,social media,marketing,assessment,Complex,6,2025-05-06,Social Media Assessment,3
61905371,content marketing,marketing,survey,Complex,9,2025-08-17,Content Marketing Survey,6
61905372,brand management,marketing,registration,Moderate,13,2024-12-13,Brand Management Registration,6
61905373,social media,marketing,application,Complex,15,2025-08-05,Social Media Application,6
61905374,cybersecurity,it,registration,Simple,12,2025-10-06,Cybersecurity Registration,3
61905375,content marketing,marketing,survey,Complex,14,2025-02-19,Content Marketing Survey,11
61905376,web development,it,registration,Moderate,5,2025-05-07,Web Development Registration,3
61905377,machine learning,it,registration,Simple,13,2025-08-21,Machine Learning Registration,11
61905378,investment planning,economics,survey,Simple,6,2025-07-31,Investment Planning Survey,4
61905379,financial modeling,economics,registration,Simple,7,2025-08-03,Financial Modeling Registration,11
61905380,cybersecurity,it,application,Complex,15,2024-10-27,Cybersecurity Application,12
61905381,financial modeling,economics,survey,Simple,15,2025-06-10,Financial Modeling Survey,10
61905382,investment planning,economics,application,Complex,6,2025-10-12,Investment Planning Application,7
61905383,digital marketing,marketing,survey,Moderate,12,2025-05-26,Digital Marketing Survey,8
61905384,market analysis,economics,application,Moderate,8,2024-11-28,Market Analysis Application,12
61905385,portfolio management,economics,registration,Simple,9,2024-12-31,Portfolio Management Registration,8
61905386,digital marketing,marketing,survey,Moderate,6,2025-02-09,Digital Marketing Survey,12
61905387,financial modeling,economics,registration,Complex,11,2025-03-20,Financial Modeling Registration,5
61905388,digital marketing,marketing,assessment,Complex,5,2025-08-24,Digital Marketing Assessment,10
61905389,digital marketing,marketing,assessment,Complex,14,2025-01-22,Digital Marketing Assessment,11
61905390,machine learning,it,survey,Simple,5,2024-12-11,Machine Learning Survey,3
61905391,cloud computing,it,application,Moderate,14,2025-06-13,Cloud Computing Application,4
61905392,cloud computing,it,registration,Moderate,6,2025-10-10,Cloud Computing Registration,11
61905393,brand management,marketing,survey,Moderate,11,2025-02-19,Brand Management Survey,4
61905394,financial modeling,economics,survey,Complex,6,2025-04-29,Financial Modeling Survey,3
61905395,brand management,marketing,assessment,Moderate,12,2025-09-04,Brand Management Assessment,10
61905396,market analysis,economics,registration,Complex,14,2025-05-10,Market Analysis Registration,6
61905397,market analysis,economics,registration,Simple,11,2025-04-12,Market Analysis Registration,9
61905398,machine learning,it,registration,Complex,5,2025-10-13,Machine Learning Registration,7
61905399,investment planning,economics,registration,Moderate,13,2025-04-06,Investment Planning Registration,5
61905400,machine learning,it,assessment,Simple,8,2024-12-09,Machine Learning Assessment,3
61905401,content marketing,marketing,survey,Complex,14,2025-04-14,Content Marketing Survey,6
61905402,cloud computing,it,application,Simple,13,2024-12-17,Cloud Computing Application,5
61905403,financial modeling,economics,assessment,Moderate,6,2025-04-26,Financial Modeling Assessment,7
61905404,web development,it,application,Complex,7,2024-11-02,Web Development Application,4
61905405,digital marketing,marketing,registration,Complex,14,2025-10-13,Digital Marketing Registration,12
61905406,financial modeling,economics,application,Simple,5,2025-08-09,Financial Modeling Application,9
61905407,social media,marketing,survey,Simple,5,2025-01-11,Social Media Survey,9
61905408,investment planning,economics,application,Moderate,10,2025-09-09,Investment Planning Application,3
61905409,web development,it,assessment,Moderate,14,2025-02-12,Web Development Assessment,4
61905410,brand management,marketing,survey,Moderate,14,2025-06-15,Brand Management Survey,8
61905411,cybersecurity,it,assessment,Moderate,15,2024-11-14,Cybersecurity Assessment,6
61905412,brand management,marketing,application,Moderate,11,2025-02-25,Brand Management Application,11
61905413,investment planning,economics,survey,Complex,5,2025-04-19,Investment Planning Survey,10
61905414,social media,marketing,survey,Complex,15,2025-01-19,Social Media Survey,6
61905415,digital marketing,marketing,assessment,Complex,6,2025-02-11,Digital Marketing Assessment,12
61905416,investment planning,economics,survey,Simple,11,2024-12-21,Investment Planning Survey,5
61905417,machine learning,it,survey,Simple,12,2025-06-30,Machine Learning Survey,4
61905418,financial modeling,economics,registration,Moderate,15,2025-07-23,Financial Modeling Registration,4
61905419,digital marketing,marketing,registration,Complex,14,2024-12-17,Digital Marketing Registration,9
61905420,cybersecurity,it,registration,Moderate,6,2025-09-13,Cybersecurity Registration,4
61905421,cybersecurity,it,registration,Complex,7,2025-03-22,Cybersecurity Registration,8
61905422,portfolio management,economics,registration,Simple,14,2025-10-10,Portfolio Management Registration,3
61905423,web development,it,assessment,Moderate,12,2025-10-24,Web Development Assessment,12
61905424,market analysis,economics,survey,Complex,14,2025-10-18,Market Analysis Survey,5
61905425,content marketing,marketing,registration,Moderate,6,2025-03-28,Content Marketing Registration,8
61905426,financial modeling,economics,survey,Simple,13,2025-01-11,Financial Modeling Survey,4
61905427,data science,it,registration,Simple,9,2025-06-26,Data Science Registration,7
61905428,social media,marketing,application,Simple,12,2025-07-19,Social Media Application,9
61905429,content marketing,marketing,application,Complex,6,2025-02-15,Content Marketing Application,9
61905430,portfolio management,economics,application,Moderate,15,2025-10-02,Portfolio Management Application,4
61905431,brand management,marketing,registration,Simple,5,2025-05-29,Brand Management Registration,10
61905432,cloud computing,it,registration,Simple,8,2025-10-22,Cloud Computing Registration,6
61905433,digital marketing,marketing,registration,Simple,8,2024-12-04,Digital Marketing Registration,4
61905434,investment planning,economics,assessment,Complex,11,2024-11-01,Investment Planning Assessment,5
61905435,market analysis,economics,application,Simple,8,2025-09-14,Market Analysis Application,4
61905436,content marketing,marketing,application,Moderate,12,2025-07-08,Content Marketing Application,12
61905437,portfolio management,economics,assessment,Moderate,9,2025-08-24,Portfolio Management Assessment,12
61905438,content marketing,marketing,assessment,Moderate,6,2024-11-25,Content Marketing Assessment,5
61905439,digital marketing,marketing,application,Complex,14,2024-11-23,Digital Marketing Application,11
61905440,digital marketing,marketing,registration,Complex,8,2024-12-26,Digital Marketing Registration,10
61905441,financial modeling,economics,survey,Moderate,13,2025-08-14,Financial Modeling Survey,3
61905442,content marketing,marketing,registration,Moderate,12,2024-11-16,Content Marketing Registration,9
61905443,financial modeling,economics,assessment,Moderate,10,2025-06-26,Financial Modeling Assessment,5
61905444,cloud computing,it,survey,Moderate,10,2025-04-23,Cloud Computing Survey,6
61905445,machine learning,it,registration,Simple,11,2025-10-09,Machine Learning Registration,8
61905446,cloud computing,it,assessment,Complex,6,2025-08-16,Cloud Computing Assessment,11
61905447,digital marketing,marketing,assessment,Complex,9,2025-08-22,Digital Marketing Assessment,10
61905448,investment planning,economics,application,Moderate,9,2025-10-10,Investment Planning Application,4
61905449,machine learning,it,registration,Simple,11,2025-08-29,Machine Learning Registration,3
61905450,web development,it,application,Simple,7,2025-10-16,Web Development Application,11
61905451,machine learning,it,registration,Complex,12,2024-12-21,Machine Learning Registration,10
61905452,content marketing,marketing,registration,Complex,8,2025-01-29,Content Marketing Registration,4
61905453,machine learning,it,application,Moderate,8,2025-02-06,Machine Learning Application,3
61905454,social media,marketing,application,Complex,15,2025-10-01,Social Media Application,6
61905455,content marketing,marketing,assessment,Moderate,5,2025-06-21,Content Marketing Assessment,6
61905456,social media,marketing,registration,Simple,7,2025-07-01,Social Media Registration,5
61905457,content marketing,marketing,application,Moderate,12,2025-02-04,Content Marketing Application,7
61905458,web development,it,application,Moderate,9,2025-03-27,Web Development Application,11
61905459,cloud computing,it,assessment,Moderate,13,2025-05-12,Cloud Computing Assessment,5
61905460,financial modeling,economics,registration,Moderate,6,2025-01-17,Financial Modeling Registration,3
61905461,data science,it,survey,Moderate,11,2024-11-10,Data Science Survey,7
61905462,machine learning,it,assessment,Moderate,9,2025-02-25,Machine Learning Assessment,4
61905463,machine learning,it,registration,Moderate,7,2025-07-18,Machine Learning Registration,11
61905464,market analysis,economics,application,Complex,8,2024-11-20,Market Analysis Application,12
61905465,brand management,marketing,assessment,Moderate,7,2025-03-23,Brand Management Assessment,7
61905466,content marketing,marketing,survey,Simple,5,2025-08-24,Content Marketing Survey,11
61905467,financial modeling,economics,assessment,Moderate,15,2025-08-24,Financial Modeling Assessment,12
61905468,content marketing,marketing,registration,Simple,15,2025-10-01,Content Marketing Registration,5
61905469,brand management,marketing,assessment,Simple,11,2025-07-20,Brand Management Assessment,11
61905470,social media,marketing,application,Moderate,13,2024-11-14,Social Media Application,12
61905471,brand management,marketing,survey,Simple,5,2024-12-26,Brand Management Survey,8
61905472,machine learning,it,registration,Moderate,11,2025-06-02,Machine Learning Registration,12
61905473,financial modeling,economics,application,Moderate,13,2024-12-28,Financial Modeling Application,7
61905474,content marketing,marketing,survey,Simple,9,2024-11-09,Content Marketing Survey,5
61905475,digital marketing,marketing,survey,Simple,10,2025-07-26,Digital Marketing Survey,3
61905476,data science,it,assessment,Complex,9,2025-08-17,Data Science Assessment,4
61905477,machine learning,it,registration,Simple,13,2025-07-17,Machine Learning Registration,11
61905478,social media,marketing,assessment,Complex,6,2025-09-28,Social Media Assessment,8
61905479,digital marketing,marketing,assessment,Complex,9,2025-01-30,Digital Marketing Assessment,4
61905480,social media,marketing,survey,Simple,14,2025-05-08,Social Media Survey,10
61905481,data science,it,registration,Moderate,10,2025-06-14,Data Science Registration,11
61905482,digital marketing,marketing,survey,Complex,7,2025-02-07,Digital Marketing Survey,6
61905483,data science,it,assessment,Moderate,9,2025-02-03,Data Science Assessment,11
61905484,cybersecurity,it,application,Moderate,13,2024-11-13,Cybersecurity Application,6
61905485,data science,it,survey,Simple,15,2024-12-10,Data Science Survey,7
61905486,social media,marketing,assessment,Simple,12,2025-03-24,Social Media Assessment,3
61905487,digital marketing,marketing,registration,Moderate,5,2025-01-05,Digital Marketing Registration,9
61905488,machine learning,it,survey,Moderate,15,2025-09-19,Machine Learning Survey,3
61905489,portfolio management,economics,survey,Simple,14,2025-01-18,Portfolio Management Survey,11
61905490,brand management,marketing,registration,Moderate,13,2024-11-23,Brand Management Registration,4
61905491,financial modeling,economics,application,Simple,14,2025-03-28,Financial Modeling Application,10
61905492,content marketing,marketing,application,Moderate,13,2024-10-28,Content Marketing Application,9
61905493,content marketing,marketing,application,Complex,7,2024-10-26,Content Marketing Application,9
61905494,market analysis,economics,application,Complex,14,2025-08-18,Market Analysis Application,3
61905495,content marketing,marketing,survey,Moderate,11,2025-08-27,Content Marketing Survey,3
61905496,cybersecurity,it,application,Simple,12,2025-01-24,Cybersecurity Application,6
61905497,machine learning,it,registration,Simple,13,2025-06-17,Machine Learning Registration,9
61905498,machine learning,it,assessment,Simple,11,2025-08-26,Machine Learning Assessment,9
61905499,data science,it,registration,Moderate,11,2025-08-07,Data Science Registration,8
61905500,cloud computing,it,registration,Simple,10,2024-11-24,Cloud Computing Registration,6
61905501,machine learning,it,assessment,Moderate,5,2025-05-04,Machine Learning Assessment,12
61905502,financial modeling,economics,registration,Complex,6,2025-02-09,Financial Modeling Registration,11
61905503,machine learning,it,registration,Complex,7,2025-01-21,Machine Learning Registration,4
61905504,machine learning,it,registration,Complex,13,2025-10-04,Machine Learning Registration,8
61905505,investment planning,economics,survey,Simple,10,2024-12-29,Investment Planning Survey,7
61905506,content marketing,marketing,registration,Moderate,13,2024-11-17,Content Marketing Registration,11
61905507,cybersecurity,it,survey,Complex,8,2024-11-16,Cybersecurity Survey,10
61905508,data science,it,assessment,Simple,9,2025-09-16,Data Science Assessment,3
61905509,cloud computing,it,application,Complex,7,2025-06-03,Cloud Computing Application,10
61905510,data science,it,application,Moderate,8,2025-10-10,Data Science Application,11
61905511,financial modeling,economics,survey,Complex,14,2024-12-09,Financial Modeling Survey,5
61905512,investment planning,economics,assessment,Simple,12,2025-07-21,Investment Planning Assessment,7
61905513,financial modeling,economics,survey,Simple,11,2025-01-29,Financial Modeling Survey,12
61905514,digital marketing,marketing,application,Simple,14,2025-03-10,Digital Marketing Application,12
61905515,portfolio management,economics,registration,Simple,7,2025-03-22,Portfolio Management Registration,12
61905516,social media,marketing,survey,Moderate,13,2025-10-01,Social Media Survey,10
61905517,cybersecurity,it,assessment,Moderate,7,2025-05-30,Cybersecurity Assessment,10
61905518,digital marketing,marketing,application,Complex,14,2025-02-28,Digital Marketing Application,10
61905519,content marketing,marketing,assessment,Moderate,7,2024-11-07,Content Marketing Assessment,7
61905520,machine learning,it,registration,Moderate,10,2025-06-20,Machine Learning Registration,7
61905521,brand management,marketing,survey,Moderate,15,2025-01-31,Brand Management Survey,8
61905522,digital marketing,marketing,assessment,Simple,14,2025-06-27,Digital Marketing Assessment,4
61905523,social media,marketing,application,Complex,8,2025-10-21,Social Media Application,8
61905524,machine learning,it,assessment,Moderate,12,2025-01-23,Machine Learning Assessment,5
61905525,digital marketing,marketing,application,Simple,10,2024-12-13,Digital Marketing Application,3
61905526,market analysis,economics,registration,Simple,15,2025-09-18,Market Analysis Registration,11
61905527,data science,it,survey,Complex,12,2025-03-01,Data Science Survey,5
61905528,social media,marketing,assessment,Moderate,15,2025-08-13,Social Media Assessment,6
61905529,machine learning,it,application,Moderate,8,2025-04-16,Machine Learning Application,6
61905530,brand management,marketing,survey,Simple,9,2025-09-21,Brand Management Survey,11
61905531,financial modeling,economics,application,Complex,13,2025-06-16,Financial Modeling Application,12
61905532,digital marketing,marketing,assessment,Moderate,9,2025-06-06,Digital Marketing Assessment,4
61905533,portfolio management,economics,survey,Simple,12,2025-10-05,Portfolio Management Survey,3
61905534,digital marketing,marketing,assessment,Complex,14,2024-11-08,Digital Marketing Assessment,8
61905535,machine learning,it,assessment,Complex,9,2024-11-05,Machine Learning Assessment,6
61905536,content marketing,marketing,application,Simple,6,2025-08-16,Content Marketing Application,7
61905537,social media,marketing,assessment,Simple,11,2025-10-11,Social Media Assessment,3
61905538,investment planning,economics,assessment,Moderate,6,2025-06-20,Investment Planning Assessment,12
61905539,content marketing,marketing,registration,Moderate,6,2025-01-06,Content Marketing Registration,4
61905540,portfolio management,economics,registration,Simple,6,2024-12-28,Portfolio Management Registration,5
61905541,cloud computing,it,application,Complex,5,2024-12-08,Cloud Computing Application,7
61905542,investment planning,economics,application,Complex,8,2025-01-19,Investment Planning Application,12
61905543,data science,it,registration,Moderate,7,2025-10-14,Data Science Registration,6
61905544,social media,marketing,survey,Simple,13,2025-10-23,Social Media Survey,11
61905545,cloud computing,it,assessment,Moderate,15,2024-11-19,Cloud Computing Assessment,11
61905546,cloud computing,it,application,Simple,8,2025-10-21,Cloud Computing Application,12
61905547,digital marketing,marketing,application,Complex,5,2025-02-09,Digital Marketing Application,11
61905548,financial modeling,economics,application,Complex,9,2025-08-02,Financial Modeling Application,5
61905549,social media,marketing,survey,Simple,15,2025-08-23,Social Media Survey,7
61905550,financial modeling,economics,assessment,Complex,10,2025-05-10,Financial Modeling Assessment,7
61905551,cybersecurity,it,survey,Moderate,6,2025-09-30,Cybersecurity Survey,6
61905552,social media,marketing,assessment,Simple,6,2025-08-10,Social Media Assessment,9
61905553,machine learning,it,survey,Complex,13,2024-12-27,Machine Learning Survey,10
61905554,brand management,marketing,registration,Simple,10,2025-10-08,Brand Management Registration,8
61905555,content marketing,marketing,application,Moderate,13,2025-07-25,Content Marketing Application,7
61905556,cloud computing,it,registration,Moderate,12,2024-12-17,Cloud Computing Registration,3
61905557,digital marketing,marketing,registration,Moderate,13,2025-08-02,Digital Marketing Registration,12
61905558,financial modeling,economics,registration,Complex,6,2025-01-21,Financial Modeling Registration,8
61905559,data science,it,survey,Simple,6,2025-01-02,Data Science Survey,6
61905560,digital marketing,marketing,assessment,Moderate,8,2025-07-31,Digital Marketing Assessment,3
61905561,portfolio management,economics,registration,Complex,11,2024-11-22,Portfolio Management Registration,11
61905562,digital marketing,marketing,application,Complex,13,2025-03-29,Digital Marketing Application,11
61905563,portfolio management,economics,assessment,Simple,12,2025-08-17,Portfolio Management Assessment,9
61905564,machine learning,it,survey,Moderate,6,2025-05-22,Machine Learning Survey,6
61905565,financial modeling,economics,registration,Moderate,8,2024-12-03,Financial Modeling Registration,4
61905566,web development,it,assessment,Moderate,9,2025-06-02,Web Development Assessment,4
61905567,portfolio management,economics,survey,Moderate,14,2025-03-04,Portfolio Management Survey,8
61905568,investment planning,economics,registration,Complex,7,2025-06-27,Investment Planning Registration,10
61905569,content marketing,marketing,application,Complex,7,2025-06-11,Content Marketing Application,6
61905570,financial modeling,economics,registration,Moderate,15,2025-09-25,Financial Modeling Registration,8
61905571,investment planning,economics,application,Moderate,11,2025-04-30,Investment Planning Application,6
61905572,digital marketing,marketing,registration,Complex,11,2025-05-30,Digital Marketing Registration,10
61905573,digital marketing,marketing,application,Complex,11,2025-09-22,Digital Marketing Application,4
61905574,web development,it,application,Simple,8,2025-02-01,Web Development Application,6
61905575,market analysis,economics,registration,Moderate,9,2025-02-12,Market Analysis Registration,5
61905576,web development,it,assessment,Moderate,7,2025-08-15,Web Development Assessment,8
61905577,cybersecurity,it,assessment,Simple,10,2025-04-02,Cybersecurity Assessment,9
61905578,data science,it,assessment,Complex,15,2025-02-27,Data Science Assessment,8
61905579,machine learning,it,assessment,Moderate,5,2025-03-11,Machine Learning Assessment,4
61905580,investment planning,economics,registration,Simple,11,2024-12-09,Investment Planning Registration,3
61905581,financial modeling,economics,survey,Complex,6,2025-04-03,Financial Modeling Survey,6
61905582,content marketing,marketing,application,Simple,10,2025-07-27,Content Marketing Application,5
61905583,social media,marketing,registration,Complex,8,2025-04-06,Social Media Registration,10
61905584,portfolio management,economics,assessment,Complex,5,2025-01-28,Portfolio Management Assessment,10
61905585,market analysis,economics,assessment,Complex,8,2025-07-05,Market Analysis Assessment,12
61905586,brand management,marketing,survey,Moderate,13,2025-09-11,Brand Management Survey,7
61905587,cloud computing,it,assessment,Simple,8,2024-11-26,Cloud Computing Assessment,5
61905588,social media,marketing,registration,Moderate,7,2025-05-16,Social Media Registration,5
61905589,digital marketing,marketing,application,Complex,5,2025-06-29,Digital Marketing Application,8
61905590,web development,it,application,Simple,15,2024-11-05,Web Development Application,9
61905591,investment planning,economics,registration,Simple,9,2025-09-13,Investment Planning Registration,5
61905592,web development,it,assessment,Moderate,13,2025-04-01,Web Development Assessment,5
61905593,content marketing,marketing,assessment,Complex,14,2025-05-02,Content Marketing Assessment,9
61905594,market analysis,economics,survey,Simple,5,2025-10-06,Market Analysis Survey,10
61905595,content marketing,marketing,application,Moderate,11,2025-05-05,Content Marketing Application,8
61905596,machine learning,it,survey,Simple,15,2025-07-30,Machine Learning Survey,6
61905597,brand management,marketing,application,Simple,14,2025-03-01,Brand Management Application,4
61905598,cloud computing,it,survey,Complex,13,2025-03-25,Cloud Computing Survey,11
61905599,machine learning,it,application,Moderate,8,2024-11-09,Machine Learning Application,10
61905600,web development,it,survey,Simple,5,2025-09-05,Web Development Survey,5
61905601,portfolio management,economics,application,Complex,15,2025-05-01,Portfolio Management Application,8
61905602,market analysis,economics,registration,Simple,9,2025-02-05,Market Analysis Registration,4
61905603,investment planning,economics,survey,Complex,11,2025-09-24,Investment Planning Survey,11
61905604,portfolio management,economics,assessment,Complex,12,2025-04-07,Portfolio Management Assessment,7
61905605,cloud computing,it,survey,Simple,8,2024-12-23,Cloud Computing Survey,3
61905606,portfolio management,economics,assessment,Complex,11,2025-07-21,Portfolio Management Assessment,4
61905607,content marketing,marketing,application,Moderate,5,2025-02-27,Content Marketing Application,6
61905608,data science,it,assessment,Simple,10,2025-06-20,Data Science Assessment,5
61905609,investment planning,economics,assessment,Moderate,11,2025-01-27,Investment Planning Assessment,8
61905610,cybersecurity,it,registration,Simple,5,2025-04-16,Cybersecurity Registration,5
61905611,cybersecurity,it,application,Moderate,9,2025-06-08,Cybersecurity Application,10
61905612,cybersecurity,it,assessment,Simple,8,2025-04-08,Cybersecurity Assessment,6
61905613,brand management,marketing,application,Complex,8,2025-03-03,Brand Management Application,10
61905614,machine learning,it,application,Simple,13,2025-02-22,Machine Learning Application,11
61905615,market analysis,economics,registration,Complex,12,2025-05-30,Market Analysis Registration,9
61905616,cybersecurity,it,assessment,Moderate,8,2024-12-19,Cybersecurity Assessment,6
61905617,social media,marketing,survey,Simple,5,2025-01-14,Social Media Survey,11
61905618,digital marketing,marketing,registration,Complex,8,2025-07-01,Digital Marketing Registration,7
61905619,cloud computing,it,application,Simple,6,2025-02-02,Cloud Computing Application,9
61905620,social media,marketing,registration,Moderate,5,2024-12-05,Social Media Registration,12
61905621,cloud computing,it,assessment,Moderate,9,2025-03-03,Cloud Computing Assessment,3
61905622,web development,it,survey,Complex,8,2025-05-17,Web Development Survey,9
61905623,portfolio management,economics,application,Simple,9,2025-07-16,Portfolio Management Application,5
61905624,social media,marketing,registration,Moderate,5,2025-07-14,Social Media Registration,10
61905625,social media,marketing,registration,Simple,5,2025-04-02,Social Media Registration,7
61905626,web development,it,application,Simple,11,2025-08-30,Web Development Application,4
61905627,digital marketing,marketing,application,Complex,14,2025-02-07,Digital Marketing Application,6
61905628,social media,marketing,registration,Moderate,8,2025-08-21,Social Media Registration,3
61905629,machine learning,it,assessment,Simple,6,2024-12-18,Machine Learning Assessment,10
61905630,brand management,marketing,survey,Moderate,7,2025-06-02,Brand Management Survey,3
61905631,web development,it,survey,Moderate,15,2024-12-03,Web Development Survey,11
61905632,market analysis,economics,application,Simple,9,2025-10-16,Market Analysis Application,10
61905633,market analysis,economics,application,Complex,7,2025-04-30,Market Analysis Application,4
61905634,machine learning,it,survey,Simple,6,2025-05-15,Machine Learning Survey,9
61905635,portfolio management,economics,assessment,Complex,6,2024-11-23,Portfolio Management Assessment,9
61905636,brand management,marketing,application,Complex,5,2025-04-08,Brand Management Application,9
61905637,data science,it,registration,Complex,12,2025-05-03,Data Science Registration,4
61905638,social media,marketing,application,Moderate,8,2025-03-05,Social Media Application,8
61905639,brand management,marketing,application,Moderate,5,2025-05-22,Brand Management Application,3
61905640,social media,marketing,application,Simple,15,2024-12-14,Social Media Application,10
61905641,market analysis,economics,application,Moderate,8,2025-08-24,Market Analysis Application,8
61905642,web development,it,assessment,Moderate,12,2025-08-19,Web Development Assessment,9
61905643,digital marketing,marketing,registration,Simple,15,2025-07-10,Digital Marketing Registration,6
61905644,web development,it,survey,Moderate,11,2025-02-05,Web Development Survey,4
61905645,cybersecurity,it,registration,Simple,11,2025-03-09,Cybersecurity Registration,3
61905646,portfolio management,economics,survey,Complex,6,2025-05-23,Portfolio Management Survey,3
61905647,brand management,marketing,registration,Complex,15,2025-01-10,Brand Management Registration,4
61905648,data science,it,application,Complex,9,2025-01-11,Data Science Application,7
61905649,investment planning,economics,survey,Moderate,12,2024-12-05,Investment Planning Survey,12
61905650,data science,it,assessment,Moderate,13,2025-03-16,Data Science Assessment,3
61905651,financial modeling,economics,application,Moderate,12,2025-03-16,Financial Modeling Application,12
61905652,social media,marketing,survey,Moderate,6,2025-01-16,Social Media Survey,3
61905653,digital marketing,marketing,registration,Complex,10,2024-11-18,Digital Marketing Registration,9
61905654,cybersecurity,it,application,Complex,14,2025-10-20,Cybersecurity Application,3
61905655,brand management,marketing,survey,Moderate,9,2025-04-02,Brand Management Survey,5
61905656,cybersecurity,it,application,Moderate,11,2025-01-03,Cybersecurity Application,3
61905657,social media,marketing,survey,Simple,14,2025-10-04,Social Media Survey,4
61905658,social media,marketing,registration,Complex,9,2024-10-28,Social Media Registration,3
61905659,investment planning,economics,survey,Complex,6,2025-10-05,Investment Planning Survey,8
61905660,portfolio management,economics,application,Moderate,5,2024-10-29,Portfolio Management Application,8
61905661,financial modeling,economics,assessment,Simple,9,2025-09-08,Financial Modeling Assessment,4
61905662,investment planning,economics,survey,Moderate,13,2025-03-05,Investment Planning Survey,8
61905663,cloud computing,it,survey,Simple,5,2025-08-13,Cloud Computing Survey,10
61905664,content marketing,marketing,survey,Complex,9,2025-09-27,Content Marketing Survey,9
61905665,data science,it,assessment,Moderate,15,2025-02-10,Data Science Assessment,11
61905666,investment planning,economics,assessment,Complex,14,2025-06-12,Investment Planning Assessment,12
61905667,digital marketing,marketing,assessment,Moderate,5,2025-04-29,Digital Marketing Assessment,3
61905668,social media,marketing,survey,Moderate,6,2025-05-31,Social Media Survey,3
61905669,machine learning,it,application,Complex,9,2025-09-19,Machine Learning Application,9
61905670,digital marketing,marketing,registration,Complex,10,2025-09-02,Digital Marketing Registration,12
61905671,brand management,marketing,survey,Complex,9,2025-03-13,Brand Management Survey,3
61905672,social media,marketing,registration,Complex,9,2025-01-27,Social Media Registration,3
61905673,data science,it,application,Moderate,13,2024-12-25,Data Science Application,6
61905674,content marketing,marketing,survey,Moderate,15,2025-02-15,Content Marketing Survey,8
61905675,machine learning,it,survey,Simple,5,2024-11-29,Machine Learning Survey,8
61905676,web development,it,survey,Complex,6,2025-01-31,Web Development Survey,7
61905677,cybersecurity,it,application,Complex,9,2025-04-30,Cybersecurity Application,10
61905678,cybersecurity,it,registration,Complex,10,2025-02-24,Cybersecurity Registration,4
61905679,cybersecurity,it,survey,Moderate,6,2025-08-31,Cybersecurity Survey,9
61905680,content marketing,marketing,survey,Simple,14,2025-07-10,Content Marketing Survey,10
61905681,market analysis,economics,application,Simple,5,2025-01-05,Market Analysis Application,6
61905682,web development,it,assessment,Complex,10,2025-01-12,Web Development Assessment,6
61905683,social media,marketing,application,Moderate,7,2025-07-17,Social Media Application,6
61905684,investment planning,economics,application,Complex,8,2025-08-06,Investment Planning Application,12
61905685,web development,it,survey,Moderate,15,2025-02-25,Web Development Survey,6
61905686,web development,it,assessment,Complex,7,2024-12-16,Web Development Assessment,10
61905687,content marketing,marketing,application,Simple,13,2025-03-23,Content Marketing Application,9
61905688,content marketing,marketing,registration,Moderate,10,2025-04-06,Content Marketing Registration,4
61905689,brand management,marketing,assessment,Simple,12,2025-06-03,Brand Management Assessment,10
61905690,social media,marketing,assessment,Complex,8,2025-06-20,Social Media Assessment,12
61905691,cloud computing,it,application,Complex,13,2025-06-16,Cloud Computing Application,11
61905692,cloud computing,it,registration,Moderate,9,2025-07-05,Cloud Computing Registration,10
61905693,data science,it,survey,Simple,10,2025-01-19,Data Science Survey,7
61905694,cybersecurity,it,assessment,Moderate,7,2025-03-03,Cybersecurity Assessment,12
61905695,brand management,marketing,application,Moderate,11,2025-02-06,Brand Management Application,3
61905696,data science,it,assessment,Complex,14,2025-08-29,Data Science Assessment,7
61905697,content marketing,marketing,assessment,Moderate,11,2025-04-28,Content Marketing Assessment,6
61905698,digital marketing,marketing,survey,Moderate,9,2025-07-24,Digital Marketing Survey,4
61905699,data science,it,registration,Moderate,8,2025-09-08,Data Science Registration,9
61905700,machine learning,it,survey,Simple,9,2024-12-12,Machine Learning Survey,5
61905701,brand management,marketing,assessment,Simple,6,2024-12-05,Brand Management Assessment,3
61905702,cloud computing,it,application,Simple,5,2025-02-18,Cloud Computing Application,9
61905703,digital marketing,marketing,registration,Complex,9,2025-01-25,Digital Marketing Registration,4
61905704,machine learning,it,registration,Moderate,7,2025-06-23,Machine Learning Registration,5
61905705,social media,marketing,application,Simple,10,2025-05-09,Social Media Application,11
61905706,brand management,marketing,registration,Moderate,5,2024-11-03,Brand Management Registration,7
61905707,financial modeling,economics,application,Complex,9,2025-07-28,Financial Modeling Application,11
61905708,web development,it,survey,Simple,15,2025-01-24,Web Development Survey,11
61905709,investment planning,economics,survey,Complex,5,2025-07-03,Investment Planning Survey,9
61905710,data science,it,survey,Simple,8,2025-08-21,Data Science Survey,11
61905711,social media,marketing,registration,Simple,5,2024-11-10,Social Media Registration,3
61905712,data science,it,registration,Moderate,14,2024-11-11,Data Science Registration,10
61905713,brand management,marketing,assessment,Moderate,14,2025-07-23,Brand Management Assessment,4
61905714,investment planning,economics,assessment,Complex,14,2024-12-21,Investment Planning Assessment,3
61905715,social media,marketing,survey,Simple,15,2025-07-07,Social Media Survey,12
61905716,content marketing,marketing,assessment,Moderate,15,2025-01-25,Content Marketing Assessment,4
61905717,market analysis,economics,assessment,Simple,14,2025-03-20,Market Analysis Assessment,4
61905718,investment planning,economics,survey,Complex,8,2024-12-05,Investment Planning Survey,3
61905719,data science,it,registration,Complex,6,2025-08-25,Data Science Registration,9
61905720,financial modeling,economics,assessment,Complex,7,2025-05-31,Financial Modeling Assessment,4
61905721,market analysis,economics,survey,Complex,9,2024-12-03,Market Analysis Survey,10
61905722,portfolio management,economics,application,Simple,13,2024-10-27,Portfolio Management Application,6
61905723,digital marketing,marketing,registration,Complex,12,2025-05-21,Digital Marketing Registration,4
61905724,market analysis,economics,application,Complex,12,2025-01-27,Market Analysis Application,3
61905725,cloud computing,it,application,Complex,10,2024-10-28,Cloud Computing Application,5
61905726,digital marketing,marketing,assessment,Simple,12,2025-08-12,Digital Marketing Assessment,9
61905727,financial modeling,economics,assessment,Moderate,13,2025-09-16,Financial Modeling Assessment,7
61905728,financial modeling,economics,survey,Complex,11,2025-03-27,Financial Modeling Survey,10
61905729,market analysis,economics,assessment,Complex,7,2024-12-27,Market Analysis Assessment,9
61905730,portfolio management,economics,assessment,Moderate,6,2025-07-01,Portfolio Management Assessment,10
61905731,market analysis,economics,survey,Complex,9,2025-06-09,Market Analysis Survey,5
61905732,portfolio management,economics,survey,Complex,11,2025-05-25,Portfolio Management Survey,7
61905733,web development,it,application,Moderate,7,2025-08-19,Web Development Application,3
61905734,cybersecurity,it,survey,Simple,11,2025-07-19,Cybersecurity Survey,11
61905735,digital marketing,marketing,survey,Moderate,12,2025-05-01,Digital Marketing Survey,7
61905736,financial modeling,economics,survey,Complex,8,2025-07-11,Financial Modeling Survey,8
61905737,machine learning,it,assessment,Simple,15,2025-10-18,Machine Learning Assessment,4
61905738,machine learning,it,application,Simple,10,2024-11-05,Machine Learning Application,11
61905739,web development,it,application,Moderate,9,2025-06-19,Web Development Application,10
61905740,web development,it,survey,Moderate,5,2025-04-17,Web Development Survey,10
61905741,brand management,marketing,assessment,Complex,9,2025-02-23,Brand Management Assessment,7
61905742,data science,it,assessment,Complex,9,2025-02-07,Data Science Assessment,10
61905743,brand management,marketing,survey,Simple,7,2025-10-24,Brand Management Survey,12
61905744,web development,it,assessment,Moderate,10,2025-03-06,Web Development Assessment,8
61905745,data science,it,registration,Moderate,15,2025-09-28,Data Science Registration,9
61905746,social media,marketing,assessment,Moderate,13,2024-12-08,Social Media Assessment,10
61905747,financial modeling,economics,survey,Complex,14,2025-10-10,Financial Modeling Survey,6
61905748,cloud computing,it,assessment,Simple,14,2025-05-05,Cloud Computing Assessment,7
61905749,machine learning,it,application,Moderate,13,2025-07-21,Machine Learning Application,6
61905750,financial modeling,economics,survey,Moderate,10,2025-06-24,Financial Modeling Survey,8
61905751,social media,marketing,registration,Simple,10,2024-11-12,Social Media Registration,3
61905752,brand management,marketing,assessment,Simple,8,2024-11-11,Brand Management Assessment,9
61905753,machine learning,it,assessment,Simple,14,2025-07-08,Machine Learning Assessment,3
61905754,portfolio management,economics,survey,Moderate,6,2025-01-14,Portfolio Management Survey,8
61905755,content marketing,marketing,assessment,Simple,6,2025-07-03,Content Marketing Assessment,9
61905756,investment planning,economics,assessment,Moderate,15,2024-12-18,Investment Planning Assessment,3
61905757,content marketing,marketing,assessment,Simple,13,2025-02-26,Content Marketing Assessment,9
61905758,brand management,marketing,assessment,Moderate,11,2025-07-16,Brand Management Assessment,9
61905759,brand management,marketing,application,Moderate,15,2025-04-03,Brand Management Application,6
61905760,investment planning,economics,registration,Complex,12,2025-10-10,Investment Planning Registration,10
61905761,web development,it,registration,Complex,7,2025-08-04,Web Development Registration,7
61905762,machine learning,it,application,Complex,11,2024-12-26,Machine Learning Application,3
61905763,machine learning,it,survey,Complex,11,2025-05-09,Machine Learning Survey,7
61905764,cybersecurity,it,assessment,Simple,5,2025-06-01,Cybersecurity Assessment,9
61905765,web development,it,registration,Simple,6,2025-09-10,Web Development Registration,8
61905766,brand management,marketing,survey,Simple,11,2025-01-06,Brand Management Survey,6
61905767,data science,it,assessment,Simple,7,2025-03-09,Data Science Assessment,5
61905768,machine learning,it,application,Complex,7,2024-12-26,Machine Learning Application,4
61905769,digital marketing,marketing,application,Simple,13,2025-03-26,Digital Marketing Application,12
61905770,brand management,marketing,survey,Moderate,5,2024-12-04,Brand Management Survey,11
61905771,cloud computing,it,survey,Simple,10,2024-11-07,Cloud Computing Survey,3
61905772,portfolio management,economics,survey,Complex,6,2025-02-18,Portfolio Management Survey,6
61905773,market analysis,economics,assessment,Simple,10,2025-06-15,Market Analysis Assessment,7
61905774,social media,marketing,assessment,Complex,11,2024-11-12,Social Media Assessment,9
61905775,market analysis,economics,assessment,Moderate,12,2025-07-03,Market Analysis Assessment,4
61905776,brand management,marketing,registration,Simple,7,2025-05-23,Brand Management Registration,3
61905777,brand management,marketing,survey,Moderate,8,2025-09-17,Brand Management Survey,7
61905778,web development,it,application,Complex,7,2025-01-08,Web Development Application,11
61905779,data science,it,survey,Moderate,6,2025-01-28,Data Science Survey,7
61905780,financial modeling,economics,assessment,Moderate,11,2025-05-06,Financial Modeling Assessment,8
61905781,content marketing,marketing,assessment,Complex,5,2024-12-11,Content Marketing Assessment,10
61905782,machine learning,it,registration,Complex,11,2024-11-01,Machine Learning Registration,11
61905783,investment planning,economics,assessment,Complex,12,2025-09-23,Investment Planning Assessment,5
61905784,financial modeling,economics,application,Complex,9,2025-08-30,Financial Modeling Application,6
61905785,portfolio management,economics,application,Complex,6,2024-11-02,Portfolio Management Application,6
61905786,machine learning,it,assessment,Moderate,11,2025-01-14,Machine Learning Assessment,7
61905787,cybersecurity,it,survey,Simple,15,2025-01-25,Cybersecurity Survey,6
61905788,market analysis,economics,survey,Complex,14,2025-03-28,Market Analysis Survey,8
61905789,portfolio management,economics,assessment,Moderate,5,2025-06-29,Portfolio Management Assessment,9
61905790,brand management,marketing,registration,Simple,9,2025-01-20,Brand Management Registration,8
61905791,machine learning,it,assessment,Moderate,14,2025-07-28,Machine Learning Assessment,3
61905792,cybersecurity,it,survey,Complex,9,2025-09-29,Cybersecurity Survey,11
61905793,brand management,marketing,assessment,Complex,12,2024-11-20,Brand Management Assessment,8
61905794,machine learning,it,registration,Complex,7,2025-05-26,Machine Learning Registration,11
61905795,machine learning,it,registration,Simple,7,2025-10-18,Machine Learning Registration,9
61905796,financial modeling,economics,assessment,Complex,14,2025-02-18,Financial Modeling Assessment,9
61905797,cloud computing,it,assessment,Moderate,11,2025-09-23,Cloud Computing Assessment,9
61905798,digital marketing,marketing,registration,Simple,7,2025-04-13,Digital Marketing Registration,6
61905799,machine learning,it,application,Simple,7,2025-10-16,Machine Learning Application,4
61905800,web development,it,registration,Simple,14,2025-05-04,Web Development Registration,5
61905801,content marketing,marketing,registration,Moderate,8,2024-12-09,Content Marketing Registration,7
61905802,market analysis,economics,survey,Moderate,15,2025-07-02,Market Analysis Survey,4
61905803,social media,marketing,registration,Complex,10,2024-12-07,Social Media Registration,4
61905804,brand management,marketing,registration,Simple,7,2025-05-06,Brand Management Registration,8
61905805,market analysis,economics,application,Complex,6,2024-10-26,Market Analysis Application,11
61905806,web development,it,registration,Simple,5,2025-05-07,Web Development Registration,10
61905807,portfolio management,economics,registration,Simple,10,2025-09-19,Portfolio Management Registration,6
61905808,brand management,marketing,survey,Moderate,12,2025-04-13,Brand Management Survey,7
61905809,market analysis,economics,application,Simple,9,2025-04-16,Market Analysis Application,10
61905810,content marketing,marketing,registration,Simple,11,2025-01-17,Content Marketing Registration,6
61905811,investment planning,economics,survey,Simple,6,2024-12-27,Investment Planning Survey,4
61905812,investment planning,economics,assessment,Simple,8,2025-07-09,Investment Planning Assessment,11
61905813,financial modeling,economics,survey,Complex,5,2025-01-12,Financial Modeling Survey,7
61905814,market analysis,economics,survey,Simple,5,2025-06-08,Market Analysis Survey,11
61905815,content marketing,marketing,registration,Moderate,6,2025-01-31,Content Marketing Registration,10
61905816,digital marketing,marketing,assessment,Complex,10,2025-09-15,Digital Marketing Assessment,12
61905817,portfolio management,economics,assessment,Simple,14,2025-02-27,Portfolio Management Assessment,10
61905818,social media,marketing,registration,Moderate,15,2024-12-17,Social Media Registration,4
61905819,data science,it,application,Complex,12,2025-03-22,Data Science Application,10
61905820,portfolio management,economics,assessment,Complex,9,2025-09-25,Portfolio Management Assessment,3
61905821,cloud computing,it,registration,Simple,15,2025-02-26,Cloud Computing Registration,4
61905822,financial modeling,economics,assessment,Moderate,6,2025-09-16,Financial Modeling Assessment,7
61905823,market analysis,economics,survey,Moderate,9,2025-10-17,Market Analysis Survey,9
61905824,portfolio management,economics,registration,Complex,6,2025-01-02,Portfolio Management Registration,12
61905825,content marketing,marketing,assessment,Simple,8,2025-05-30,Content Marketing Assessment,8
61905826,content marketing,marketing,survey,Moderate,15,2025-05-11,Content Marketing Survey,9
61905827,investment planning,economics,application,Simple,10,2025-08-04,Investment Planning Application,5
61905828,portfolio management,economics,assessment,Moderate,6,2025-03-02,Portfolio Management Assessment,8
61905829,cloud computing,it,registration,Moderate,6,2025-04-18,Cloud Computing Registration,6
61905830,social media,marketing,assessment,Complex,15,2025-03-25,Social Media Assessment,11
61905831,cybersecurity,it,assessment,Complex,11,2025-07-09,Cybersecurity Assessment,6
61905832,financial modeling,economics,assessment,Simple,6,2025-05-20,Financial Modeling Assessment,10
61905833,digital marketing,marketing,application,Moderate,6,2025-05-18,Digital Marketing Application,12
61905834,brand management,marketing,survey,Complex,6,2025-09-20,Brand Management Survey,6
61905835,brand management,marketing,registration,Moderate,7,2025-09-08,Brand Management Registration,10
61905836,portfolio management,economics,registration,Simple,6,2025-06-12,Portfolio Management Registration,7
61905837,financial modeling,economics,assessment,Complex,11,2024-12-29,Financial Modeling Assessment,4
61905838,cybersecurity,it,assessment,Simple,8,2025-06-21,Cybersecurity Assessment,5
61905839,investment planning,economics,application,Moderate,15,2025-06-23,Investment Planning Application,12
61905840,financial modeling,economics,assessment,Complex,6,2025-07-19,Financial Modeling Assessment,10
61905841,machine learning,it,application,Simple,6,2025-01-15,Machine Learning Application,7
61905842,social media,marketing,registration,Moderate,8,2025-08-08,Social Media Registration,11
61905843,investment planning,economics,registration,Complex,12,2025-03-25,Investment Planning Registration,5
61905844,content marketing,marketing,survey,Moderate,13,2025-04-07,Content Marketing Survey,9
61905845,portfolio management,economics,registration,Simple,5,2025-06-08,Portfolio Management Registration,10
61905846,content marketing,marketing,application,Complex,15,2025-08-11,Content Marketing Application,10
61905847,brand management,marketing,assessment,Complex,15,2024-11-20,Brand Management Assessment,11
61905848,data science,it,application,Simple,15,2025-04-12,Data Science Application,12
61905849,investment planning,economics,application,Moderate,15,2024-12-27,Investment Planning Application,10
61905850,cloud computing,it,survey,Complex,8,2025-01-24,Cloud Computing Survey,11
61905851,digital marketing,marketing,assessment,Moderate,15,2024-11-06,Digital Marketing Assessment,10
61905852,cloud computing,it,survey,Simple,15,2025-06-20,Cloud Computing Survey,5
61905853,brand management,marketing,assessment,Moderate,15,2025-10-25,Brand Management Assessment,10
61905854,digital marketing,marketing,assessment,Moderate,6,2025-01-21,Digital Marketing Assessment,6
61905855,financial modeling,economics,registration,Complex,11,2025-06-21,Financial Modeling Registration,12
61905856,web development,it,registration,Complex,14,2025-08-08,Web Development Registration,6
61905857,financial modeling,economics,registration,Simple,13,2025-08-21,Financial Modeling Registration,11
61905858,digital marketing,marketing,application,Complex,11,2025-08-21,Digital Marketing Application,12
61905859,brand management,marketing,assessment,Complex,10,2025-09-19,Brand Management Assessment,4
61905860,social media,marketing,assessment,Simple,8,2025-06-06,Social Media Assessment,11
61905861,market analysis,economics,registration,Simple,12,2025-01-25,Market Analysis Registration,5
61905862,portfolio management,economics,registration,Complex,8,2024-11-19,Portfolio Management Registration,9
61905863,web development,it,registration,Complex,15,2025-05-17,Web Development Registration,8
61905864,content marketing,marketing,registration,Simple,15,2025-07-19,Content Marketing Registration,7
61905865,social media,marketing,registration,Complex,7,2025-06-08,Social Media Registration,5
61905866,social media,marketing,registration,Simple,14,2025-09-21,Social Media Registration,3
61905867,social media,marketing,application,Complex,5,2025-10-11,Social Media Application,10
61905868,brand management,marketing,application,Simple,13,2025-01-26,Brand Management Application,7
61905869,financial modeling,economics,assessment,Moderate,9,2025-03-19,Financial Modeling Assessment,6
61905870,data science,it,assessment,Simple,12,2025-01-26,Data Science Assessment,3
61905871,machine learning,it,application,Moderate,13,2025-07-29,Machine Learning Application,3
61905872,cybersecurity,it,registration,Moderate,15,2025-02-09,Cybersecurity Registration,4
61905873,machine learning,it,assessment,Simple,14,2024-12-21,Machine Learning Assessment,9
61905874,portfolio management,economics,survey,Moderate,14,2025-06-06,Portfolio Management Survey,5
61905875,financial modeling,economics,survey,Simple,14,2025-10-08,Financial Modeling Survey,5
61905876,cloud computing,it,registration,Simple,12,2025-07-15,Cloud Computing Registration,11
61905877,machine learning,it,application,Simple,12,2025-03-02,Machine Learning Application,7
61905878,financial modeling,economics,assessment,Complex,8,2024-10-25,Financial Modeling Assessment,7
61905879,data science,it,survey,Moderate,13,2025-02-04,Data Science Survey,10
61905880,cybersecurity,it,assessment,Simple,8,2024-11-12,Cybersecurity Assessment,11
61905881,cloud computing,it,registration,Simple,14,2025-08-24,Cloud Computing Registration,4
61905882,digital marketing,marketing,assessment,Simple,9,2025-04-12,Digital Marketing Assessment,3
61905883,market analysis,economics,survey,Moderate,14,2024-11-18,Market Analysis Survey,8
61905884,financial modeling,economics,application,Complex,7,2025-05-23,Financial Modeling Application,5
61905885,cybersecurity,it,survey,Moderate,5,2025-09-20,Cybersecurity Survey,11
61905886,social media,marketing,assessment,Moderate,7,2025-03-31,Social Media Assessment,10
61905887,investment planning,economics,application,Complex,14,2025-09-30,Investment Planning Application,7
61905888,cloud computing,it,application,Simple,7,2025-02-17,Cloud Computing Application,3
61905889,content marketing,marketing,application,Simple,15,2024-11-25,Content Marketing Application,9
61905890,digital marketing,marketing,registration,Moderate,8,2025-07-27,Digital Marketing Registration,6
61905891,machine learning,it,application,Simple,6,2025-02-09,Machine Learning Application,11
61905892,data science,it,registration,Simple,14,2025-05-09,Data Science Registration,4
61905893,data science,it,application,Complex,9,2025-09-18,Data Science Application,3
61905894,brand management,marketing,registration,Complex,13,2024-11-30,Brand Management Registration,8
61905895,web development,it,registration,Moderate,8,2025-03-19,Web Development Registration,8
61905896,cybersecurity,it,registration,Moderate,6,2025-10-23,Cybersecurity Registration,11
61905897,portfolio management,economics,assessment,Moderate,13,2025-02-23,Portfolio Management Assessment,9
61905898,social media,marketing,registration,Simple,6,2025-10-13,Social Media Registration,8
61905899,content marketing,marketing,application,Moderate,14,2025-01-02,Content Marketing Application,6
61905900,content marketing,marketing,assessment,Simple,11,2024-10-29,Content Marketing Assessment,4
61905901,market analysis,economics,application,Complex,10,2025-02-13,Market Analysis Application,12
61905902,financial modeling,economics,assessment,Simple,15,2025-08-24,Financial Modeling Assessment,11
61905903,digital marketing,marketing,assessment,Moderate,13,2025-05-20,Digital Marketing Assessment,10
61905904,cybersecurity,it,survey,Simple,7,2025-06-07,Cybersecurity Survey,8
61905905,market analysis,economics,survey,Moderate,7,2025-05-13,Market Analysis Survey,12
61905906,machine learning,it,registration,Complex,9,2024-11-09,Machine Learning Registration,7
61905907,financial modeling,economics,application,Moderate,5,2025-09-04,Financial Modeling Application,7
61905908,cybersecurity,it,application,Moderate,15,2024-12-20,Cybersecurity Application,10
61905909,web development,it,assessment,Simple,7,2025-08-17,Web Development Assessment,8
61905910,machine learning,it,registration,Moderate,14,2025-08-18,Machine Learning Registration,6
61905911,digital marketing,marketing,application,Simple,8,2024-12-09,Digital Marketing Application,9
61905912,market analysis,economics,assessment,Moderate,13,2025-06-25,Market Analysis Assessment,6
61905913,social media,marketing,registration,Moderate,13,2025-01-21,Social Media Registration,11
61905914,brand management,marketing,assessment,Moderate,10,2024-12-10,Brand Management Assessment,8
61905915,portfolio management,economics,survey,Simple,8,2025-03-24,Portfolio Management Survey,11
61905916,data science,it,application,Complex,14,2025-02-25,Data Science Application,9
61905917,market analysis,economics,assessment,Moderate,15,2025-04-21,Market Analysis Assessment,5
61905918,investment planning,economics,registration,Moderate,14,2025-05-18,Investment Planning Registration,8
61905919,web development,it,assessment,Complex,10,2025-07-22,Web Development Assessment,10
61905920,portfolio management,economics,survey,Complex,7,2024-12-08,Portfolio Management Survey,3
61905921,content marketing,marketing,survey,Simple,14,2025-06-26,Content Marketing Survey,9
61905922,machine learning,it,survey,Complex,11,2024-11-24,Machine Learning Survey,4
61905923,social media,marketing,assessment,Moderate,12,2025-08-13,Social Media Assessment,4
61905924,investment planning,economics,application,Simple,9,2025-02-03,Investment Planning Application,10
61905925,financial modeling,economics,assessment,Moderate,10,2025-02-14,Financial Modeling Assessment,3
61905926,machine learning,it,assessment,Complex,7,2024-10-28,Machine Learning Assessment,12
61905927,investment planning,economics,registration,Complex,14,2025-03-18,Investment Planning Registration,5
61905928,web development,it,survey,Moderate,10,2024-11-30,Web Development Survey,6
61905929,market analysis,economics,application,Simple,7,2025-03-30,Market Analysis Application,7
61905930,cloud computing,it,survey,Moderate,7,2024-10-31,Cloud Computing Survey,12
61905931,machine learning,it,assessment,Moderate,11,2024-12-11,Machine Learning Assessment,9
61905932,content marketing,marketing,registration,Simple,10,2025-04-27,Content Marketing Registration,11
61905933,portfolio management,economics,registration,Simple,13,2025-05-08,Portfolio Management Registration,10
61905934,cybersecurity,it,application,Moderate,10,2025-03-17,Cybersecurity Application,4
61905935,cloud computing,it,assessment,Complex,7,2025-10-23,Cloud Computing Assessment,5
61905936,investment planning,economics,registration,Moderate,7,2025-05-18,Investment Planning Registration,10
61905937,social media,marketing,application,Moderate,7,2025-02-14,Social Media Application,3
61905938,machine learning,it,survey,Simple,8,2025-08-19,Machine Learning Survey,7
61905939,portfolio management,economics,application,Simple,5,2025-03-29,Portfolio Management Application,4
61905940,content marketing,marketing,survey,Moderate,13,2025-07-11,Content Marketing Survey,10
61905941,machine learning,it,assessment,Moderate,9,2025-06-19,Machine Learning Assessment,12
61905942,market analysis,economics,application,Complex,7,2025-09-01,Market Analysis Application,12
61905943,cloud computing,it,application,Moderate,12,2025-05-29,Cloud Computing Application,5
61905944,market analysis,economics,survey,Simple,5,2025-09-20,Market Analysis Survey,11
61905945,cloud computing,it,registration,Complex,15,2024-12-26,Cloud Computing Registration,5
61905946,portfolio management,economics,registration,Moderate,8,2024-11-13,Portfolio Management Registration,3
61905947,digital marketing,marketing,assessment,Simple,11,2024-12-20,Digital Marketing Assessment,12
61905948,digital marketing,marketing,registration,Complex,12,2025-10-16,Digital Marketing Registration,10
61905949,market analysis,economics,application,Complex,11,2025-02-04,Market Analysis Application,4
61905950,social media,marketing,survey,Complex,7,2024-12-02,Social Media Survey,8
61905951,portfolio management,economics,registration,Simple,6,2025-05-02,Portfolio Management Registration,5
61905952,cybersecurity,it,assessment,Moderate,8,2024-12-16,Cybersecurity Assessment,12
61905953,machine learning,it,assessment,Simple,10,2025-03-11,Machine Learning Assessment,8
61905954,web development,it,application,Moderate,6,2025-07-31,Web Development Application,6
61905955,content marketing,marketing,application,Complex,11,2025-03-24,Content Marketing Application,10
61905956,data science,it,registration,Complex,13,2025-02-05,Data Science Registration,8
61905957,cloud computing,it,registration,Complex,7,2024-12-15,Cloud Computing Registration,5
61905958,brand management,marketing,assessment,Simple,8,2025-01-30,Brand Management Assessment,3
61905959,portfolio management,economics,survey,Simple,12,2024-10-29,Portfolio Management Survey,12
61905960,brand management,marketing,survey,Simple,12,2025-07-13,Brand Management Survey,4
61905961,investment planning,economics,registration,Complex,7,2025-01-03,Investment Planning Registration,10
61905962,portfolio management,economics,assessment,Moderate,15,2025-01-19,Portfolio Management Assessment,8
61905963,data science,it,application,Simple,14,2025-01-26,Data Science Application,9
61905964,brand management,marketing,survey,Simple,10,2025-01-06,Brand Management Survey,8
61905965,machine learning,it,assessment,Complex,5,2025-01-16,Machine Learning Assessment,6
61905966,web development,it,registration,Complex,6,2025-10-12,Web Development Registration,7
61905967,financial modeling,economics,registration,Complex,5,2025-02-09,Financial Modeling Registration,6
61905968,data science,it,survey,Simple,12,2025-01-06,Data Science Survey,7
61905969,investment planning,economics,application,Complex,14,2025-08-17,Investment Planning Application,6
61905970,financial modeling,economics,assessment,Complex,13,2025-08-23,Financial Modeling Assessment,10
61905971,portfolio management,economics,assessment,Simple,7,2025-07-31,Portfolio Management Assessment,9
61905972,market analysis,economics,survey,Simple,9,2024-11-11,Market Analysis Survey,8
61905973,brand management,marketing,assessment,Simple,15,2025-01-04,Brand Management Assessment,5
61905974,cybersecurity,it,assessment,Moderate,11,2025-03-26,Cybersecurity Assessment,6
61905975,data science,it,survey,Moderate,12,2025-09-29,Data Science Survey,5
61905976,cybersecurity,it,survey,Simple,9,2025-02-10,Cybersecurity Survey,3
61905977,financial modeling,economics,application,Complex,15,2025-09-23,Financial Modeling Application,4
61905978,cybersecurity,it,survey,Complex,9,2025-10-15,Cybersecurity Survey,12
61905979,content marketing,marketing,registration,Complex,9,2024-12-20,Content Marketing Registration,10
61905980,cybersecurity,it,survey,Complex,11,2024-12-31,Cybersecurity Survey,8
61905981,portfolio management,economics,assessment,Simple,5,2024-11-21,Portfolio Management Assessment,8
61905982,machine learning,it,registration,Moderate,6,2025-04-29,Machine Learning Registration,3
61905983,financial modeling,economics,survey,Simple,12,2025-06-21,Financial Modeling Survey,8
61905984,cloud computing,it,application,Moderate,11,2025-07-20,Cloud Computing Application,3
61905985,market analysis,economics,registration,Simple,7,2025-09-28,Market Analysis Registration,7
61905986,cybersecurity,it,registration,Complex,15,2024-11-14,Cybersecurity Registration,6
61905987,market analysis,economics,application,Complex,8,2025-04-13,Market Analysis Application,5
61905988,digital marketing,marketing,application,Complex,15,2025-05-30,Digital Marketing Application,4
61905989,brand management,marketing,application,Moderate,8,2024-12-30,Brand Management Application,3
61905990,machine learning,it,registration,Moderate,12,2025-02-17,Machine Learning Registration,6
61905991,brand management,marketing,survey,Complex,7,2025-09-03,Brand Management Survey,10
61905992,digital marketing,marketing,application,Simple,8,2025-07-15,Digital Marketing Application,9
61905993,cloud computing,it,assessment,Simple,8,2025-01-06,Cloud Computing Assessment,4
61905994,cloud computing,it,survey,Simple,12,2025-08-12,Cloud Computing Survey,4
61905995,social media,marketing,registration,Complex,5,2024-11-23,Social Media Registration,11
61905996,brand management,marketing,registration,Complex,11,2024-11-26,Brand Management Registration,12
61905997,social media,marketing,registration,Moderate,5,2024-10-25,Social Media Registration,5
61905998,investment planning,economics,survey,Complex,14,2025-06-06,Investment Planning Survey,4
61905999,investment planning,economics,survey,Moderate,8,2025-04-26,Investment Planning Survey,4
61906000,portfolio management,economics,application,Moderate,8,2025-10-14,Portfolio Management Application,7
61906001,portfolio management,economics,survey,Simple,9,2025-07-10,Portfolio Management Survey,9
61906002,brand management,marketing,survey,Complex,7,2025-09-02,Brand Management Survey,3
61906003,social media,marketing,application,Complex,12,2025-01-10,Social Media Application,3
61906004,market analysis,economics,application,Moderate,13,2025-01-27,Market Analysis Application,10
61906005,social media,marketing,application,Simple,5,2025-09-19,Social Media Application,7
61906006,content marketing,marketing,application,Moderate,6,2024-11-18,Content Marketing Application,4
61906007,investment planning,economics,application,Simple,10,2025-07-20,Investment Planning Application,6
61906008,data science,it,survey,Complex,13,2025-04-03,Data Science Survey,6
61906009,cloud computing,it,assessment,Simple,7,2024-11-14,Cloud Computing Assessment,6
61906010,social media,marketing,survey,Simple,11,2025-02-25,Social Media Survey,9
61906011,brand management,marketing,registration,Complex,14,2025-01-06,Brand Management Registration,11
61906012,machine learning,it,survey,Moderate,15,2024-12-26,Machine Learning Survey,10
61906013,brand management,marketing,assessment,Moderate,7,2025-04-28,Brand Management Assessment,5
61906014,web development,it,assessment,Moderate,14,2025-10-04,Web Development Assessment,12
61906015,digital marketing,marketing,registration,Simple,9,2024-12-10,Digital Marketing Registration,9
61906016,social media,marketing,assessment,Moderate,13,2025-07-14,Social Media Assessment,10
61906017,portfolio management,economics,survey,Complex,6,2025-07-02,Portfolio Management Survey,9
61906018,portfolio management,economics,application,Simple,8,2025-06-11,Portfolio Management Application,12
61906019,investment planning,economics,application,Simple,13,2025-03-27,Investment Planning Application,6
61906020,brand management,marketing,application,Simple,6,2024-12-20,Brand Management Application,7
61906021,financial modeling,economics,survey,Complex,10,2024-12-19,Financial Modeling Survey,5
61906022,portfolio management,economics,registration,Complex,10,2024-11-10,Portfolio Management Registration,6
61906023,cloud computing,it,application,Complex,10,2025-10-08,Cloud Computing Application,4
61906024,content marketing,marketing,application,Simple,11,2025-08-21,Content Marketing Application,10
61906025,digital marketing,marketing,assessment,Complex,11,2025-07-14,Digital Marketing Assessment,10
61906026,portfolio management,economics,registration,Moderate,8,2025-07-21,Portfolio Management Registration,7
61906027,social media,marketing,application,Simple,6,2025-03-01,Social Media Application,8
61906028,machine learning,it,application,Moderate,8,2024-12-07,Machine Learning Application,11
61906029,social media,marketing,assessment,Moderate,8,2025-01-20,Social Media Assessment,10
61906030,brand management,marketing,registration,Moderate,13,2024-11-10,Brand Management Registration,8
61906031,market analysis,economics,assessment,Simple,7,2025-01-22,Market Analysis Assessment,6
61906032,digital marketing,marketing,registration,Simple,6,2025-07-08,Digital Marketing Registration,8
61906033,portfolio management,economics,registration,Complex,11,2025-04-27,Portfolio Management Registration,10
61906034,social media,marketing,survey,Simple,13,2025-05-21,Social Media Survey,12
61906035,financial modeling,economics,assessment,Simple,5,2025-07-08,Financial Modeling Assessment,12
61906036,cloud computing,it,application,Simple,10,2024-12-02,Cloud Computing Application,12
61906037,machine learning,it,assessment,Complex,11,2025-09-16,Machine Learning Assessment,10
61906038,cloud computing,it,assessment,Simple,7,2025-04-22,Cloud Computing Assessment,9
61906039,data science,it,survey,Simple,10,2025-06-08,Data Science Survey,11
61906040,portfolio management,economics,survey,Complex,9,2024-10-28,Portfolio Management Survey,5
61906041,social media,marketing,survey,Complex,12,2025-05-09,Social Media Survey,9
61906042,financial modeling,economics,survey,Complex,15,2025-01-01,Financial Modeling Survey,5
61906043,market analysis,economics,application,Moderate,11,2025-02-11,Market Analysis Application,9
61906044,market analysis,economics,application,Simple,9,2025-04-20,Market Analysis Application,10
61906045,investment planning,economics,assessment,Simple,8,2025-02-22,Investment Planning Assessment,11
61906046,social media,marketing,application,Moderate,13,2025-01-30,Social Media Application,8
61906047,data science,it,survey,Simple,12,2025-01-30,Data Science Survey,11
61906048,machine learning,it,application,Simple,11,2025-06-14,Machine Learning Application,5
61906049,social media,marketing,survey,Simple,12,2025-03-12,Social Media Survey,12
61906050,portfolio management,economics,survey,Complex,7,2025-06-24,Portfolio Management Survey,11
61906051,content marketing,marketing,registration,Simple,5,2025-10-11,Content Marketing Registration,10
61906052,social media,marketing,application,Moderate,10,2025-02-27,Social Media Application,7
61906053,market analysis,economics,assessment,Simple,9,2024-11-02,Market Analysis Assessment,4
61906054,social media,marketing,assessment,Complex,14,2025-04-09,Social Media Assessment,11
61906055,content marketing,marketing,assessment,Simple,12,2025-06-12,Content Marketing Assessment,6
61906056,cloud computing,it,assessment,Complex,8,2025-06-01,Cloud Computing Assessment,4
61906057,digital marketing,marketing,registration,Complex,11,2025-10-17,Digital Marketing Registration,11
61906058,machine learning,it,registration,Simple,6,2025-09-12,Machine Learning Registration,6
61906059,brand management,marketing,survey,Moderate,5,2025-06-05,Brand Management Survey,11
61906060,social media,marketing,survey,Moderate,14,2025-05-13,Social Media Survey,9
61906061,data science,it,registration,Moderate,7,2024-12-24,Data Science Registration,5
61906062,social media,marketing,survey,Moderate,15,2025-06-29,Social Media Survey,4
61906063,web development,it,assessment,Complex,6,2024-12-02,Web Development Assessment,5
61906064,machine learning,it,registration,Simple,9,2025-05-13,Machine Learning Registration,10
61906065,market analysis,economics,assessment,Moderate,15,2025-04-06,Market Analysis Assessment,6
61906066,web development,it,assessment,Moderate,8,2025-09-20,Web Development Assessment,8
61906067,brand management,marketing,assessment,Moderate,5,2025-04-08,Brand Management Assessment,11
61906068,investment planning,economics,assessment,Simple,8,2025-01-24,Investment Planning Assessment,4
61906069,web development,it,assessment,Moderate,6,2025-07-07,Web Development Assessment,6
61906070,web development,it,application,Simple,6,2024-12-30,Web Development Application,11
61906071,content marketing,marketing,survey,Moderate,9,2025-04-23,Content Marketing Survey,11
61906072,market analysis,economics,application,Moderate,7,2025-09-26,Market Analysis Application,3
61906073,data science,it,survey,Moderate,5,2025-06-11,Data Science Survey,9
61906074,financial modeling,economics,assessment,Complex,5,2024-11-05,Financial Modeling Assessment,6
61906075,brand management,marketing,assessment,Complex,11,2025-08-21,Brand Management Assessment,4
61906076,machine learning,it,application,Moderate,10,2024-11-13,Machine Learning Application,4
61906077,machine learning,it,registration,Moderate,9,2024-11-27,Machine Learning Registration,8
61906078,portfolio management,economics,application,Complex,8,2025-06-27,Portfolio Management Application,10
61906079,data science,it,assessment,Complex,14,2025-03-27,Data Science Assessment,8
61906080,brand management,marketing,assessment,Simple,8,2024-10-29,Brand Management Assessment,6
61906081,portfolio management,economics,application,Simple,9,2025-04-20,Portfolio Management Application,3
61906082,portfolio management,economics,survey,Complex,14,2025-04-23,Portfolio Management Survey,7
61906083,brand management,marketing,survey,Moderate,13,2025-07-19,Brand Management Survey,3
61906084,machine learning,it,assessment,Moderate,15,2025-01-12,Machine Learning Assessment,3
61906085,digital marketing,marketing,assessment,Simple,10,2025-03-06,Digital Marketing Assessment,8
61906086,financial modeling,economics,survey,Simple,9,2025-05-03,Financial Modeling Survey,3
61906087,portfolio management,economics,application,Moderate,9,2024-12-22,Portfolio Management Application,9
61906088,machine learning,it,registration,Simple,8,2025-05-10,Machine Learning Registration,11
61906089,content marketing,marketing,registration,Moderate,7,2024-11-28,Content Marketing Registration,4
61906090,digital marketing,marketing,application,Complex,14,2024-12-10,Digital Marketing Application,3
61906091,financial modeling,economics,registration,Moderate,11,2025-05-24,Financial Modeling Registration,5
61906092,market analysis,economics,registration,Complex,10,2024-10-25,Market Analysis Registration,8
61906093,financial modeling,economics,application,Moderate,5,2024-12-15,Financial Modeling Application,4
61906094,brand management,marketing,survey,Simple,14,2025-05-04,Brand Management Survey,6
61906095,data science,it,assessment,Simple,10,2025-07-22,Data Science Assessment,9
61906096,digital marketing,marketing,registration,Moderate,7,2025-01-30,Digital Marketing Registration,12
61906097,financial modeling,economics,assessment,Moderate,8,2024-11-05,Financial Modeling Assessment,8
61906098,investment planning,economics,survey,Complex,13,2025-02-23,Investment Planning Survey,7
61906099,data science,it,survey,Complex,6,2025-05-06,Data Science Survey,7
61906100,social media,marketing,registration,Moderate,14,2025-03-11,Social Media Registration,6
61906101,web development,it,application,Simple,13,2024-12-09,Web Development Application,9
61906102,investment planning,economics,registration,Complex,14,2024-12-21,Investment Planning Registration,5
61906103,content marketing,marketing,assessment,Simple,14,2025-06-15,Content Marketing Assessment,3
61906104,data science,it,assessment,Moderate,8,2025-09-03,Data Science Assessment,11
61906105,web development,it,survey,Moderate,5,2024-11-16,Web Development Survey,4
61906106,digital marketing,marketing,assessment,Complex,6,2024-12-26,Digital Marketing Assessment,4
61906107,content marketing,marketing,application,Complex,10,2025-04-30,Content Marketing Application,4
61906108,brand management,marketing,application,Simple,13,2025-08-02,Brand Management Application,4
61906109,web development,it,survey,Complex,6,2024-10-30,Web Development Survey,10
61906110,content marketing,marketing,survey,Simple,6,2025-02-28,Content Marketing Survey,10
61906111,data science,it,application,Complex,14,2025-02-09,Data Science Application,9
61906112,financial modeling,economics,survey,Complex,14,2025-02-24,Financial Modeling Survey,5
61906113,web development,it,registration,Complex,11,2025-07-12,Web Development Registration,4
61906114,brand management,marketing,registration,Moderate,10,2025-08-04,Brand Management Registration,8
61906115,cloud computing,it,application,Simple,7,2025-03-07,Cloud Computing Application,5
61906116,machine learning,it,registration,Moderate,15,2025-05-21,Machine Learning Registration,6
61906117,web development,it,registration,Moderate,12,2025-07-26,Web Development Registration,5
61906118,digital marketing,marketing,survey,Simple,13,2025-04-07,Digital Marketing Survey,10
61906119,cybersecurity,it,assessment,Complex,12,2025-09-03,Cybersecurity Assessment,4
61906120,digital marketing,marketing,survey,Moderate,12,2025-03-05,Digital Marketing Survey,8
61906121,web development,it,application,Moderate,9,2025-09-15,Web Development Application,11
61906122,investment planning,economics,registration,Simple,15,2024-12-09,Investment Planning Registration,4
61906123,investment planning,economics,assessment,Simple,11,2025-05-12,Investment Planning Assessment,6
61906124,financial modeling,economics,registration,Moderate,5,2025-03-03,Financial Modeling Registration,11
61906125,cloud computing,it,registration,Moderate,8,2025-07-12,Cloud Computing Registration,5
61906126,investment planning,economics,registration,Complex,9,2025-06-10,Investment Planning Registration,7
61906127,data science,it,application,Simple,7,2025-10-19,Data Science Application,3
61906128,data science,it,assessment,Simple,5,2025-07-13,Data Science Assessment,3
61906129,machine learning,it,application,Complex,11,2025-06-10,Machine Learning Application,11
61906130,digital marketing,marketing,survey,Moderate,7,2025-10-07,Digital Marketing Survey,3
61906131,digital marketing,marketing,assessment,Complex,14,2025-10-12,Digital Marketing Assessment,10
61906132,portfolio management,economics,survey,Simple,12,2025-01-22,Portfolio Management Survey,12
61906133,data science,it,assessment,Simple,7,2025-02-17,Data Science Assessment,8
61906134,financial modeling,economics,registration,Complex,10,2025-03-24,Financial Modeling Registration,9
61906135,content marketing,marketing,survey,Moderate,10,2025-01-05,Content Marketing Survey,7
61906136,machine learning,it,application,Simple,9,2025-01-17,Machine Learning Application,10
61906137,data science,it,application,Simple,15,2025-02-12,Data Science Application,11
61906138,social media,marketing,assessment,Simple,14,2025-08-22,Social Media Assessment,3
61906139,social media,marketing,application,Moderate,13,2025-01-31,Social Media Application,9
61906140,portfolio management,economics,registration,Complex,9,2024-11-18,Portfolio Management Registration,8
61906141,machine learning,it,assessment,Moderate,14,2025-03-08,Machine Learning Assessment,12
61906142,financial modeling,economics,survey,Complex,15,2025-04-10,Financial Modeling Survey,12
61906143,market analysis,economics,registration,Simple,12,2024-11-12,Market Analysis Registration,12
61906144,cloud computing,it,assessment,Moderate,5,2025-09-27,Cloud Computing Assessment,11
61906145,financial modeling,economics,survey,Moderate,7,2025-04-18,Financial Modeling Survey,10
61906146,market analysis,economics,assessment,Simple,9,2025-07-05,Market Analysis Assessment,11
61906147,financial modeling,economics,registration,Simple,12,2025-03-04,Financial Modeling Registration,4
61906148,social media,marketing,application,Complex,7,2025-03-21,Social Media Application,5
61906149,portfolio management,economics,registration,Complex,6,2025-02-11,Portfolio Management Registration,9
61906150,digital marketing,marketing,assessment,Simple,5,2024-12-16,Digital Marketing Assessment,11
61906151,content marketing,marketing,assessment,Moderate,12,2025-07-28,Content Marketing Assessment,3
61906152,financial modeling,economics,assessment,Simple,14,2025-04-22,Financial Modeling Assessment,12
61906153,web development,it,application,Complex,10,2025-05-10,Web Development Application,12
61906154,portfolio management,economics,survey,Complex,10,2024-12-06,Portfolio Management Survey,10
61906155,data science,it,assessment,Moderate,12,2025-08-18,Data Science Assessment,11
61906156,cybersecurity,it,application,Complex,14,2025-05-14,Cybersecurity Application,6
61906157,portfolio management,economics,survey,Simple,5,2025-10-25,Portfolio Management Survey,6
61906158,market analysis,economics,application,Complex,9,2025-08-31,Market Analysis Application,9
61906159,web development,it,survey,Complex,7,2025-09-24,Web Development Survey,4
61906160,cloud computing,it,registration,Complex,6,2025-09-28,Cloud Computing Registration,6
61906161,social media,marketing,survey,Complex,7,2025-08-14,Social Media Survey,7
61906162,data science,it,assessment,Complex,7,2025-09-27,Data Science Assessment,11
61906163,content marketing,marketing,registration,Complex,15,2025-02-05,Content Marketing Registration,11
61906164,digital marketing,marketing,application,Simple,13,2024-10-26,Digital Marketing Application,10
61906165,social media,marketing,application,Simple,8,2025-10-25,Social Media Application,11
61906166,cybersecurity,it,assessment,Moderate,13,2025-04-04,Cybersecurity Assessment,10
61906167,portfolio management,economics,application,Moderate,5,2025-07-24,Portfolio Management Application,4
61906168,web development,it,application,Simple,5,2025-02-24,Web Development Application,4
61906169,cloud computing,it,survey,Complex,10,2025-01-24,Cloud Computing Survey,12
61906170,brand management,marketing,assessment,Complex,9,2025-09-18,Brand Management Assessment,11
61906171,brand management,marketing,assessment,Moderate,7,2025-05-26,Brand Management Assessment,7
61906172,content marketing,marketing,application,Simple,15,2025-08-30,Content Marketing Application,5
61906173,financial modeling,economics,assessment,Complex,5,2025-04-23,Financial Modeling Assessment,6
61906174,machine learning,it,survey,Complex,9,2025-03-09,Machine Learning Survey,8
61906175,investment planning,economics,application,Simple,15,2025-04-02,Investment Planning Application,9
61906176,market analysis,economics,application,Complex,6,2025-09-26,Market Analysis Application,11
61906177,cloud computing,it,application,Simple,12,2025-08-06,Cloud Computing Application,3
61906178,brand management,marketing,survey,Moderate,6,2025-04-13,Brand Management Survey,10
61906179,content marketing,marketing,assessment,Simple,11,2025-08-23,Content Marketing Assessment,7
61906180,portfolio management,economics,application,Simple,6,2025-05-20,Portfolio Management Application,10
61906181,cybersecurity,it,survey,Moderate,14,2025-07-07,Cybersecurity Survey,4
61906182,financial modeling,economics,registration,Complex,6,2025-03-21,Financial Modeling Registration,4
61906183,investment planning,economics,survey,Moderate,9,2025-03-23,Investment Planning Survey,12
61906184,content marketing,marketing,application,Moderate,7,2025-04-14,Content Marketing Application,4
61906185,market analysis,economics,survey,Complex,11,2025-03-09,Market Analysis Survey,5
61906186,cloud computing,it,application,Moderate,9,2025-05-05,Cloud Computing Application,5
61906187,investment planning,economics,registration,Simple,13,2025-07-03,Investment Planning Registration,5
61906188,cybersecurity,it,application,Complex,7,2024-12-22,Cybersecurity Application,6
61906189,portfolio management,economics,application,Simple,12,2025-10-14,Portfolio Management Application,7
61906190,machine learning,it,registration,Simple,13,2025-06-30,Machine Learning Registration,10
61906191,data science,it,application,Moderate,6,2025-08-02,Data Science Application,11
61906192,portfolio management,economics,survey,Complex,8,2024-12-20,Portfolio Management Survey,5
61906193,digital marketing,marketing,assessment,Simple,12,2025-02-20,Digital Marketing Assessment,11
61906194,content marketing,marketing,survey,Moderate,6,2025-03-26,Content Marketing Survey,7
61906195,data science,it,registration,Complex,14,2025-08-31,Data Science Registration,3
61906196,data science,it,survey,Moderate,13,2025-05-12,Data Science Survey,12
61906197,digital marketing,marketing,assessment,Moderate,12,2025-06-09,Digital Marketing Assessment,10
61906198,brand management,marketing,assessment,Complex,11,2025-01-04,Brand Management Assessment,12
61906199,brand management,marketing,application,Simple,15,2025-02-25,Brand Management Application,12
61906200,financial modeling,economics,application,Simple,14,2025-04-05,Financial Modeling Application,10
61906201,market analysis,economics,assessment,Complex,15,2025-03-12,Market Analysis Assessment,9
61906202,portfolio management,economics,assessment,Moderate,15,2025-06-10,Portfolio Management Assessment,7
61906203,social media,marketing,assessment,Simple,12,2025-04-21,Social Media Assessment,10
61906204,brand management,marketing,assessment,Simple,6,2025-10-05,Brand Management Assessment,6
61906205,cybersecurity,it,assessment,Simple,13,2024-12-23,Cybersecurity Assessment,3
61906206,content marketing,marketing,registration,Complex,12,2025-08-31,Content Marketing Registration,10
61906207,social media,marketing,registration,Simple,6,2024-12-11,Social Media Registration,8
61906208,investment planning,economics,registration,Moderate,15,2025-09-27,Investment Planning Registration,5
61906209,financial modeling,economics,assessment,Moderate,10,2025-10-09,Financial Modeling Assessment,8
61906210,data science,it,application,Simple,12,2024-11-02,Data Science Application,8
61906211,content marketing,marketing,registration,Moderate,5,2025-06-11,Content Marketing Registration,4
61906212,financial modeling,economics,assessment,Simple,12,2025-07-21,Financial Modeling Assessment,4
61906213,machine learning,it,survey,Moderate,14,2025-01-20,Machine Learning Survey,10
61906214,social media,marketing,assessment,Moderate,14,2024-11-11,Social Media Assessment,7
61906215,market analysis,economics,application,Complex,7,2025-03-16,Market Analysis Application,4
61906216,digital marketing,marketing,survey,Complex,11,2024-11-08,Digital Marketing Survey,6
61906217,machine learning,it,application,Moderate,5,2024-11-07,Machine Learning Application,6
61906218,cybersecurity,it,survey,Moderate,11,2025-03-02,Cybersecurity Survey,4
61906219,portfolio management,economics,registration,Simple,5,2024-10-25,Portfolio Management Registration,12
61906220,market analysis,economics,assessment,Moderate,12,2024-12-15,Market Analysis Assessment,5
61906221,web development,it,application,Simple,8,2025-04-16,Web Development Application,12
61906222,digital marketing,marketing,application,Moderate,5,2025-06-22,Digital Marketing Application,3
61906223,financial modeling,economics,assessment,Complex,13,2025-02-28,Financial Modeling Assessment,4
61906224,machine learning,it,survey,Moderate,8,2025-07-04,Machine Learning Survey,8
61906225,market analysis,economics,assessment,Simple,9,2024-11-03,Market Analysis Assessment,5
61906226,cloud computing,it,registration,Moderate,14,2024-11-17,Cloud Computing Registration,8
61906227,market analysis,economics,survey,Moderate,5,2025-10-25,Market Analysis Survey,8
61906228,content marketing,marketing,application,Complex,7,2025-02-25,Content Marketing Application,5
61906229,cybersecurity,it,survey,Simple,6,2025-10-08,Cybersecurity Survey,6
61906230,cybersecurity,it,registration,Complex,13,2024-12-14,Cybersecurity Registration,6
61906231,social media,marketing,survey,Moderate,15,2025-04-22,Social Media Survey,8
61906232,cybersecurity,it,survey,Complex,9,2025-02-24,Cybersecurity Survey,12
61906233,content marketing,marketing,registration,Simple,5,2025-03-20,Content Marketing Registration,9
61906234,market analysis,economics,registration,Complex,13,2024-12-06,Market Analysis Registration,3
61906235,financial modeling,economics,assessment,Moderate,6,2025-04-10,Financial Modeling Assessment,10
61906236,machine learning,it,survey,Complex,6,2025-02-11,Machine Learning Survey,4
61906237,web development,it,registration,Complex,13,2025-06-09,Web Development Registration,4
61906238,market analysis,economics,application,Simple,10,2025-07-16,Market Analysis Application,7
61906239,cloud computing,it,assessment,Moderate,13,2025-08-20,Cloud Computing Assessment,7
61906240,data science,it,application,Moderate,5,2025-07-28,Data Science Application,4
61906241,brand management,marketing,survey,Complex,8,2025-07-13,Brand Management Survey,5
61906242,cloud computing,it,registration,Complex,10,2025-10-02,Cloud Computing Registration,5
61906243,social media,marketing,application,Complex,8,2025-04-30,Social Media Application,5
61906244,market analysis,economics,survey,Simple,8,2025-10-12,Market Analysis Survey,10
61906245,portfolio management,economics,application,Simple,14,2024-12-10,Portfolio Management Application,8
61906246,portfolio management,economics,assessment,Moderate,13,2025-02-23,Portfolio Management Assessment,12
61906247,data science,it,registration,Complex,8,2025-04-19,Data Science Registration,12
61906248,investment planning,economics,assessment,Simple,11,2025-03-31,Investment Planning Assessment,3
61906249,data science,it,application,Complex,15,2025-01-20,Data Science Application,8
61906250,data science,it,registration,Complex,6,2025-08-03,Data Science Registration,9
61906251,investment planning,economics,registration,Simple,6,2025-04-19,Investment Planning Registration,9
61906252,content marketing,marketing,assessment,Moderate,8,2025-07-29,Content Marketing Assessment,12
61906253,brand management,marketing,application,Complex,7,2025-04-09,Brand Management Application,9
61906254,financial modeling,economics,survey,Moderate,13,2025-07-21,Financial Modeling Survey,4
61906255,social media,marketing,application,Complex,8,2025-10-13,Social Media Application,12
61906256,web development,it,application,Complex,8,2025-09-29,Web Development Application,12
61906257,social media,marketing,registration,Simple,6,2025-05-19,Social Media Registration,3
61906258,social media,marketing,registration,Simple,5,2025-02-22,Social Media Registration,9
61906259,cybersecurity,it,survey,Simple,7,2025-09-03,Cybersecurity Survey,5
61906260,brand management,marketing,survey,Simple,12,2025-08-11,Brand Management Survey,12
61906261,data science,it,survey,Simple,11,2025-07-16,Data Science Survey,4
61906262,brand management,marketing,application,Simple,11,2025-03-28,Brand Management Application,11
61906263,brand management,marketing,assessment,Moderate,6,2025-06-07,Brand Management Assessment,11
61906264,cloud computing,it,registration,Complex,9,2024-12-28,Cloud Computing Registration,10
61906265,social media,marketing,application,Complex,12,2025-09-15,Social Media Application,7
61906266,financial modeling,economics,registration,Simple,11,2025-09-10,Financial Modeling Registration,11
61906267,digital marketing,marketing,survey,Simple,14,2025-01-11,Digital Marketing Survey,4
61906268,cloud computing,it,assessment,Complex,9,2025-01-19,Cloud Computing Assessment,8
61906269,web development,it,survey,Complex,5,2025-04-18,Web Development Survey,7
61906270,brand management,marketing,survey,Moderate,8,2025-03-02,Brand Management Survey,6
61906271,cybersecurity,it,application,Moderate,10,2025-04-10,Cybersecurity Application,9
61906272,cloud computing,it,survey,Complex,13,2024-12-11,Cloud Computing Survey,4
61906273,financial modeling,economics,application,Moderate,6,2025-03-06,Financial Modeling Application,10
61906274,cybersecurity,it,application,Simple,8,2024-12-25,Cybersecurity Application,12
61906275,cybersecurity,it,application,Simple,6,2024-11-21,Cybersecurity Application,11
61906276,machine learning,it,application,Simple,11,2024-11-29,Machine Learning Application,4
61906277,brand management,marketing,registration,Simple,5,2025-09-19,Brand Management Registration,9
61906278,digital marketing,marketing,application,Complex,14,2025-10-09,Digital Marketing Application,5
61906279,social media,marketing,registration,Moderate,9,2025-03-01,Social Media Registration,10
61906280,machine learning,it,application,Moderate,8,2024-11-17,Machine Learning Application,8
61906281,data science,it,registration,Moderate,12,2025-04-19,Data Science Registration,5
61906282,cloud computing,it,survey,Moderate,6,2025-08-14,Cloud Computing Survey,9
61906283,brand management,marketing,assessment,Complex,10,2024-12-29,Brand Management Assessment,5
61906284,investment planning,economics,registration,Moderate,10,2025-07-11,Investment Planning Registration,5
61906285,investment planning,economics,assessment,Complex,6,2024-11-01,Investment Planning Assessment,9
61906286,cybersecurity,it,survey,Moderate,11,2025-05-30,Cybersecurity Survey,11
61906287,data science,it,application,Complex,6,2025-10-03,Data Science Application,9
61906288,portfolio management,economics,survey,Moderate,7,2025-10-03,Portfolio Management Survey,3
61906289,data science,it,survey,Simple,10,2025-06-19,Data Science Survey,10
61906290,data science,it,assessment,Moderate,8,2024-11-07,Data Science Assessment,12
61906291,financial modeling,economics,survey,Moderate,5,2025-03-29,Financial Modeling Survey,8
61906292,content marketing,marketing,survey,Moderate,6,2025-01-20,Content Marketing Survey,6
61906293,social media,marketing,survey,Moderate,8,2025-01-22,Social Media Survey,6
61906294,cybersecurity,it,survey,Moderate,13,2025-10-06,Cybersecurity Survey,10
61906295,digital marketing,marketing,assessment,Complex,14,2025-04-21,Digital Marketing Assessment,10
61906296,cloud computing,it,assessment,Complex,8,2025-05-29,Cloud Computing Assessment,6
61906297,financial modeling,economics,application,Simple,5,2024-12-11,Financial Modeling Application,12
61906298,cybersecurity,it,survey,Simple,14,2025-04-20,Cybersecurity Survey,9
61906299,brand management,marketing,registration,Complex,10,2025-06-24,Brand Management Registration,5
61906300,investment planning,economics,survey,Complex,7,2024-12-14,Investment Planning Survey,4
61906301,digital marketing,marketing,application,Complex,5,2025-08-18,Digital Marketing Application,10
61906302,financial modeling,economics,survey,Simple,9,2024-12-12,Financial Modeling Survey,12
61906303,digital marketing,marketing,application,Simple,13,2024-12-11,Digital Marketing Application,4
61906304,portfolio management,economics,survey,Moderate,14,2025-07-03,Portfolio Management Survey,4
61906305,cloud computing,it,application,Moderate,13,2025-06-19,Cloud Computing Application,9
61906306,portfolio management,economics,assessment,Moderate,8,2024-12-23,Portfolio Management Assessment,12
61906307,machine learning,it,registration,Simple,15,2025-07-19,Machine Learning Registration,7
61906308,portfolio management,economics,registration,Moderate,13,2025-03-17,Portfolio Management Registration,6
61906309,content marketing,marketing,assessment,Simple,6,2024-11-12,Content Marketing Assessment,3
61906310,digital marketing,marketing,application,Complex,6,2025-07-15,Digital Marketing Application,9
61906311,investment planning,economics,survey,Complex,13,2025-03-30,Investment Planning Survey,5
61906312,data science,it,survey,Simple,7,2025-07-18,Data Science Survey,8
61906313,web development,it,assessment,Moderate,10,2025-01-31,Web Development Assessment,11
61906314,portfolio management,economics,registration,Complex,13,2025-10-20,Portfolio Management Registration,7
61906315,market analysis,economics,assessment,Simple,14,2025-02-20,Market Analysis Assessment,3
61906316,brand management,marketing,survey,Complex,14,2025-05-06,Brand Management Survey,12
61906317,investment planning,economics,assessment,Moderate,7,2025-07-21,Investment Planning Assessment,8
61906318,market analysis,economics,survey,Moderate,14,2024-12-17,Market Analysis Survey,4
61906319,brand management,marketing,registration,Simple,6,2025-06-05,Brand Management Registration,12
61906320,investment planning,economics,registration,Complex,5,2025-01-01,Investment Planning Registration,9
61906321,content marketing,marketing,assessment,Moderate,7,2025-07-21,Content Marketing Assessment,3
61906322,market analysis,economics,registration,Simple,9,2024-12-21,Market Analysis Registration,9
61906323,financial modeling,economics,application,Simple,13,2025-10-05,Financial Modeling Application,10
61906324,portfolio management,economics,survey,Moderate,15,2025-04-07,Portfolio Management Survey,11
61906325,brand management,marketing,application,Complex,9,2025-02-16,Brand Management Application,7
61906326,content marketing,marketing,assessment,Complex,5,2025-04-25,Content Marketing Assessment,10
61906327,cybersecurity,it,registration,Moderate,10,2025-08-29,Cybersecurity Registration,10
61906328,digital marketing,marketing,registration,Complex,13,2025-01-24,Digital Marketing Registration,5
61906329,data science,it,survey,Simple,11,2025-08-09,Data Science Survey,11
61906330,portfolio management,economics,registration,Complex,13,2025-06-23,Portfolio Management Registration,6
61906331,data science,it,assessment,Simple,5,2025-09-29,Data Science Assessment,9
61906332,investment planning,economics,registration,Complex,8,2025-10-17,Investment Planning Registration,12
61906333,market analysis,economics,application,Moderate,6,2025-05-20,Market Analysis Application,12
61906334,cloud computing,it,application,Simple,12,2024-11-26,Cloud Computing Application,6
61906335,brand management,marketing,survey,Complex,13,2025-07-17,Brand Management Survey,7
61906336,financial modeling,economics,assessment,Moderate,8,2025-05-25,Financial Modeling Assessment,3
61906337,financial modeling,economics,application,Simple,11,2025-01-09,Financial Modeling Application,6
61906338,cloud computing,it,application,Complex,11,2024-12-06,Cloud Computing Application,10
61906339,investment planning,economics,assessment,Simple,8,2025-08-03,Investment Planning Assessment,3
61906340,content marketing,marketing,application,Simple,11,2024-11-09,Content Marketing Application,3
61906341,brand management,marketing,application,Simple,12,2025-03-28,Brand Management Application,5
61906342,brand management,marketing,registration,Complex,10,2025-09-22,Brand Management Registration,6
61906343,market analysis,economics,registration,Simple,12,2024-12-21,Market Analysis Registration,7
61906344,machine learning,it,assessment,Complex,7,2025-08-27,Machine Learning Assessment,5
61906345,cybersecurity,it,registration,Moderate,9,2025-10-25,Cybersecurity Registration,3
61906346,machine learning,it,application,Moderate,7,2025-09-17,Machine Learning Application,4
61906347,cybersecurity,it,survey,Moderate,8,2025-03-03,Cybersecurity Survey,12
61906348,data science,it,survey,Moderate,12,2025-06-13,Data Science Survey,12
61906349,brand management,marketing,registration,Simple,13,2025-05-03,Brand Management Registration,5
61906350,financial modeling,economics,assessment,Complex,6,2025-01-24,Financial Modeling Assessment,10
61906351,content marketing,marketing,application,Moderate,8,2025-03-24,Content Marketing Application,11
61906352,portfolio management,economics,application,Complex,9,2025-08-05,Portfolio Management Application,7
61906353,investment planning,economics,survey,Simple,14,2025-02-28,Investment Planning Survey,8
61906354,machine learning,it,application,Moderate,15,2025-06-10,Machine Learning Application,8
61906355,cloud computing,it,registration,Moderate,15,2025-04-26,Cloud Computing Registration,12
61906356,portfolio management,economics,assessment,Complex,8,2025-08-18,Portfolio Management Assessment,4
61906357,cybersecurity,it,survey,Complex,15,2025-09-17,Cybersecurity Survey,7
61906358,financial modeling,economics,registration,Simple,11,2025-01-16,Financial Modeling Registration,8
61906359,content marketing,marketing,survey,Complex,15,2025-03-14,Content Marketing Survey,5
61906360,web development,it,registration,Moderate,11,2025-04-29,Web Development Registration,3
61906361,data science,it,application,Simple,10,2025-06-21,Data Science Application,4
61906362,content marketing,marketing,assessment,Complex,11,2025-10-21,Content Marketing Assessment,9
61906363,brand management,marketing,registration,Complex,11,2025-03-13,Brand Management Registration,12
61906364,digital marketing,marketing,assessment,Complex,8,2025-09-10,Digital Marketing Assessment,8
61906365,investment planning,economics,registration,Moderate,10,2025-03-31,Investment Planning Registration,4
61906366,investment planning,economics,application,Complex,11,2025-03-05,Investment Planning Application,12
61906367,data science,it,registration,Complex,5,2025-08-26,Data Science Registration,7
61906368,brand management,marketing,application,Moderate,7,2025-08-13,Brand Management Application,7
61906369,brand management,marketing,registration,Simple,15,2025-05-31,Brand Management Registration,5
61906370,machine learning,it,application,Moderate,11,2025-02-20,Machine Learning Application,11
61906371,data science,it,assessment,Simple,12,2025-09-26,Data Science Assessment,8
61906372,portfolio management,economics,assessment,Complex,7,2025-08-28,Portfolio Management Assessment,10
61906373,financial modeling,economics,survey,Complex,7,2025-06-30,Financial Modeling Survey,8
61906374,content marketing,marketing,assessment,Complex,9,2025-08-14,Content Marketing Assessment,11
61906375,content marketing,marketing,application,Complex,8,2024-12-26,Content Marketing Application,12
61906376,market analysis,economics,survey,Complex,10,2025-03-11,Market Analysis Survey,11
61906377,digital marketing,marketing,survey,Moderate,11,2025-06-18,Digital Marketing Survey,5
61906378,brand management,marketing,survey,Complex,12,2025-05-04,Brand Management Survey,8
61906379,portfolio management,economics,application,Moderate,5,2024-12-28,Portfolio Management Application,5
61906380,cloud computing,it,survey,Simple,6,2025-09-27,Cloud Computing Survey,7
61906381,data science,it,application,Moderate,6,2025-07-29,Data Science Application,10
61906382,investment planning,economics,application,Simple,6,2025-08-14,Investment Planning Application,4
61906383,content marketing,marketing,application,Complex,14,2025-09-27,Content Marketing Application,8
61906384,digital marketing,marketing,assessment,Simple,12,2025-03-07,Digital Marketing Assessment,11
61906385,web development,it,assessment,Moderate,11,2025-06-17,Web Development Assessment,9
61906386,market analysis,economics,application,Moderate,9,2025-03-05,Market Analysis Application,11
61906387,brand management,marketing,registration,Moderate,11,2025-04-01,Brand Management Registration,8
61906388,content marketing,marketing,assessment,Simple,10,2024-12-03,Content Marketing Assessment,6
61906389,digital marketing,marketing,application,Simple,14,2025-10-11,Digital Marketing Application,10
61906390,machine learning,it,application,Moderate,9,2025-10-25,Machine Learning Application,8
61906391,social media,marketing,application,Complex,9,2025-02-04,Social Media Application,6
61906392,cybersecurity,it,assessment,Complex,15,2024-11-25,Cybersecurity Assessment,9
61906393,investment planning,economics,application,Moderate,8,2024-12-30,Investment Planning Application,10
61906394,portfolio management,economics,application,Moderate,7,2025-08-21,Portfolio Management Application,10
61906395,cybersecurity,it,assessment,Simple,15,2025-01-28,Cybersecurity Assessment,11
61906396,investment planning,economics,survey,Moderate,6,2025-03-26,Investment Planning Survey,4
61906397,digital marketing,marketing,application,Complex,14,2025-02-24,Digital Marketing Application,8
61906398,market analysis,economics,assessment,Simple,7,2025-01-27,Market Analysis Assessment,11
61906399,machine learning,it,registration,Moderate,10,2025-08-15,Machine Learning Registration,4
61906400,data science,it,survey,Simple,5,2024-12-04,Data Science Survey,4
61906401,social media,marketing,survey,Simple,13,2025-05-05,Social Media Survey,7
61906402,cybersecurity,it,assessment,Moderate,5,2025-06-08,Cybersecurity Assessment,8
61906403,financial modeling,economics,assessment,Simple,9,2024-11-22,Financial Modeling Assessment,7
61906404,portfolio management,economics,application,Moderate,5,2025-05-15,Portfolio Management Application,4
61906405,cloud computing,it,assessment,Moderate,14,2025-04-30,Cloud Computing Assessment,4
61906406,machine learning,it,assessment,Simple,14,2025-01-03,Machine Learning Assessment,12
61906407,data science,it,assessment,Simple,13,2025-02-26,Data Science Assessment,3
61906408,content marketing,marketing,application,Moderate,11,2024-12-20,Content Marketing Application,8
61906409,market analysis,economics,assessment,Moderate,7,2025-07-09,Market Analysis Assessment,11
61906410,web development,it,registration,Moderate,10,2025-04-01,Web Development Registration,9
61906411,portfolio management,economics,application,Moderate,8,2025-06-26,Portfolio Management Application,3
61906412,web development,it,application,Simple,13,2025-04-10,Web Development Application,7
61906413,digital marketing,marketing,survey,Moderate,10,2025-05-11,Digital Marketing Survey,9
61906414,cloud computing,it,application,Moderate,5,2024-12-09,Cloud Computing Application,11
61906415,cybersecurity,it,assessment,Moderate,10,2025-03-10,Cybersecurity Assessment,3
61906416,brand management,marketing,registration,Moderate,5,2025-03-18,Brand Management Registration,5
61906417,web development,it,assessment,Complex,12,2025-06-18,Web Development Assessment,6
61906418,web development,it,survey,Moderate,11,2025-01-18,Web Development Survey,10
61906419,digital marketing,marketing,application,Simple,15,2025-06-26,Digital Marketing Application,11
61906420,market analysis,economics,application,Moderate,6,2025-08-25,Market Analysis Application,5
61906421,portfolio management,economics,survey,Simple,14,2024-12-15,Portfolio Management Survey,12
61906422,brand management,marketing,application,Simple,11,2025-05-28,Brand Management Application,9
61906423,market analysis,economics,survey,Simple,9,2025-08-25,Market Analysis Survey,7
61906424,brand management,marketing,survey,Complex,5,2025-09-30,Brand Management Survey,12
61906425,market analysis,economics,assessment,Simple,8,2025-08-21,Market Analysis Assessment,12
61906426,cybersecurity,it,survey,Simple,9,2025-02-04,Cybersecurity Survey,5
61906427,social media,marketing,application,Moderate,13,2025-08-01,Social Media Application,7
61906428,machine learning,it,survey,Moderate,11,2024-12-22,Machine Learning Survey,4
61906429,digital marketing,marketing,registration,Complex,13,2025-01-12,Digital Marketing Registration,5
61906430,investment planning,economics,application,Simple,14,2025-03-31,Investment Planning Application,6
61906431,data science,it,application,Simple,11,2025-01-01,Data Science Application,3
61906432,portfolio management,economics,application,Complex,5,2024-10-29,Portfolio Management Application,11
61906433,content marketing,marketing,registration,Complex,13,2025-02-07,Content Marketing Registration,10
61906434,digital marketing,marketing,registration,Complex,12,2025-06-22,Digital Marketing Registration,6
61906435,financial modeling,economics,survey,Complex,8,2025-08-16,Financial Modeling Survey,3
61906436,portfolio management,economics,application,Complex,13,2025-07-26,Portfolio Management Application,6
61906437,brand management,marketing,assessment,Simple,6,2024-11-30,Brand Management Assessment,4
61906438,web development,it,survey,Simple,12,2025-07-18,Web Development Survey,4
61906439,investment planning,economics,registration,Simple,15,2025-08-28,Investment Planning Registration,4
61906440,investment planning,economics,survey,Moderate,14,2025-06-24,Investment Planning Survey,9
61906441,social media,marketing,assessment,Complex,5,2024-11-04,Social Media Assessment,3
61906442,portfolio management,economics,survey,Moderate,10,2025-10-21,Portfolio Management Survey,7
61906443,data science,it,survey,Simple,11,2025-09-08,Data Science Survey,12
61906444,portfolio management,economics,survey,Moderate,5,2025-01-24,Portfolio Management Survey,5
61906445,social media,marketing,assessment,Simple,12,2025-08-26,Social Media Assessment,6
61906446,digital marketing,marketing,registration,Simple,13,2025-08-19,Digital Marketing Registration,8
61906447,digital marketing,marketing,registration,Complex,8,2025-08-27,Digital Marketing Registration,10
61906448,content marketing,marketing,registration,Simple,11,2025-03-31,Content Marketing Registration,11
61906449,machine learning,it,survey,Complex,13,2024-11-05,Machine Learning Survey,7
61906450,financial modeling,economics,assessment,Complex,10,2025-03-25,Financial Modeling Assessment,6
61906451,investment planning,economics,assessment,Complex,12,2024-11-27,Investment Planning Assessment,8
61906452,data science,it,assessment,Moderate,10,2025-05-10,Data Science Assessment,7
61906453,market analysis,economics,assessment,Simple,9,2025-04-07,Market Analysis Assessment,7
61906454,financial modeling,economics,survey,Complex,11,2025-09-06,Financial Modeling Survey,6
61906455,portfolio management,economics,registration,Moderate,15,2025-02-02,Portfolio Management Registration,4
61906456,investment planning,economics,assessment,Simple,7,2025-02-20,Investment Planning Assessment,7
61906457,social media,marketing,assessment,Complex,9,2025-08-09,Social Media Assessment,11
61906458,social media,marketing,survey,Complex,12,2025-10-11,Social Media Survey,9
61906459,brand management,marketing,assessment,Complex,8,2024-11-22,Brand Management Assessment,10
61906460,market analysis,economics,survey,Moderate,11,2025-01-24,Market Analysis Survey,6
61906461,social media,marketing,survey,Moderate,11,2025-01-25,Social Media Survey,3
61906462,content marketing,marketing,survey,Simple,12,2025-05-13,Content Marketing Survey,9
61906463,market analysis,economics,survey,Complex,9,2024-12-14,Market Analysis Survey,10
61906464,web development,it,survey,Moderate,7,2025-01-11,Web Development Survey,4
61906465,investment planning,economics,survey,Moderate,14,2025-09-25,Investment Planning Survey,9
61906466,digital marketing,marketing,application,Simple,13,2024-11-24,Digital Marketing Application,3
61906467,content marketing,marketing,assessment,Moderate,9,2025-07-30,Content Marketing Assessment,4
61906468,social media,marketing,assessment,Complex,7,2025-05-07,Social Media Assessment,8
61906469,web development,it,survey,Complex,9,2025-01-19,Web Development Survey,6
61906470,financial modeling,economics,assessment,Simple,12,2025-02-20,Financial Modeling Assessment,7
61906471,financial modeling,economics,application,Complex,15,2025-01-26,Financial Modeling Application,10
61906472,digital marketing,marketing,application,Complex,7,2025-07-02,Digital Marketing Application,8
61906473,cybersecurity,it,survey,Complex,12,2024-11-12,Cybersecurity Survey,10
61906474,digital marketing,marketing,registration,Moderate,8,2025-10-24,Digital Marketing Registration,9
61906475,digital marketing,marketing,assessment,Complex,7,2025-01-16,Digital Marketing Assessment,3
61906476,market analysis,economics,assessment,Moderate,12,2025-10-04,Market Analysis Assessment,8
61906477,cybersecurity,it,registration,Moderate,13,2025-03-23,Cybersecurity Registration,7
61906478,financial modeling,economics,assessment,Complex,14,2024-12-13,Financial Modeling Assessment,4
61906479,social media,marketing,registration,Moderate,8,2025-06-22,Social Media Registration,5
61906480,web development,it,survey,Complex,6,2024-11-17,Web Development Survey,9
61906481,digital marketing,marketing,survey,Moderate,5,2025-01-28,Digital Marketing Survey,9
61906482,data science,it,survey,Moderate,6,2025-04-01,Data Science Survey,5
61906483,web development,it,survey,Complex,7,2025-03-20,Web Development Survey,11
61906484,data science,it,registration,Simple,15,2025-09-14,Data Science Registration,4
61906485,digital marketing,marketing,registration,Simple,5,2025-01-23,Digital Marketing Registration,12
61906486,social media,marketing,application,Moderate,5,2025-04-18,Social Media Application,9
61906487,brand management,marketing,assessment,Simple,15,2025-06-01,Brand Management Assessment,10
61906488,investment planning,economics,survey,Simple,8,2025-07-09,Investment Planning Survey,10
61906489,web development,it,registration,Simple,6,2025-06-29,Web Development Registration,4
61906490,cybersecurity,it,registration,Simple,8,2025-01-26,Cybersecurity Registration,10
61906491,social media,marketing,application,Complex,8,2025-03-06,Social Media Application,6
61906492,cloud computing,it,survey,Complex,9,2025-10-01,Cloud Computing Survey,3
61906493,data science,it,registration,Complex,14,2025-06-15,Data Science Registration,8
61906494,brand management,marketing,assessment,Complex,14,2024-11-17,Brand Management Assessment,7
61906495,financial modeling,economics,survey,Complex,14,2025-08-10,Financial Modeling Survey,4
61906496,cloud computing,it,assessment,Moderate,7,2025-01-21,Cloud Computing Assessment,11
61906497,data science,it,application,Complex,11,2025-01-30,Data Science Application,5
61906498,market analysis,economics,survey,Complex,13,2025-05-08,Market Analysis Survey,10
61906499,financial modeling,economics,assessment,Simple,11,2025-09-02,Financial Modeling Assessment,11
61906500,cloud computing,it,assessment,Simple,8,2024-11-07,Cloud Computing Assessment,8
61906501,brand management,marketing,assessment,Simple,6,2025-07-30,Brand Management Assessment,12
61906502,content marketing,marketing,survey,Complex,12,2025-09-23,Content Marketing Survey,5
61906503,cybersecurity,it,assessment,Moderate,10,2024-12-25,Cybersecurity Assessment,4
61906504,machine learning,it,registration,Complex,5,2024-10-25,Machine Learning Registration,12
61906505,portfolio management,economics,assessment,Moderate,9,2024-12-05,Portfolio Management Assessment,10
61906506,content marketing,marketing,application,Simple,15,2025-02-17,Content Marketing Application,6
61906507,web development,it,survey,Moderate,12,2025-06-25,Web Development Survey,3
61906508,brand management,marketing,assessment,Simple,11,2025-09-26,Brand Management Assessment,10
61906509,portfolio management,economics,registration,Simple,12,2025-09-06,Portfolio Management Registration,5
61906510,data science,it,application,Simple,11,2025-01-16,Data Science Application,6
61906511,data science,it,assessment,Simple,5,2025-09-23,Data Science Assessment,8
61906512,financial modeling,economics,assessment,Simple,13,2025-02-03,Financial Modeling Assessment,4
61906513,data science,it,application,Simple,5,2024-12-29,Data Science Application,5
61906514,social media,marketing,survey,Moderate,14,2025-02-22,Social Media Survey,11
61906515,portfolio management,economics,assessment,Complex,8,2025-07-11,Portfolio Management Assessment,8
61906516,machine learning,it,survey,Simple,15,2024-12-10,Machine Learning Survey,9
61906517,brand management,marketing,assessment,Simple,6,2025-03-03,Brand Management Assessment,3
61906518,market analysis,economics,survey,Complex,14,2024-11-18,Market Analysis Survey,11
61906519,brand management,marketing,application,Simple,6,2025-07-30,Brand Management Application,10
61906520,portfolio management,economics,application,Simple,13,2025-01-16,Portfolio Management Application,7
61906521,market analysis,economics,registration,Complex,5,2025-05-03,Market Analysis Registration,12
61906522,market analysis,economics,survey,Complex,13,2025-07-20,Market Analysis Survey,12
61906523,data science,it,application,Moderate,15,2024-10-26,Data Science Application,10
61906524,digital marketing,marketing,assessment,Complex,7,2024-11-14,Digital Marketing Assessment,3
61906525,brand management,marketing,application,Simple,14,2025-03-13,Brand Management Application,8
61906526,web development,it,application,Complex,9,2024-11-28,Web Development Application,10
61906527,digital marketing,marketing,registration,Moderate,11,2024-11-02,Digital Marketing Registration,10
61906528,financial modeling,economics,application,Complex,6,2025-07-06,Financial Modeling Application,4
61906529,market analysis,economics,survey,Moderate,13,2025-03-13,Market Analysis Survey,10
61906530,social media,marketing,registration,Complex,5,2025-01-18,Social Media Registration,4
61906531,cloud computing,it,application,Moderate,10,2025-05-25,Cloud Computing Application,6
61906532,social media,marketing,survey,Simple,11,2024-12-19,Social Media Survey,5
61906533,web development,it,registration,Simple,10,2025-01-22,Web Development Registration,7
61906534,investment planning,economics,survey,Simple,11,2024-12-02,Investment Planning Survey,12
61906535,digital marketing,marketing,survey,Simple,14,2024-12-11,Digital Marketing Survey,9
61906536,digital marketing,marketing,assessment,Complex,11,2024-10-28,Digital Marketing Assessment,7
61906537,machine learning,it,survey,Complex,15,2025-03-27,Machine Learning Survey,6
61906538,social media,marketing,registration,Simple,12,2025-09-08,Social Media Registration,7
61906539,financial modeling,economics,survey,Simple,12,2025-06-18,Financial Modeling Survey,10
61906540,cloud computing,it,assessment,Simple,6,2025-04-10,Cloud Computing Assessment,10
61906541,data science,it,registration,Complex,13,2025-08-17,Data Science Registration,11
61906542,data science,it,assessment,Simple,13,2025-08-19,Data Science Assessment,9
61906543,portfolio management,economics,application,Complex,7,2024-12-12,Portfolio Management Application,12
61906544,cloud computing,it,assessment,Complex,5,2025-06-28,Cloud Computing Assessment,6
61906545,social media,marketing,assessment,Complex,6,2025-04-01,Social Media Assessment,10
61906546,content marketing,marketing,application,Simple,10,2025-03-26,Content Marketing Application,11
61906547,content marketing,marketing,application,Moderate,14,2025-10-18,Content Marketing Application,3
61906548,cybersecurity,it,survey,Complex,8,2025-08-30,Cybersecurity Survey,9
61906549,content marketing,marketing,registration,Simple,15,2024-12-17,Content Marketing Registration,6
61906550,financial modeling,economics,registration,Simple,7,2025-01-05,Financial Modeling Registration,6
61906551,social media,marketing,survey,Complex,8,2025-02-09,Social Media Survey,10
61906552,portfolio management,economics,survey,Moderate,7,2025-10-09,Portfolio Management Survey,3
61906553,portfolio management,economics,survey,Simple,15,2025-08-20,Portfolio Management Survey,5
61906554,data science,it,assessment,Simple,8,2025-09-08,Data Science Assessment,5
61906555,cloud computing,it,assessment,Simple,15,2025-05-19,Cloud Computing Assessment,7
61906556,investment planning,economics,registration,Simple,9,2024-12-26,Investment Planning Registration,9
61906557,brand management,marketing,survey,Moderate,15,2025-05-31,Brand Management Survey,11
61906558,data science,it,registration,Moderate,11,2025-01-20,Data Science Registration,10
61906559,market analysis,economics,survey,Simple,11,2025-03-13,Market Analysis Survey,8
61906560,market analysis,economics,registration,Simple,12,2025-06-05,Market Analysis Registration,9
61906561,portfolio management,economics,registration,Complex,12,2024-11-16,Portfolio Management Registration,3
61906562,digital marketing,marketing,survey,Moderate,6,2025-10-12,Digital Marketing Survey,9
61906563,investment planning,economics,application,Complex,15,2025-09-25,Investment Planning Application,11
61906564,content marketing,marketing,application,Simple,5,2025-10-01,Content Marketing Application,5
61906565,social media,marketing,registration,Simple,15,2025-05-05,Social Media Registration,8
61906566,content marketing,marketing,registration,Moderate,8,2025-01-12,Content Marketing Registration,3
61906567,cybersecurity,it,registration,Moderate,8,2024-12-30,Cybersecurity Registration,5
61906568,market analysis,economics,application,Moderate,8,2024-11-29,Market Analysis Application,8
61906569,cloud computing,it,application,Simple,14,2024-11-16,Cloud Computing Application,5
61906570,brand management,marketing,assessment,Complex,11,2025-01-21,Brand Management Assessment,7
61906571,content marketing,marketing,registration,Simple,11,2025-05-13,Content Marketing Registration,10
61906572,data science,it,application,Moderate,14,2025-02-03,Data Science Application,10
61906573,social media,marketing,registration,Complex,11,2024-12-27,Social Media Registration,4
61906574,data science,it,application,Simple,11,2025-01-11,Data Science Application,8
61906575,portfolio management,economics,application,Moderate,15,2025-07-05,Portfolio Management Application,12
61906576,brand management,marketing,registration,Complex,5,2024-10-29,Brand Management Registration,12
61906577,brand management,marketing,assessment,Moderate,15,2025-03-11,Brand Management Assessment,6
61906578,content marketing,marketing,application,Simple,7,2024-11-01,Content Marketing Application,11
61906579,cloud computing,it,assessment,Simple,14,2025-01-11,Cloud Computing Assessment,12
61906580,content marketing,marketing,assessment,Simple,10,2025-06-20,Content Marketing Assessment,9
61906581,content marketing,marketing,application,Simple,15,2024-12-23,Content Marketing Application,7
61906582,digital marketing,marketing,application,Complex,11,2025-01-10,Digital Marketing Application,9
61906583,digital marketing,marketing,application,Moderate,7,2025-08-21,Digital Marketing Application,5
61906584,web development,it,application,Simple,7,2025-04-27,Web Development Application,3
61906585,financial modeling,economics,survey,Moderate,7,2025-08-16,Financial Modeling Survey,6
61906586,social media,marketing,survey,Simple,14,2025-02-10,Social Media Survey,10
61906587,data science,it,registration,Moderate,10,2025-08-01,Data Science Registration,5
61906588,machine learning,it,assessment,Moderate,13,2025-08-06,Machine Learning Assessment,10
61906589,financial modeling,economics,registration,Complex,13,2025-02-16,Financial Modeling Registration,3
61906590,portfolio management,economics,registration,Complex,12,2025-09-14,Portfolio Management Registration,10
61906591,digital marketing,marketing,application,Simple,7,2025-02-13,Digital Marketing Application,7
61906592,content marketing,marketing,assessment,Moderate,5,2025-01-07,Content Marketing Assessment,4
61906593,machine learning,it,application,Complex,7,2025-07-25,Machine Learning Application,3
61906594,financial modeling,economics,registration,Moderate,10,2025-02-05,Financial Modeling Registration,4
61906595,digital marketing,marketing,survey,Moderate,7,2025-03-06,Digital Marketing Survey,7
61906596,financial modeling,economics,survey,Moderate,6,2025-01-27,Financial Modeling Survey,6
61906597,content marketing,marketing,survey,Complex,12,2025-04-01,Content Marketing Survey,9
61906598,portfolio management,economics,registration,Simple,5,2025-05-19,Portfolio Management Registration,7
61906599,investment planning,economics,assessment,Moderate,15,2025-09-21,Investment Planning Assessment,5
61906600,machine learning,it,registration,Complex,12,2025-04-20,Machine Learning Registration,12
61906601,web development,it,registration,Complex,8,2025-01-15,Web Development Registration,5
61906602,social media,marketing,survey,Complex,11,2025-09-16,Social Media Survey,11
61906603,cloud computing,it,survey,Simple,11,2025-10-03,Cloud Computing Survey,10
61906604,investment planning,economics,registration,Moderate,8,2025-07-21,Investment Planning Registration,11
61906605,portfolio management,economics,survey,Simple,10,2024-11-29,Portfolio Management Survey,3
61906606,data science,it,survey,Simple,7,2025-05-29,Data Science Survey,6
61906607,financial modeling,economics,survey,Moderate,15,2024-12-15,Financial Modeling Survey,4
61906608,market analysis,economics,registration,Simple,11,2025-03-29,Market Analysis Registration,3
61906609,cloud computing,it,registration,Complex,13,2024-12-06,Cloud Computing Registration,5
61906610,cloud computing,it,survey,Complex,14,2025-07-03,Cloud Computing Survey,10
61906611,financial modeling,economics,assessment,Moderate,10,2025-09-06,Financial Modeling Assessment,4
61906612,cloud computing,it,survey,Complex,6,2024-12-24,Cloud Computing Survey,5
61906613,portfolio management,economics,survey,Complex,13,2024-12-03,Portfolio Management Survey,4
61906614,machine learning,it,registration,Moderate,9,2025-09-17,Machine Learning Registration,12
61906615,social media,marketing,survey,Moderate,8,2025-05-24,Social Media Survey,11
61906616,digital marketing,marketing,survey,Complex,9,2025-09-13,Digital Marketing Survey,8
61906617,content marketing,marketing,registration,Complex,8,2025-08-28,Content Marketing Registration,5
61906618,content marketing,marketing,assessment,Simple,8,2024-12-21,Content Marketing Assessment,7
61906619,machine learning,it,application,Simple,9,2025-06-05,Machine Learning Application,3
61906620,investment planning,economics,registration,Simple,12,2025-03-07,Investment Planning Registration,5
61906621,content marketing,marketing,assessment,Complex,7,2024-12-28,Content Marketing Assessment,8
61906622,cloud computing,it,application,Simple,9,2025-07-15,Cloud Computing Application,3
61906623,content marketing,marketing,registration,Moderate,9,2025-03-31,Content Marketing Registration,7
61906624,content marketing,marketing,assessment,Simple,9,2025-04-06,Content Marketing Assessment,7
61906625,cloud computing,it,application,Moderate,5,2025-01-25,Cloud Computing Application,6
61906626,financial modeling,economics,survey,Simple,6,2025-04-26,Financial Modeling Survey,11
61906627,financial modeling,economics,registration,Simple,10,2025-09-09,Financial Modeling Registration,5
61906628,social media,marketing,registration,Complex,13,2025-09-19,Social Media Registration,11
61906629,financial modeling,economics,assessment,Complex,9,2024-10-26,Financial Modeling Assessment,9
61906630,market analysis,economics,survey,Moderate,15,2025-02-15,Market Analysis Survey,8
61906631,brand management,marketing,survey,Moderate,5,2025-10-21,Brand Management Survey,7
61906632,financial modeling,economics,registration,Moderate,12,2025-03-02,Financial Modeling Registration,6
61906633,social media,marketing,assessment,Complex,6,2025-03-07,Social Media Assessment,9
61906634,financial modeling,economics,application,Complex,5,2024-11-19,Financial Modeling Application,4
61906635,portfolio management,economics,survey,Complex,6,2025-01-09,Portfolio Management Survey,6
61906636,social media,marketing,registration,Simple,12,2025-07-16,Social Media Registration,11
61906637,digital marketing,marketing,registration,Simple,6,2025-07-13,Digital Marketing Registration,7
61906638,content marketing,marketing,assessment,Complex,8,2025-03-05,Content Marketing Assessment,6
61906639,investment planning,economics,assessment,Moderate,12,2025-06-05,Investment Planning Assessment,4
61906640,machine learning,it,survey,Simple,13,2025-07-04,Machine Learning Survey,10
61906641,data science,it,registration,Complex,15,2025-04-14,Data Science Registration,3
61906642,cloud computing,it,assessment,Complex,12,2025-01-14,Cloud Computing Assessment,7
61906643,brand management,marketing,registration,Moderate,5,2025-01-23,Brand Management Registration,5
61906644,content marketing,marketing,registration,Simple,8,2025-08-11,Content Marketing Registration,8
61906645,machine learning,it,application,Moderate,14,2025-04-29,Machine Learning Application,6
61906646,financial modeling,economics,application,Complex,14,2025-09-06,Financial Modeling Application,4
61906647,machine learning,it,survey,Moderate,14,2025-03-09,Machine Learning Survey,11
61906648,data science,it,assessment,Moderate,14,2025-08-09,Data Science Assessment,3
61906649,cloud computing,it,assessment,Simple,7,2024-11-26,Cloud Computing Assessment,5
61906650,market analysis,economics,assessment,Simple,9,2025-08-29,Market Analysis Assessment,5
61906651,content marketing,marketing,registration,Moderate,9,2024-11-27,Content Marketing Registration,3
61906652,content marketing,marketing,registration,Moderate,5,2024-12-04,Content Marketing Registration,7
61906653,content marketing,marketing,registration,Complex,10,2025-06-19,Content Marketing Registration,9
61906654,financial modeling,economics,registration,Complex,6,2025-06-09,Financial Modeling Registration,10
61906655,market analysis,economics,registration,Moderate,9,2025-08-20,Market Analysis Registration,7
61906656,brand management,marketing,application,Moderate,10,2025-06-03,Brand Management Application,7
61906657,social media,marketing,application,Simple,9,2025-04-09,Social Media Application,3
61906658,machine learning,it,application,Complex,8,2025-06-05,Machine Learning Application,9
61906659,cybersecurity,it,assessment,Complex,14,2025-02-23,Cybersecurity Assessment,4
61906660,investment planning,economics,registration,Moderate,9,2025-05-17,Investment Planning Registration,9
61906661,data science,it,assessment,Simple,8,2025-05-19,Data Science Assessment,10
61906662,machine learning,it,assessment,Complex,15,2025-07-02,Machine Learning Assessment,3
61906663,cloud computing,it,application,Complex,12,2025-03-11,Cloud Computing Application,9
61906664,investment planning,economics,survey,Moderate,9,2025-02-03,Investment Planning Survey,5
61906665,investment planning,economics,application,Complex,9,2025-03-18,Investment Planning Application,6
61906666,cybersecurity,it,application,Moderate,8,2025-01-29,Cybersecurity Application,9
61906667,investment planning,economics,survey,Moderate,11,2025-01-22,Investment Planning Survey,12
61906668,brand management,marketing,application,Complex,6,2024-12-29,Brand Management Application,11
61906669,cloud computing,it,survey,Simple,10,2025-03-01,Cloud Computing Survey,3
61906670,investment planning,economics,assessment,Complex,10,2024-11-16,Investment Planning Assessment,9
61906671,investment planning,economics,survey,Complex,10,2025-09-15,Investment Planning Survey,3
61906672,machine learning,it,assessment,Simple,7,2025-07-24,Machine Learning Assessment,3
61906673,brand management,marketing,assessment,Simple,15,2024-12-08,Brand Management Assessment,4
61906674,market analysis,economics,assessment,Moderate,8,2025-03-17,Market Analysis Assessment,11
61906675,cybersecurity,it,assessment,Complex,12,2024-10-26,Cybersecurity Assessment,10
61906676,investment planning,economics,application,Moderate,9,2024-12-28,Investment Planning Application,4
61906677,web development,it,assessment,Moderate,7,2025-10-06,Web Development Assessment,11
61906678,investment planning,economics,registration,Moderate,6,2025-09-16,Investment Planning Registration,11
61906679,digital marketing,marketing,registration,Simple,14,2024-11-23,Digital Marketing Registration,11
61906680,social media,marketing,assessment,Moderate,12,2025-06-25,Social Media Assessment,5
61906681,cybersecurity,it,registration,Complex,10,2025-09-13,Cybersecurity Registration,9
61906682,portfolio management,economics,registration,Moderate,8,2025-07-05,Portfolio Management Registration,5
61906683,web development,it,assessment,Complex,5,2025-04-12,Web Development Assessment,10
61906684,digital marketing,marketing,application,Moderate,15,2024-12-09,Digital Marketing Application,7
61906685,investment planning,economics,survey,Complex,14,2025-02-21,Investment Planning Survey,8
61906686,web development,it,assessment,Moderate,7,2025-03-29,Web Development Assessment,4
61906687,digital marketing,marketing,application,Complex,7,2025-06-06,Digital Marketing Application,6
61906688,digital marketing,marketing,registration,Moderate,12,2025-03-27,Digital Marketing Registration,3
61906689,cybersecurity,it,application,Moderate,7,2025-03-01,Cybersecurity Application,9
61906690,brand management,marketing,application,Moderate,8,2025-06-13,Brand Management Application,11
61906691,content marketing,marketing,application,Simple,15,2025-03-20,Content Marketing Application,7
61906692,data science,it,survey,Moderate,10,2025-09-04,Data Science Survey,3
61906693,digital marketing,marketing,assessment,Moderate,10,2024-11-22,Digital Marketing Assessment,10
61906694,brand management,marketing,application,Moderate,12,2025-06-01,Brand Management Application,10
61906695,digital marketing,marketing,survey,Simple,13,2025-02-09,Digital Marketing Survey,5
61906696,social media,marketing,application,Moderate,11,2025-07-29,Social Media Application,8
61906697,data science,it,registration,Simple,15,2025-09-23,Data Science Registration,12
61906698,market analysis,economics,survey,Complex,5,2025-07-11,Market Analysis Survey,6
61906699,machine learning,it,application,Simple,8,2025-02-10,Machine Learning Application,7
61906700,web development,it,assessment,Complex,9,2025-08-09,Web Development Assessment,10
61906701,digital marketing,marketing,survey,Moderate,10,2024-11-27,Digital Marketing Survey,10
61906702,cloud computing,it,registration,Moderate,10,2024-11-07,Cloud Computing Registration,5
61906703,portfolio management,economics,registration,Simple,12,2025-08-05,Portfolio Management Registration,5
61906704,cybersecurity,it,registration,Simple,9,2024-11-05,Cybersecurity Registration,9
61906705,investment planning,economics,application,Simple,13,2025-04-18,Investment Planning Application,3
61906706,web development,it,assessment,Simple,5,2025-03-28,Web Development Assessment,6
61906707,data science,it,application,Moderate,6,2025-07-15,Data Science Application,5
61906708,content marketing,marketing,application,Complex,15,2025-05-12,Content Marketing Application,9
61906709,data science,it,application,Moderate,12,2025-07-17,Data Science Application,6
61906710,cloud computing,it,registration,Moderate,13,2025-01-12,Cloud Computing Registration,5
61906711,cybersecurity,it,survey,Complex,14,2025-09-04,Cybersecurity Survey,12
61906712,social media,marketing,assessment,Simple,10,2025-01-18,Social Media Assessment,10
61906713,cloud computing,it,assessment,Complex,14,2024-11-16,Cloud Computing Assessment,12
61906714,investment planning,economics,application,Simple,15,2025-07-15,Investment Planning Application,10
61906715,digital marketing,marketing,assessment,Complex,10,2025-09-05,Digital Marketing Assessment,8
61906716,brand management,marketing,registration,Moderate,14,2024-11-03,Brand Management Registration,10
61906717,investment planning,economics,registration,Simple,7,2024-11-13,Investment Planning Registration,10
61906718,content marketing,marketing,application,Complex,6,2024-12-18,Content Marketing Application,12
61906719,web development,it,survey,Complex,15,2025-07-27,Web Development Survey,6
61906720,web development,it,application,Complex,5,2025-02-12,Web Development Application,4
61906721,portfolio management,economics,assessment,Complex,6,2025-05-03,Portfolio Management Assessment,7
61906722,brand management,marketing,registration,Moderate,14,2025-03-11,Brand Management Registration,3
61906723,content marketing,marketing,survey,Simple,7,2025-05-22,Content Marketing Survey,4
61906724,cloud computing,it,assessment,Simple,10,2025-09-02,Cloud Computing Assessment,3
61906725,content marketing,marketing,survey,Simple,6,2025-05-23,Content Marketing Survey,5
61906726,data science,it,assessment,Simple,8,2025-09-19,Data Science Assessment,10
61906727,social media,marketing,assessment,Complex,13,2024-12-22,Social Media Assessment,10
61906728,cloud computing,it,application,Moderate,10,2025-08-07,Cloud Computing Application,8
61906729,content marketing,marketing,registration,Simple,12,2024-12-11,Content Marketing Registration,8
61906730,content marketing,marketing,survey,Complex,7,2025-08-29,Content Marketing Survey,10
61906731,financial modeling,economics,survey,Moderate,14,2025-04-28,Financial Modeling Survey,4
61906732,data science,it,survey,Complex,6,2025-03-02,Data Science Survey,9
61906733,cybersecurity,it,survey,Complex,8,2025-06-11,Cybersecurity Survey,6
61906734,portfolio management,economics,registration,Simple,8,2025-10-16,Portfolio Management Registration,5
61906735,market analysis,economics,survey,Complex,5,2025-09-15,Market Analysis Survey,5
61906736,market analysis,economics,application,Moderate,11,2025-08-04,Market Analysis Application,5
61906737,social media,marketing,survey,Simple,5,2025-08-21,Social Media Survey,6
61906738,investment planning,economics,application,Complex,12,2025-08-27,Investment Planning Application,10
61906739,web development,it,application,Simple,13,2025-02-03,Web Development Application,12
61906740,cybersecurity,it,application,Moderate,5,2025-06-17,Cybersecurity Application,6
61906741,data science,it,registration,Simple,14,2025-09-15,Data Science Registration,11
61906742,financial modeling,economics,survey,Complex,6,2024-11-28,Financial Modeling Survey,8
61906743,cloud computing,it,assessment,Simple,10,2024-12-31,Cloud Computing Assessment,5
61906744,market analysis,economics,registration,Moderate,6,2025-08-30,Market Analysis Registration,3
61906745,cloud computing,it,registration,Simple,5,2025-01-25,Cloud Computing Registration,11
61906746,machine learning,it,application,Complex,10,2025-07-21,Machine Learning Application,6
61906747,financial modeling,economics,survey,Simple,10,2025-06-26,Financial Modeling Survey,3
61906748,data science,it,survey,Simple,11,2025-07-21,Data Science Survey,5
61906749,digital marketing,marketing,application,Moderate,15,2024-12-14,Digital Marketing Application,11
61906750,financial modeling,economics,assessment,Moderate,6,2025-06-24,Financial Modeling Assessment,6
61906751,portfolio management,economics,survey,Simple,13,2025-07-18,Portfolio Management Survey,3
61906752,web development,it,registration,Complex,11,2025-06-07,Web Development Registration,10
61906753,portfolio management,economics,survey,Simple,12,2025-07-24,Portfolio Management Survey,12
61906754,market analysis,economics,application,Moderate,15,2025-07-09,Market Analysis Application,8
61906755,content marketing,marketing,application,Complex,9,2025-04-21,Content Marketing Application,11
61906756,investment planning,economics,registration,Complex,13,2025-05-06,Investment Planning Registration,4
61906757,market analysis,economics,assessment,Simple,9,2025-04-08,Market Analysis Assessment,5
61906758,portfolio management,economics,registration,Moderate,5,2025-03-26,Portfolio Management Registration,12
61906759,social media,marketing,registration,Complex,8,2024-12-20,Social Media Registration,8
61906760,content marketing,marketing,registration,Simple,14,2024-11-06,Content Marketing Registration,5
61906761,financial modeling,economics,registration,Simple,12,2025-05-17,Financial Modeling Registration,5
61906762,cloud computing,it,application,Simple,15,2025-04-02,Cloud Computing Application,9
61906763,social media,marketing,application,Moderate,7,2024-11-24,Social Media Application,7
61906764,investment planning,economics,registration,Moderate,11,2025-03-12,Investment Planning Registration,7
61906765,portfolio management,economics,survey,Simple,14,2025-05-15,Portfolio Management Survey,6
61906766,content marketing,marketing,survey,Complex,6,2025-05-29,Content Marketing Survey,8
61906767,portfolio management,economics,assessment,Simple,5,2025-04-26,Portfolio Management Assessment,7
61906768,machine learning,it,assessment,Simple,13,2024-12-18,Machine Learning Assessment,6
61906769,investment planning,economics,registration,Simple,5,2024-11-23,Investment Planning Registration,11
61906770,portfolio management,economics,assessment,Moderate,15,2025-08-03,Portfolio Management Assessment,5
61906771,cloud computing,it,registration,Moderate,12,2025-03-05,Cloud Computing Registration,7
61906772,brand management,marketing,application,Simple,9,2024-11-27,Brand Management Application,8
61906773,market analysis,economics,registration,Simple,9,2025-08-20,Market Analysis Registration,12
61906774,social media,marketing,survey,Complex,6,2025-08-11,Social Media Survey,5
61906775,digital marketing,marketing,assessment,Moderate,7,2025-09-19,Digital Marketing Assessment,3
61906776,brand management,marketing,assessment,Simple,13,2025-09-15,Brand Management Assessment,4
61906777,financial modeling,economics,registration,Moderate,12,2024-11-04,Financial Modeling Registration,12
61906778,market analysis,economics,registration,Moderate,14,2024-10-29,Market Analysis Registration,6
61906779,machine learning,it,assessment,Complex,5,2025-03-10,Machine Learning Assessment,3
61906780,machine learning,it,application,Moderate,7,2025-06-04,Machine Learning Application,7
61906781,brand management,marketing,registration,Complex,5,2025-08-11,Brand Management Registration,6
61906782,web development,it,registration,Complex,8,2025-04-22,Web Development Registration,8
61906783,cybersecurity,it,survey,Moderate,8,2025-06-21,Cybersecurity Survey,11
61906784,brand management,marketing,survey,Simple,6,2025-06-08,Brand Management Survey,4
61906785,investment planning,economics,registration,Moderate,10,2025-07-02,Investment Planning Registration,3
61906786,digital marketing,marketing,registration,Complex,9,2025-03-22,Digital Marketing Registration,5
61906787,investment planning,economics,registration,Moderate,12,2024-12-04,Investment Planning Registration,8
61906788,brand management,marketing,registration,Simple,5,2025-02-28,Brand Management Registration,5
61906789,social media,marketing,application,Simple,5,2025-03-15,Social Media Application,10
61906790,data science,it,assessment,Complex,5,2025-07-12,Data Science Assessment,9
61906791,cloud computing,it,registration,Simple,6,2025-07-20,Cloud Computing Registration,7
61906792,portfolio management,economics,registration,Moderate,9,2025-03-24,Portfolio Management Registration,5
61906793,investment planning,economics,survey,Simple,14,2024-12-05,Investment Planning Survey,11
61906794,cybersecurity,it,survey,Complex,5,2025-04-15,Cybersecurity Survey,3
61906795,data science,it,registration,Simple,5,2025-06-15,Data Science Registration,3
61906796,social media,marketing,assessment,Simple,9,2025-06-16,Social Media Assessment,6
61906797,financial modeling,economics,assessment,Moderate,12,2025-04-08,Financial Modeling Assessment,9
61906798,investment planning,economics,registration,Moderate,9,2025-01-10,Investment Planning Registration,11
61906799,web development,it,application,Moderate,13,2025-05-01,Web Development Application,9
61906800,web development,it,survey,Moderate,12,2024-12-19,Web Development Survey,8
61906801,investment planning,economics,application,Moderate,6,2025-03-05,Investment Planning Application,7
61906802,brand management,marketing,survey,Simple,8,2025-10-11,Brand Management Survey,10
61906803,financial modeling,economics,application,Simple,9,2025-03-10,Financial Modeling Application,3
61906804,web development,it,survey,Complex,6,2025-09-27,Web Development Survey,11
61906805,investment planning,economics,survey,Moderate,6,2025-02-02,Investment Planning Survey,4
61906806,brand management,marketing,application,Moderate,11,2024-12-24,Brand Management Application,5
61906807,digital marketing,marketing,assessment,Simple,7,2025-09-28,Digital Marketing Assessment,5
61906808,machine learning,it,survey,Moderate,6,2024-11-28,Machine Learning Survey,7
61906809,brand management,marketing,assessment,Moderate,7,2025-06-06,Brand Management Assessment,5
61906810,digital marketing,marketing,assessment,Moderate,5,2025-05-26,Digital Marketing Assessment,5
61906811,digital marketing,marketing,application,Moderate,8,2025-06-04,Digital Marketing Application,5
61906812,social media,marketing,survey,Simple,12,2025-10-03,Social Media Survey,3
61906813,digital marketing,marketing,application,Complex,12,2025-08-24,Digital Marketing Application,9
61906814,brand management,marketing,assessment,Complex,5,2024-12-29,Brand Management Assessment,7
61906815,portfolio management,economics,application,Simple,8,2025-04-06,Portfolio Management Application,8
61906816,social media,marketing,assessment,Simple,9,2025-07-16,Social Media Assessment,10
61906817,machine learning,it,survey,Moderate,9,2025-09-24,Machine Learning Survey,11
61906818,digital marketing,marketing,assessment,Simple,15,2024-10-25,Digital Marketing Assessment,9
61906819,cybersecurity,it,registration,Simple,12,2025-02-28,Cybersecurity Registration,4
61906820,cybersecurity,it,application,Complex,6,2025-05-31,Cybersecurity Application,3
61906821,market analysis,economics,survey,Simple,11,2025-03-20,Market Analysis Survey,10
61906822,data science,it,registration,Moderate,15,2024-11-24,Data Science Registration,4
61906823,data science,it,survey,Complex,11,2025-07-16,Data Science Survey,8
61906824,data science,it,assessment,Complex,9,2025-06-22,Data Science Assessment,6
61906825,data science,it,registration,Simple,13,2025-06-03,Data Science Registration,9
61906826,social media,marketing,survey,Complex,15,2024-12-11,Social Media Survey,7
61906827,web development,it,registration,Simple,11,2025-08-03,Web Development Registration,8
61906828,cloud computing,it,registration,Moderate,8,2024-11-23,Cloud Computing Registration,9
61906829,brand management,marketing,application,Complex,6,2025-08-25,Brand Management Application,11
61906830,web development,it,registration,Complex,13,2025-06-09,Web Development Registration,5
61906831,cybersecurity,it,application,Complex,10,2025-10-25,Cybersecurity Application,4
61906832,digital marketing,marketing,registration,Simple,14,2024-10-28,Digital Marketing Registration,9
61906833,cybersecurity,it,application,Complex,6,2025-09-27,Cybersecurity Application,4
61906834,market analysis,economics,survey,Moderate,15,2024-11-27,Market Analysis Survey,3
61906835,portfolio management,economics,registration,Simple,14,2025-10-02,Portfolio Management Registration,4
61906836,machine learning,it,assessment,Complex,9,2024-12-09,Machine Learning Assessment,4
61906837,content marketing,marketing,assessment,Simple,5,2024-10-25,Content Marketing Assessment,5
61906838,digital marketing,marketing,assessment,Simple,11,2024-11-12,Digital Marketing Assessment,3
61906839,brand management,marketing,assessment,Simple,9,2025-06-24,Brand Management Assessment,12
61906840,social media,marketing,application,Complex,14,2025-02-16,Social Media Application,6
61906841,cybersecurity,it,application,Moderate,11,2025-01-25,Cybersecurity Application,6
61906842,cloud computing,it,registration,Complex,11,2025-04-26,Cloud Computing Registration,6
61906843,financial modeling,economics,survey,Complex,5,2025-10-24,Financial Modeling Survey,5
61906844,portfolio management,economics,application,Simple,15,2024-12-08,Portfolio Management Application,9
61906845,cybersecurity,it,registration,Simple,12,2025-05-20,Cybersecurity Registration,8
61906846,market analysis,economics,registration,Moderate,14,2025-06-16,Market Analysis Registration,11
61906847,content marketing,marketing,survey,Simple,7,2025-10-01,Content Marketing Survey,10
61906848,content marketing,marketing,registration,Moderate,6,2025-09-20,Content Marketing Registration,10
61906849,investment planning,economics,survey,Simple,13,2025-03-11,Investment Planning Survey,6
61906850,data science,it,registration,Simple,6,2025-01-01,Data Science Registration,5
61906851,brand management,marketing,application,Complex,9,2025-01-21,Brand Management Application,9
61906852,portfolio management,economics,application,Moderate,5,2025-05-31,Portfolio Management Application,12
61906853,data science,it,survey,Complex,5,2025-03-06,Data Science Survey,6
61906854,content marketing,marketing,survey,Moderate,11,2025-09-24,Content Marketing Survey,4
61906855,web development,it,assessment,Complex,12,2025-09-20,Web Development Assessment,6
61906856,cloud computing,it,registration,Complex,8,2025-09-07,Cloud Computing Registration,8
61906857,investment planning,economics,application,Simple,9,2025-05-18,Investment Planning Application,6
61906858,investment planning,economics,assessment,Simple,9,2025-03-04,Investment Planning Assessment,5
61906859,market analysis,economics,registration,Complex,9,2025-04-06,Market Analysis Registration,10
61906860,social media,marketing,assessment,Moderate,7,2025-01-13,Social Media Assessment,7
61906861,investment planning,economics,application,Complex,13,2024-12-23,Investment Planning Application,9
61906862,market analysis,economics,application,Complex,10,2025-01-26,Market Analysis Application,5
61906863,data science,it,assessment,Complex,9,2025-03-19,Data Science Assessment,6
61906864,data science,it,application,Moderate,12,2025-02-01,Data Science Application,7
61906865,digital marketing,marketing,survey,Complex,9,2025-02-22,Digital Marketing Survey,10
61906866,social media,marketing,registration,Moderate,7,2025-08-17,Social Media Registration,5
61906867,social media,marketing,assessment,Moderate,10,2025-08-31,Social Media Assessment,10
61906868,investment planning,economics,survey,Simple,5,2025-03-23,Investment Planning Survey,3
61906869,machine learning,it,survey,Simple,11,2025-06-03,Machine Learning Survey,9
61906870,cloud computing,it,application,Simple,15,2024-11-17,Cloud Computing Application,7
61906871,digital marketing,marketing,survey,Moderate,11,2025-04-27,Digital Marketing Survey,5
61906872,portfolio management,economics,application,Simple,6,2025-03-02,Portfolio Management Application,7
61906873,portfolio management,economics,application,Moderate,13,2025-07-31,Portfolio Management Application,5
61906874,digital marketing,marketing,survey,Simple,12,2025-05-15,Digital Marketing Survey,11
61906875,machine learning,it,application,Simple,15,2025-10-09,Machine Learning Application,4
61906876,digital marketing,marketing,assessment,Simple,9,2025-08-27,Digital Marketing Assessment,10
61906877,data science,it,assessment,Complex,11,2024-12-21,Data Science Assessment,9
61906878,market analysis,economics,registration,Moderate,15,2025-06-12,Market Analysis Registration,7
61906879,cloud computing,it,application,Complex,14,2025-10-20,Cloud Computing Application,6
61906880,social media,marketing,assessment,Simple,14,2025-09-10,Social Media Assessment,5
61906881,content marketing,marketing,survey,Complex,9,2025-07-30,Content Marketing Survey,10
61906882,financial modeling,economics,assessment,Moderate,6,2025-08-20,Financial Modeling Assessment,9
61906883,brand management,marketing,survey,Simple,13,2025-06-28,Brand Management Survey,11
61906884,cloud computing,it,application,Moderate,13,2024-11-07,Cloud Computing Application,7
61906885,cybersecurity,it,registration,Simple,13,2025-05-11,Cybersecurity Registration,5
61906886,market analysis,economics,application,Simple,15,2025-06-11,Market Analysis Application,9
61906887,content marketing,marketing,survey,Moderate,9,2025-02-04,Content Marketing Survey,5
61906888,financial modeling,economics,assessment,Complex,10,2024-12-13,Financial Modeling Assessment,8
61906889,portfolio management,economics,application,Complex,13,2025-08-13,Portfolio Management Application,10
61906890,financial modeling,economics,application,Simple,9,2025-07-24,Financial Modeling Application,3
61906891,market analysis,economics,registration,Complex,12,2025-01-19,Market Analysis Registration,11
61906892,social media,marketing,registration,Complex,10,2025-03-10,Social Media Registration,10
61906893,digital marketing,marketing,survey,Simple,7,2025-02-01,Digital Marketing Survey,8
61906894,financial modeling,economics,application,Moderate,11,2025-08-11,Financial Modeling Application,4
61906895,machine learning,it,registration,Complex,15,2025-09-11,Machine Learning Registration,9
61906896,social media,marketing,survey,Complex,6,2024-11-08,Social Media Survey,3
61906897,investment planning,economics,assessment,Simple,15,2025-09-11,Investment Planning Assessment,8
61906898,digital marketing,marketing,assessment,Moderate,6,2025-06-02,Digital Marketing Assessment,8
61906899,content marketing,marketing,survey,Simple,13,2024-12-19,Content Marketing Survey,5
61906900,web development,it,application,Complex,11,2025-04-12,Web Development Application,7
61906901,content marketing,marketing,registration,Complex,10,2025-05-06,Content Marketing Registration,9
61906902,data science,it,registration,Simple,8,2025-02-10,Data Science Registration,8
61906903,portfolio management,economics,registration,Simple,5,2025-01-11,Portfolio Management Registration,6
61906904,cloud computing,it,survey,Moderate,15,2025-02-19,Cloud Computing Survey,10
61906905,cloud computing,it,registration,Complex,5,2025-01-30,Cloud Computing Registration,9
61906906,cybersecurity,it,survey,Moderate,6,2025-04-24,Cybersecurity Survey,12
61906907,cybersecurity,it,survey,Complex,10,2025-01-10,Cybersecurity Survey,8
61906908,investment planning,economics,registration,Simple,15,2025-03-09,Investment Planning Registration,12
61906909,market analysis,economics,survey,Complex,6,2025-10-22,Market Analysis Survey,8
61906910,portfolio management,economics,survey,Moderate,10,2024-12-31,Portfolio Management Survey,9
61906911,investment planning,economics,assessment,Moderate,12,2025-04-25,Investment Planning Assessment,6
61906912,cybersecurity,it,application,Moderate,12,2025-06-01,Cybersecurity Application,9
61906913,machine learning,it,registration,Complex,9,2025-02-26,Machine Learning Registration,9
61906914,data science,it,survey,Simple,10,2025-02-27,Data Science Survey,12
61906915,investment planning,economics,registration,Simple,15,2024-11-29,Investment Planning Registration,7
61906916,market analysis,economics,registration,Moderate,7,2025-01-06,Market Analysis Registration,9
61906917,machine learning,it,registration,Simple,14,2025-02-11,Machine Learning Registration,5
61906918,portfolio management,economics,survey,Complex,11,2025-09-11,Portfolio Management Survey,7
61906919,digital marketing,marketing,application,Moderate,13,2024-12-31,Digital Marketing Application,12
61906920,investment planning,economics,application,Simple,6,2025-06-01,Investment Planning Application,6
61906921,investment planning,economics,registration,Simple,13,2025-05-15,Investment Planning Registration,4
61906922,brand management,marketing,assessment,Complex,6,2025-08-24,Brand Management Assessment,6
61906923,content marketing,marketing,registration,Complex,8,2025-10-18,Content Marketing Registration,11
61906924,portfolio management,economics,survey,Simple,15,2025-03-02,Portfolio Management Survey,4
61906925,machine learning,it,registration,Simple,14,2024-12-19,Machine Learning Registration,5
61906926,cloud computing,it,survey,Moderate,13,2025-03-28,Cloud Computing Survey,9
61906927,social media,marketing,survey,Complex,8,2025-04-19,Social Media Survey,11
61906928,data science,it,application,Complex,8,2025-07-31,Data Science Application,4
61906929,portfolio management,economics,survey,Simple,8,2025-01-14,Portfolio Management Survey,7
61906930,investment planning,economics,registration,Simple,12,2025-06-28,Investment Planning Registration,3
61906931,social media,marketing,survey,Simple,9,2024-12-27,Social Media Survey,11
61906932,digital marketing,marketing,survey,Complex,10,2025-07-02,Digital Marketing Survey,9
61906933,cybersecurity,it,assessment,Simple,11,2025-04-14,Cybersecurity Assessment,10
61906934,financial modeling,economics,application,Complex,11,2025-07-05,Financial Modeling Application,8
61906935,cybersecurity,it,survey,Simple,7,2025-02-15,Cybersecurity Survey,10
61906936,data science,it,application,Simple,8,2025-08-01,Data Science Application,7
61906937,digital marketing,marketing,survey,Complex,7,2025-06-29,Digital Marketing Survey,11
61906938,market analysis,economics,assessment,Complex,15,2024-12-19,Market Analysis Assessment,11
61906939,market analysis,economics,assessment,Complex,15,2025-08-19,Market Analysis Assessment,11
61906940,social media,marketing,registration,Complex,9,2024-10-28,Social Media Registration,5
61906941,financial modeling,economics,registration,Complex,13,2025-09-19,Financial Modeling Registration,3
61906942,digital marketing,marketing,registration,Complex,5,2025-02-16,Digital Marketing Registration,12
61906943,cybersecurity,it,assessment,Moderate,14,2025-07-30,Cybersecurity Assessment,3
61906944,content marketing,marketing,application,Simple,5,2025-09-01,Content Marketing Application,8
61906945,cybersecurity,it,survey,Simple,9,2025-09-19,Cybersecurity Survey,6
61906946,machine learning,it,survey,Simple,13,2024-11-09,Machine Learning Survey,6
61906947,content marketing,marketing,registration,Complex,5,2024-11-24,Content Marketing Registration,4
61906948,social media,marketing,survey,Complex,14,2025-04-07,Social Media Survey,4
61906949,financial modeling,economics,survey,Simple,6,2025-05-25,Financial Modeling Survey,10
61906950,investment planning,economics,assessment,Moderate,6,2025-09-13,Investment Planning Assessment,8
61906951,digital marketing,marketing,assessment,Complex,6,2025-06-06,Digital Marketing Assessment,5
61906952,social media,marketing,registration,Moderate,9,2025-07-20,Social Media Registration,11
61906953,investment planning,economics,registration,Simple,8,2025-06-08,Investment Planning Registration,10
61906954,market analysis,economics,survey,Moderate,5,2025-03-13,Market Analysis Survey,10
61906955,cloud computing,it,application,Moderate,10,2024-10-31,Cloud Computing Application,4
61906956,data science,it,assessment,Complex,13,2025-08-19,Data Science Assessment,10
61906957,social media,marketing,assessment,Simple,8,2025-08-23,Social Media Assessment,4
61906958,market analysis,economics,application,Simple,14,2025-09-18,Market Analysis Application,11
61906959,portfolio management,economics,assessment,Simple,14,2025-09-27,Portfolio Management Assessment,11
61906960,portfolio management,economics,survey,Complex,9,2025-07-23,Portfolio Management Survey,7
61906961,market analysis,economics,application,Complex,5,2025-04-05,Market Analysis Application,6
61906962,machine learning,it,application,Complex,14,2025-10-12,Machine Learning Application,4
61906963,investment planning,economics,application,Simple,11,2024-11-26,Investment Planning Application,12
61906964,data science,it,application,Complex,10,2025-02-10,Data Science Application,8
61906965,data science,it,assessment,Simple,7,2025-05-04,Data Science Assessment,3
61906966,content marketing,marketing,assessment,Simple,9,2025-10-12,Content Marketing Assessment,8
61906967,web development,it,assessment,Moderate,12,2025-02-23,Web Development Assessment,5
61906968,market analysis,economics,registration,Moderate,8,2025-01-10,Market Analysis Registration,10
61906969,cybersecurity,it,assessment,Simple,12,2025-08-23,Cybersecurity Assessment,4
61906970,content marketing,marketing,registration,Simple,5,2025-09-17,Content Marketing Registration,7
61906971,investment planning,economics,application,Complex,10,2025-05-01,Investment Planning Application,8
61906972,financial modeling,economics,application,Moderate,10,2025-06-10,Financial Modeling Application,6
61906973,digital marketing,marketing,registration,Moderate,15,2025-06-24,Digital Marketing Registration,11
61906974,brand management,marketing,survey,Simple,13,2025-04-11,Brand Management Survey,9
61906975,cloud computing,it,survey,Complex,12,2025-05-11,Cloud Computing Survey,8
61906976,financial modeling,economics,assessment,Simple,13,2025-04-11,Financial Modeling Assessment,11
61906977,social media,marketing,assessment,Complex,12,2025-09-23,Social Media Assessment,3
61906978,data science,it,survey,Complex,6,2025-01-10,Data Science Survey,5
61906979,digital marketing,marketing,application,Moderate,12,2025-04-20,Digital Marketing Application,6
61906980,digital marketing,marketing,application,Simple,13,2025-05-14,Digital Marketing Application,8
61906981,cloud computing,it,assessment,Complex,7,2024-10-31,Cloud Computing Assessment,12
61906982,social media,marketing,assessment,Complex,6,2025-03-13,Social Media Assessment,7
61906983,data science,it,survey,Complex,14,2024-11-03,Data Science Survey,3
61906984,digital marketing,marketing,registration,Moderate,5,2025-09-14,Digital Marketing Registration,4
61906985,brand management,marketing,application,Moderate,15,2025-03-07,Brand Management Application,5
61906986,machine learning,it,assessment,Moderate,12,2024-12-03,Machine Learning Assessment,7
61906987,portfolio management,economics,survey,Simple,12,2025-05-22,Portfolio Management Survey,6
61906988,machine learning,it,registration,Simple,7,2025-05-20,Machine Learning Registration,8
61906989,market analysis,economics,application,Moderate,13,2024-11-19,Market Analysis Application,7
61906990,market analysis,economics,assessment,Simple,10,2025-10-21,Market Analysis Assessment,10
61906991,brand management,marketing,survey,Complex,11,2025-02-23,Brand Management Survey,8
61906992,web development,it,registration,Complex,10,2025-04-25,Web Development Registration,11
61906993,cloud computing,it,assessment,Simple,9,2025-05-10,Cloud Computing Assessment,3
61906994,portfolio management,economics,survey,Complex,13,2025-01-13,Portfolio Management Survey,3
61906995,investment planning,economics,application,Complex,15,2025-08-08,Investment Planning Application,9
61906996,digital marketing,marketing,survey,Moderate,12,2025-04-04,Digital Marketing Survey,4
61906997,content marketing,marketing,application,Simple,11,2025-03-22,Content Marketing Application,6
61906998,cybersecurity,it,application,Complex,5,2025-05-14,Cybersecurity Application,11
61906999,portfolio management,economics,registration,Simple,10,2025-09-09,Portfolio Management Registration,5
61907000,portfolio management,economics,application,Complex,12,2025-01-07,Portfolio Management Application,3
61907001,investment planning,economics,application,Moderate,15,2025-09-28,Investment Planning Application,7
61907002,market analysis,economics,survey,Moderate,7,2025-02-15,Market Analysis Survey,5
61907003,brand management,marketing,registration,Complex,5,2025-10-20,Brand Management Registration,9
61907004,web development,it,survey,Moderate,6,2025-06-28,Web Development Survey,6
61907005,market analysis,economics,registration,Moderate,15,2024-11-12,Market Analysis Registration,8
61907006,data science,it,registration,Moderate,11,2025-06-17,Data Science Registration,5
61907007,portfolio management,economics,registration,Simple,5,2025-05-28,Portfolio Management Registration,8
61907008,machine learning,it,application,Complex,11,2025-07-07,Machine Learning Application,5
61907009,investment planning,economics,registration,Simple,15,2025-01-04,Investment Planning Registration,6
61907010,cloud computing,it,survey,Complex,6,2025-02-27,Cloud Computing Survey,5
61907011,web development,it,survey,Moderate,5,2025-08-14,Web Development Survey,7
61907012,data science,it,application,Complex,15,2025-06-21,Data Science Application,7
61907013,brand management,marketing,registration,Complex,6,2025-08-18,Brand Management Registration,9
61907014,cloud computing,it,application,Complex,8,2025-03-19,Cloud Computing Application,10
61907015,financial modeling,economics,registration,Simple,6,2025-07-29,Financial Modeling Registration,5
61907016,cloud computing,it,registration,Complex,10,2025-02-26,Cloud Computing Registration,10
61907017,digital marketing,marketing,survey,Complex,7,2024-12-03,Digital Marketing Survey,4
61907018,digital marketing,marketing,survey,Complex,11,2025-05-24,Digital Marketing Survey,12
61907019,investment planning,economics,survey,Simple,9,2025-06-06,Investment Planning Survey,3
61907020,cloud computing,it,registration,Simple,9,2025-05-06,Cloud Computing Registration,12
61907021,data science,it,registration,Moderate,15,2025-03-19,Data Science Registration,11
61907022,data science,it,application,Moderate,12,2024-12-14,Data Science Application,11
61907023,cybersecurity,it,assessment,Simple,13,2025-06-18,Cybersecurity Assessment,7
61907024,social media,marketing,application,Simple,15,2024-11-19,Social Media Application,3
61907025,web development,it,registration,Moderate,15,2025-04-10,Web Development Registration,12
61907026,data science,it,registration,Complex,15,2025-04-23,Data Science Registration,12
61907027,cybersecurity,it,registration,Moderate,7,2025-06-08,Cybersecurity Registration,7
61907028,financial modeling,economics,registration,Simple,14,2024-11-07,Financial Modeling Registration,9
61907029,market analysis,economics,registration,Simple,14,2025-06-04,Market Analysis Registration,5
61907030,brand management,marketing,registration,Complex,12,2025-06-08,Brand Management Registration,10
61907031,machine learning,it,assessment,Moderate,13,2025-01-16,Machine Learning Assessment,11
61907032,cybersecurity,it,survey,Moderate,9,2024-12-19,Cybersecurity Survey,3
61907033,cybersecurity,it,registration,Simple,11,2025-06-22,Cybersecurity Registration,7
61907034,brand management,marketing,registration,Complex,12,2025-05-03,Brand Management Registration,10
61907035,brand management,marketing,assessment,Complex,9,2025-05-22,Brand Management Assessment,3
61907036,digital marketing,marketing,assessment,Simple,5,2024-11-16,Digital Marketing Assessment,12
61907037,content marketing,marketing,registration,Simple,10,2025-01-15,Content Marketing Registration,3
61907038,market analysis,economics,registration,Simple,12,2025-09-12,Market Analysis Registration,4
61907039,brand management,marketing,registration,Complex,12,2024-12-26,Brand Management Registration,4
61907040,content marketing,marketing,assessment,Complex,5,2025-02-05,Content Marketing Assessment,9
61907041,web development,it,survey,Complex,10,2025-03-15,Web Development Survey,3
61907042,brand management,marketing,registration,Moderate,14,2024-11-16,Brand Management Registration,11
61907043,brand management,marketing,application,Simple,7,2025-10-25,Brand Management Application,4
61907044,web development,it,assessment,Complex,10,2025-05-06,Web Development Assessment,8
61907045,digital marketing,marketing,assessment,Moderate,14,2025-09-09,Digital Marketing Assessment,12
61907046,content marketing,marketing,assessment,Simple,8,2025-01-29,Content Marketing Assessment,9
61907047,digital marketing,marketing,registration,Moderate,8,2025-07-14,Digital Marketing Registration,12
61907048,cloud computing,it,registration,Complex,5,2025-02-12,Cloud Computing Registration,8
61907049,portfolio management,economics,application,Simple,9,2025-08-28,Portfolio Management Application,5
61907050,investment planning,economics,survey,Complex,11,2024-11-16,Investment Planning Survey,7
61907051,machine learning,it,registration,Moderate,11,2025-06-23,Machine Learning Registration,5
61907052,machine learning,it,application,Simple,14,2024-10-28,Machine Learning Application,5
61907053,digital marketing,marketing,survey,Complex,9,2024-11-20,Digital Marketing Survey,10
61907054,cloud computing,it,survey,Simple,8,2024-11-21,Cloud Computing Survey,11
61907055,social media,marketing,assessment,Simple,9,2025-03-14,Social Media Assessment,9
61907056,market analysis,economics,registration,Moderate,6,2024-11-29,Market Analysis Registration,7
61907057,social media,marketing,survey,Moderate,11,2025-04-15,Social Media Survey,12
61907058,cybersecurity,it,application,Complex,8,2025-01-15,Cybersecurity Application,4
61907059,cybersecurity,it,survey,Complex,14,2025-03-31,Cybersecurity Survey,4
61907060,machine learning,it,registration,Moderate,12,2025-10-18,Machine Learning Registration,7
61907061,brand management,marketing,application,Moderate,10,2025-08-28,Brand Management Application,3
61907062,data science,it,application,Moderate,8,2025-09-15,Data Science Application,8
61907063,machine learning,it,registration,Complex,15,2025-10-23,Machine Learning Registration,10
61907064,web development,it,assessment,Moderate,11,2024-11-16,Web Development Assessment,8
61907065,portfolio management,economics,application,Moderate,12,2025-07-18,Portfolio Management Application,7
61907066,social media,marketing,application,Moderate,12,2025-06-10,Social Media Application,4
61907067,data science,it,assessment,Complex,5,2025-01-21,Data Science Assessment,12
61907068,cybersecurity,it,application,Simple,8,2025-03-03,Cybersecurity Application,6
61907069,market analysis,economics,assessment,Simple,9,2025-08-01,Market Analysis Assessment,4
61907070,market analysis,economics,registration,Moderate,13,2025-05-13,Market Analysis Registration,12
61907071,cybersecurity,it,application,Complex,14,2025-05-31,Cybersecurity Application,6
61907072,data science,it,registration,Moderate,10,2025-07-29,Data Science Registration,6
61907073,machine learning,it,survey,Simple,5,2025-04-05,Machine Learning Survey,11
61907074,data science,it,registration,Moderate,15,2025-05-03,Data Science Registration,4
61907075,brand management,marketing,application,Complex,14,2025-08-27,Brand Management Application,4
61907076,financial modeling,economics,assessment,Complex,15,2024-12-04,Financial Modeling Assessment,5
61907077,market analysis,economics,application,Simple,11,2025-10-05,Market Analysis Application,4
61907078,financial modeling,economics,assessment,Moderate,12,2025-09-15,Financial Modeling Assessment,5
61907079,machine learning,it,registration,Simple,6,2024-11-25,Machine Learning Registration,11
61907080,data science,it,application,Complex,9,2025-09-01,Data Science Application,10
61907081,content marketing,marketing,registration,Moderate,11,2024-11-28,Content Marketing Registration,4
61907082,digital marketing,marketing,application,Simple,9,2025-08-06,Digital Marketing Application,3
61907083,content marketing,marketing,assessment,Complex,8,2025-03-17,Content Marketing Assessment,7
61907084,market analysis,economics,assessment,Complex,6,2024-12-22,Market Analysis Assessment,12
61907085,digital marketing,marketing,application,Moderate,10,2025-07-08,Digital Marketing Application,10
61907086,financial modeling,economics,application,Simple,15,2025-03-22,Financial Modeling Application,4
61907087,machine learning,it,assessment,Complex,12,2025-03-21,Machine Learning Assessment,11
61907088,brand management,marketing,survey,Moderate,9,2025-07-27,Brand Management Survey,5
61907089,investment planning,economics,registration,Moderate,12,2025-02-17,Investment Planning Registration,10
61907090,market analysis,economics,registration,Simple,6,2025-02-28,Market Analysis Registration,6
61907091,investment planning,economics,registration,Moderate,14,2025-03-04,Investment Planning Registration,4
61907092,portfolio management,economics,survey,Moderate,13,2024-11-13,Portfolio Management Survey,9
61907093,data science,it,application,Simple,7,2025-08-02,Data Science Application,12
61907094,data science,it,assessment,Complex,14,2025-05-22,Data Science Assessment,11
61907095,market analysis,economics,survey,Simple,11,2025-04-06,Market Analysis Survey,9
61907096,investment planning,economics,registration,Complex,12,2025-03-22,Investment Planning Registration,7
61907097,brand management,marketing,registration,Moderate,15,2025-07-18,Brand Management Registration,10
61907098,machine learning,it,survey,Moderate,15,2025-08-09,Machine Learning Survey,11
61907099,market analysis,economics,assessment,Simple,8,2024-12-28,Market Analysis Assessment,9
61907100,market analysis,economics,application,Complex,14,2025-09-22,Market Analysis Application,9
61907101,market analysis,economics,survey,Moderate,9,2025-04-27,Market Analysis Survey,9
61907102,investment planning,economics,application,Simple,12,2025-05-30,Investment Planning Application,8
61907103,cloud computing,it,survey,Moderate,7,2025-09-05,Cloud Computing Survey,8
61907104,brand management,marketing,registration,Moderate,13,2025-06-24,Brand Management Registration,12
61907105,cybersecurity,it,assessment,Simple,10,2025-07-04,Cybersecurity Assessment,8
61907106,brand management,marketing,survey,Moderate,13,2025-02-15,Brand Management Survey,10
61907107,content marketing,marketing,assessment,Moderate,12,2025-02-20,Content Marketing Assessment,10
61907108,digital marketing,marketing,application,Moderate,6,2025-09-11,Digital Marketing Application,7
61907109,cloud computing,it,assessment,Moderate,13,2025-03-05,Cloud Computing Assessment,8
61907110,data science,it,application,Complex,6,2024-12-28,Data Science Application,10
61907111,content marketing,marketing,application,Simple,6,2024-12-08,Content Marketing Application,4
61907112,web development,it,application,Complex,6,2025-08-02,Web Development Application,10
61907113,digital marketing,marketing,registration,Complex,7,2025-09-13,Digital Marketing Registration,11
61907114,cybersecurity,it,registration,Simple,9,2025-08-25,Cybersecurity Registration,8
61907115,financial modeling,economics,assessment,Complex,5,2025-09-29,Financial Modeling Assessment,6
61907116,content marketing,marketing,survey,Simple,15,2025-05-19,Content Marketing Survey,10
61907117,portfolio management,economics,assessment,Simple,9,2025-02-03,Portfolio Management Assessment,7
61907118,content marketing,marketing,survey,Complex,11,2025-05-30,Content Marketing Survey,7
61907119,machine learning,it,registration,Moderate,12,2025-04-02,Machine Learning Registration,12
61907120,market analysis,economics,application,Simple,7,2025-02-24,Market Analysis Application,5
61907121,market analysis,economics,application,Complex,10,2025-06-28,Market Analysis Application,11
61907122,social media,marketing,application,Complex,12,2025-04-14,Social Media Application,3
61907123,portfolio management,economics,survey,Complex,10,2025-01-25,Portfolio Management Survey,10
61907124,social media,marketing,survey,Moderate,10,2025-03-28,Social Media Survey,11
61907125,financial modeling,economics,assessment,Complex,12,2025-08-21,Financial Modeling Assessment,11
61907126,social media,marketing,assessment,Moderate,6,2024-12-29,Social Media Assessment,5
61907127,data science,it,survey,Moderate,15,2024-11-10,Data Science Survey,8
61907128,digital marketing,marketing,assessment,Simple,7,2025-04-12,Digital Marketing Assessment,11
61907129,portfolio management,economics,application,Complex,12,2025-10-05,Portfolio Management Application,9
61907130,digital marketing,marketing,registration,Moderate,9,2025-10-16,Digital Marketing Registration,7
61907131,financial modeling,economics,registration,Complex,14,2025-01-24,Financial Modeling Registration,6
61907132,web development,it,assessment,Simple,6,2025-05-05,Web Development Assessment,10
61907133,investment planning,economics,assessment,Moderate,10,2025-06-26,Investment Planning Assessment,11
61907134,data science,it,survey,Moderate,15,2024-12-01,Data Science Survey,6
61907135,content marketing,marketing,assessment,Complex,9,2025-05-07,Content Marketing Assessment,5
61907136,market analysis,economics,registration,Complex,14,2025-09-13,Market Analysis Registration,12
61907137,portfolio management,economics,registration,Simple,10,2025-01-14,Portfolio Management Registration,8
61907138,data science,it,registration,Moderate,14,2025-01-16,Data Science Registration,4
61907139,portfolio management,economics,application,Complex,8,2025-09-25,Portfolio Management Application,7
61907140,financial modeling,economics,registration,Complex,13,2025-06-18,Financial Modeling Registration,10
61907141,content marketing,marketing,survey,Complex,15,2025-10-11,Content Marketing Survey,4
61907142,brand management,marketing,survey,Moderate,12,2025-02-01,Brand Management Survey,10
61907143,cybersecurity,it,survey,Simple,6,2025-01-17,Cybersecurity Survey,6
61907144,market analysis,economics,registration,Complex,15,2025-06-18,Market Analysis Registration,4
61907145,market analysis,economics,survey,Moderate,12,2025-06-29,Market Analysis Survey,10
61907146,social media,marketing,registration,Simple,11,2025-01-15,Social Media Registration,10
61907147,digital marketing,marketing,application,Complex,11,2025-05-03,Digital Marketing Application,10
61907148,cybersecurity,it,application,Complex,5,2025-02-16,Cybersecurity Application,9
61907149,market analysis,economics,survey,Simple,8,2025-10-17,Market Analysis Survey,11
61907150,investment planning,economics,survey,Moderate,10,2025-03-10,Investment Planning Survey,6
61907151,data science,it,assessment,Simple,13,2024-12-24,Data Science Assessment,4
61907152,web development,it,assessment,Moderate,14,2025-09-21,Web Development Assessment,3
61907153,content marketing,marketing,assessment,Moderate,7,2024-12-18,Content Marketing Assessment,12
61907154,data science,it,assessment,Moderate,14,2025-02-24,Data Science Assessment,6
61907155,cloud computing,it,registration,Simple,6,2025-04-04,Cloud Computing Registration,11
61907156,portfolio management,economics,registration,Complex,10,2024-11-27,Portfolio Management Registration,11
61907157,portfolio management,economics,registration,Complex,9,2025-10-10,Portfolio Management Registration,7
61907158,brand management,marketing,application,Moderate,7,2025-01-25,Brand Management Application,6
61907159,machine learning,it,survey,Simple,9,2024-10-29,Machine Learning Survey,7
61907160,cloud computing,it,application,Complex,10,2025-04-03,Cloud Computing Application,4
61907161,digital marketing,marketing,survey,Simple,12,2025-09-11,Digital Marketing Survey,6
61907162,web development,it,application,Complex,15,2025-09-30,Web Development Application,6
61907163,digital marketing,marketing,registration,Complex,13,2024-12-18,Digital Marketing Registration,7
61907164,investment planning,economics,assessment,Simple,7,2025-07-30,Investment Planning Assessment,9
61907165,cybersecurity,it,registration,Complex,12,2024-11-24,Cybersecurity Registration,7
61907166,digital marketing,marketing,assessment,Simple,9,2025-09-10,Digital Marketing Assessment,4
61907167,digital marketing,marketing,application,Simple,12,2025-09-21,Digital Marketing Application,11
61907168,cloud computing,it,survey,Moderate,13,2025-09-01,Cloud Computing Survey,7
61907169,social media,marketing,application,Simple,11,2025-03-01,Social Media Application,8
61907170,cloud computing,it,application,Simple,6,2025-01-09,Cloud Computing Application,10
61907171,brand management,marketing,application,Complex,7,2025-04-13,Brand Management Application,12
61907172,digital marketing,marketing,application,Moderate,12,2025-01-26,Digital Marketing Application,5
61907173,portfolio management,economics,assessment,Complex,15,2024-11-30,Portfolio Management Assessment,12
61907174,content marketing,marketing,registration,Simple,8,2025-06-08,Content Marketing Registration,8
61907175,content marketing,marketing,survey,Simple,10,2025-08-22,Content Marketing Survey,7
61907176,content marketing,marketing,survey,Moderate,13,2025-07-14,Content Marketing Survey,10
61907177,social media,marketing,application,Complex,8,2024-12-02,Social Media Application,11
61907178,portfolio management,economics,survey,Moderate,15,2025-05-21,Portfolio Management Survey,9
61907179,social media,marketing,application,Moderate,10,2024-12-29,Social Media Application,6
61907180,investment planning,economics,registration,Moderate,9,2025-07-06,Investment Planning Registration,9
61907181,investment planning,economics,assessment,Moderate,11,2025-07-25,Investment Planning Assessment,10
61907182,content marketing,marketing,application,Moderate,13,2025-02-17,Content Marketing Application,6
61907183,cybersecurity,it,registration,Simple,10,2025-06-25,Cybersecurity Registration,3
61907184,content marketing,marketing,registration,Simple,8,2025-06-20,Content Marketing Registration,8
61907185,social media,marketing,registration,Moderate,13,2025-09-20,Social Media Registration,7
61907186,cloud computing,it,survey,Complex,6,2024-11-03,Cloud Computing Survey,10
61907187,content marketing,marketing,registration,Simple,10,2025-09-27,Content Marketing Registration,4
61907188,social media,marketing,application,Complex,9,2025-08-30,Social Media Application,12
61907189,financial modeling,economics,assessment,Simple,6,2024-12-15,Financial Modeling Assessment,3
61907190,cloud computing,it,survey,Moderate,11,2025-06-07,Cloud Computing Survey,7
61907191,cybersecurity,it,assessment,Complex,14,2025-02-24,Cybersecurity Assessment,4
61907192,portfolio management,economics,application,Simple,7,2025-07-24,Portfolio Management Application,5
61907193,digital marketing,marketing,survey,Complex,12,2025-09-06,Digital Marketing Survey,3
61907194,brand management,marketing,registration,Moderate,8,2025-10-06,Brand Management Registration,11
61907195,content marketing,marketing,registration,Simple,12,2025-10-06,Content Marketing Registration,7
61907196,brand management,marketing,application,Moderate,10,2025-09-19,Brand Management Application,5
61907197,web development,it,assessment,Moderate,12,2025-06-16,Web Development Assessment,10
61907198,cloud computing,it,application,Moderate,15,2025-04-05,Cloud Computing Application,3
61907199,digital marketing,marketing,registration,Complex,6,2025-08-31,Digital Marketing Registration,6
61907200,social media,marketing,survey,Complex,15,2025-02-01,Social Media Survey,9
61907201,portfolio management,economics,application,Simple,8,2025-05-04,Portfolio Management Application,10
61907202,content marketing,marketing,application,Simple,9,2025-06-23,Content Marketing Application,7
61907203,content marketing,marketing,assessment,Simple,6,2025-01-23,Content Marketing Assessment,10
61907204,web development,it,registration,Simple,15,2024-11-17,Web Development Registration,10
61907205,digital marketing,marketing,registration,Moderate,12,2025-06-30,Digital Marketing Registration,6
61907206,investment planning,economics,registration,Complex,7,2025-05-18,Investment Planning Registration,8
61907207,cloud computing,it,survey,Moderate,6,2025-02-08,Cloud Computing Survey,3
61907208,portfolio management,economics,survey,Simple,6,2024-12-23,Portfolio Management Survey,12
61907209,social media,marketing,application,Complex,6,2024-12-28,Social Media Application,8
61907210,investment planning,economics,application,Complex,12,2025-07-21,Investment Planning Application,7
61907211,financial modeling,economics,registration,Complex,8,2024-12-17,Financial Modeling Registration,4
61907212,social media,marketing,assessment,Complex,6,2025-07-31,Social Media Assessment,8
61907213,machine learning,it,survey,Moderate,13,2025-04-08,Machine Learning Survey,8
61907214,financial modeling,economics,registration,Complex,9,2025-03-17,Financial Modeling Registration,12
61907215,market analysis,economics,registration,Moderate,5,2025-09-02,Market Analysis Registration,4
61907216,investment planning,economics,assessment,Simple,14,2025-03-31,Investment Planning Assessment,5
61907217,portfolio management,economics,application,Complex,12,2025-04-15,Portfolio Management Application,8
61907218,machine learning,it,survey,Moderate,13,2025-05-29,Machine Learning Survey,11
61907219,portfolio management,economics,assessment,Moderate,14,2025-05-21,Portfolio Management Assessment,4
61907220,portfolio management,economics,registration,Simple,9,2025-02-11,Portfolio Management Registration,9
61907221,portfolio management,economics,application,Simple,12,2025-09-20,Portfolio Management Application,5
61907222,machine learning,it,survey,Complex,7,2025-01-12,Machine Learning Survey,9
61907223,portfolio management,economics,assessment,Moderate,15,2025-01-28,Portfolio Management Assessment,11
61907224,brand management,marketing,assessment,Moderate,10,2025-04-26,Brand Management Assessment,10
61907225,market analysis,economics,application,Moderate,14,2025-10-25,Market Analysis Application,5
61907226,brand management,marketing,registration,Complex,8,2025-07-27,Brand Management Registration,6
61907227,market analysis,economics,registration,Moderate,9,2025-06-26,Market Analysis Registration,9
61907228,machine learning,it,survey,Simple,15,2025-03-20,Machine Learning Survey,5
61907229,investment planning,economics,registration,Complex,12,2024-12-30,Investment Planning Registration,7
61907230,financial modeling,economics,survey,Simple,14,2025-04-25,Financial Modeling Survey,7
61907231,data science,it,assessment,Moderate,6,2025-10-11,Data Science Assessment,3
61907232,investment planning,economics,assessment,Simple,15,2025-06-19,Investment Planning Assessment,5
61907233,investment planning,economics,assessment,Simple,11,2025-07-25,Investment Planning Assessment,4
61907234,market analysis,economics,survey,Complex,9,2025-03-10,Market Analysis Survey,11
61907235,investment planning,economics,assessment,Moderate,6,2024-12-12,Investment Planning Assessment,8
61907236,market analysis,economics,assessment,Complex,15,2025-03-12,Market Analysis Assessment,9
61907237,market analysis,economics,registration,Simple,13,2025-01-01,Market Analysis Registration,3
61907238,cybersecurity,it,registration,Simple,8,2025-04-18,Cybersecurity Registration,10
61907239,content marketing,marketing,registration,Complex,7,2025-06-10,Content Marketing Registration,10
61907240,investment planning,economics,survey,Moderate,14,2025-06-17,Investment Planning Survey,5
61907241,cybersecurity,it,application,Simple,6,2024-12-09,Cybersecurity Application,5
61907242,social media,marketing,registration,Complex,15,2024-12-06,Social Media Registration,10
61907243,brand management,marketing,registration,Moderate,10,2025-06-17,Brand Management Registration,7
61907244,social media,marketing,application,Simple,12,2025-09-11,Social Media Application,5
61907245,brand management,marketing,survey,Moderate,11,2025-03-18,Brand Management Survey,5
61907246,web development,it,application,Simple,7,2025-03-03,Web Development Application,6
61907247,brand management,marketing,survey,Moderate,6,2025-10-15,Brand Management Survey,8
61907248,data science,it,application,Simple,15,2025-03-02,Data Science Application,12
61907249,financial modeling,economics,registration,Moderate,13,2025-04-09,Financial Modeling Registration,8
61907250,web development,it,assessment,Moderate,15,2025-03-03,Web Development Assessment,6
61907251,content marketing,marketing,assessment,Simple,6,2025-02-03,Content Marketing Assessment,12
61907252,investment planning,economics,assessment,Complex,11,2025-04-25,Investment Planning Assessment,8
61907253,cloud computing,it,application,Moderate,5,2025-07-25,Cloud Computing Application,5
61907254,social media,marketing,assessment,Moderate,14,2025-10-24,Social Media Assessment,9
61907255,market analysis,economics,registration,Simple,12,2024-10-31,Market Analysis Registration,5
61907256,social media,marketing,application,Simple,5,2025-05-19,Social Media Application,7
61907257,cybersecurity,it,assessment,Simple,9,2025-07-03,Cybersecurity Assessment,11
61907258,content marketing,marketing,survey,Complex,9,2025-10-11,Content Marketing Survey,11
61907259,cybersecurity,it,assessment,Complex,10,2025-03-15,Cybersecurity Assessment,8
61907260,portfolio management,economics,registration,Moderate,13,2025-01-24,Portfolio Management Registration,3
61907261,cloud computing,it,assessment,Simple,8,2025-09-02,Cloud Computing Assessment,9
61907262,content marketing,marketing,survey,Moderate,7,2025-01-29,Content Marketing Survey,9
61907263,data science,it,application,Simple,15,2025-04-07,Data Science Application,11
61907264,web development,it,registration,Moderate,5,2025-08-26,Web Development Registration,6
61907265,machine learning,it,application,Moderate,13,2025-08-23,Machine Learning Application,3
61907266,data science,it,registration,Simple,14,2025-01-13,Data Science Registration,6
61907267,social media,marketing,application,Simple,6,2025-01-24,Social Media Application,5
61907268,content marketing,marketing,survey,Simple,15,2025-07-03,Content Marketing Survey,4
61907269,investment planning,economics,survey,Moderate,9,2025-05-28,Investment Planning Survey,12
61907270,digital marketing,marketing,assessment,Complex,6,2024-12-12,Digital Marketing Assessment,9
61907271,content marketing,marketing,assessment,Complex,10,2025-10-20,Content Marketing Assessment,5
61907272,social media,marketing,registration,Simple,9,2025-01-25,Social Media Registration,5
61907273,content marketing,marketing,assessment,Simple,7,2025-03-12,Content Marketing Assessment,10
61907274,market analysis,economics,registration,Moderate,9,2025-08-17,Market Analysis Registration,5
61907275,digital marketing,marketing,survey,Simple,5,2025-01-21,Digital Marketing Survey,4
61907276,financial modeling,economics,assessment,Simple,15,2025-01-07,Financial Modeling Assessment,7
61907277,financial modeling,economics,registration,Simple,6,2024-12-25,Financial Modeling Registration,9
61907278,financial modeling,economics,survey,Moderate,5,2024-11-15,Financial Modeling Survey,9
61907279,web development,it,assessment,Complex,12,2025-05-15,Web Development Assessment,3
61907280,portfolio management,economics,application,Complex,7,2025-01-21,Portfolio Management Application,11
61907281,cloud computing,it,application,Complex,5,2025-06-27,Cloud Computing Application,9
61907282,web development,it,survey,Complex,8,2025-07-05,Web Development Survey,3
61907283,brand management,marketing,application,Complex,5,2025-06-12,Brand Management Application,3
61907284,web development,it,application,Complex,10,2025-04-22,Web Development Application,9
61907285,portfolio management,economics,application,Moderate,7,2025-03-17,Portfolio Management Application,9
61907286,digital marketing,marketing,assessment,Moderate,7,2025-01-03,Digital Marketing Assessment,10
61907287,financial modeling,economics,survey,Moderate,10,2025-06-01,Financial Modeling Survey,3
61907288,cloud computing,it,assessment,Complex,12,2025-09-03,Cloud Computing Assessment,10
61907289,cybersecurity,it,application,Simple,9,2025-01-18,Cybersecurity Application,7
61907290,portfolio management,economics,survey,Moderate,10,2025-07-25,Portfolio Management Survey,11
61907291,market analysis,economics,registration,Simple,6,2025-05-13,Market Analysis Registration,9
61907292,digital marketing,marketing,survey,Moderate,7,2025-02-02,Digital Marketing Survey,7
61907293,machine learning,it,application,Simple,8,2025-08-18,Machine Learning Application,8
61907294,brand management,marketing,assessment,Moderate,5,2025-08-03,Brand Management Assessment,3
61907295,brand management,marketing,assessment,Simple,6,2025-07-21,Brand Management Assessment,4
61907296,content marketing,marketing,survey,Complex,14,2025-03-22,Content Marketing Survey,6
61907297,social media,marketing,assessment,Simple,6,2025-06-05,Social Media Assessment,6
61907298,machine learning,it,registration,Moderate,6,2025-07-16,Machine Learning Registration,9
61907299,investment planning,economics,application,Complex,15,2025-07-04,Investment Planning Application,7
61907300,cybersecurity,it,application,Complex,7,2025-09-27,Cybersecurity Application,10
61907301,cloud computing,it,application,Complex,11,2025-03-02,Cloud Computing Application,3
61907302,web development,it,survey,Complex,12,2025-03-16,Web Development Survey,5
61907303,market analysis,economics,survey,Complex,6,2025-02-01,Market Analysis Survey,8
61907304,content marketing,marketing,application,Simple,8,2024-10-30,Content Marketing Application,10
61907305,portfolio management,economics,survey,Complex,11,2025-05-11,Portfolio Management Survey,6
61907306,social media,marketing,registration,Complex,11,2025-08-23,Social Media Registration,3
61907307,data science,it,assessment,Complex,14,2025-08-01,Data Science Assessment,3
61907308,content marketing,marketing,survey,Moderate,12,2024-11-27,Content Marketing Survey,9
61907309,market analysis,economics,application,Complex,5,2025-03-20,Market Analysis Application,3
61907310,cybersecurity,it,assessment,Simple,13,2025-09-27,Cybersecurity Assessment,4
61907311,data science,it,registration,Complex,8,2025-10-10,Data Science Registration,3
61907312,cloud computing,it,assessment,Complex,12,2024-12-25,Cloud Computing Assessment,4
61907313,data science,it,assessment,Moderate,5,2024-11-29,Data Science Assessment,12
61907314,data science,it,assessment,Moderate,9,2025-06-24,Data Science Assessment,9
61907315,portfolio management,economics,application,Moderate,11,2025-05-15,Portfolio Management Application,5
61907316,financial modeling,economics,assessment,Moderate,7,2025-07-29,Financial Modeling Assessment,5
61907317,cybersecurity,it,registration,Simple,15,2024-12-07,Cybersecurity Registration,8
61907318,content marketing,marketing,registration,Moderate,13,2024-12-01,Content Marketing Registration,7
61907319,data science,it,registration,Simple,6,2025-07-25,Data Science Registration,4
61907320,financial modeling,economics,registration,Simple,5,2024-11-03,Financial Modeling Registration,9
61907321,brand management,marketing,assessment,Complex,14,2025-03-09,Brand Management Assessment,9
61907322,data science,it,application,Simple,11,2025-06-14,Data Science Application,7
61907323,machine learning,it,application,Moderate,10,2024-12-28,Machine Learning Application,4
61907324,web development,it,survey,Simple,14,2024-12-08,Web Development Survey,11
61907325,machine learning,it,application,Moderate,7,2025-03-04,Machine Learning Application,10
61907326,financial modeling,economics,registration,Complex,13,2025-06-29,Financial Modeling Registration,8
61907327,data science,it,application,Complex,10,2025-03-27,Data Science Application,3
61907328,brand management,marketing,survey,Simple,14,2025-10-20,Brand Management Survey,8
61907329,digital marketing,marketing,assessment,Simple,7,2025-07-08,Digital Marketing Assessment,9
61907330,cloud computing,it,application,Complex,12,2025-07-05,Cloud Computing Application,5
61907331,cybersecurity,it,survey,Complex,6,2025-07-21,Cybersecurity Survey,7
61907332,market analysis,economics,application,Complex,12,2025-01-09,Market Analysis Application,11
61907333,investment planning,economics,application,Simple,13,2025-02-28,Investment Planning Application,4
61907334,portfolio management,economics,application,Simple,6,2025-07-10,Portfolio Management Application,11
61907335,social media,marketing,assessment,Complex,11,2025-02-20,Social Media Assessment,8
61907336,web development,it,application,Moderate,5,2025-01-04,Web Development Application,9
61907337,market analysis,economics,assessment,Complex,9,2025-03-02,Market Analysis Assessment,4
61907338,data science,it,survey,Complex,14,2025-08-28,Data Science Survey,11
61907339,digital marketing,marketing,registration,Moderate,6,2025-03-09,Digital Marketing Registration,10
61907340,web development,it,assessment,Moderate,5,2025-08-10,Web Development Assessment,8
61907341,social media,marketing,assessment,Complex,7,2025-04-28,Social Media Assessment,9
61907342,brand management,marketing,registration,Complex,5,2025-02-06,Brand Management Registration,12
61907343,market analysis,economics,survey,Moderate,8,2025-07-07,Market Analysis Survey,7
61907344,digital marketing,marketing,registration,Moderate,14,2025-05-06,Digital Marketing Registration,12
61907345,brand management,marketing,survey,Simple,9,2025-09-05,Brand Management Survey,6
61907346,financial modeling,economics,application,Moderate,8,2025-06-01,Financial Modeling Application,6
61907347,portfolio management,economics,registration,Complex,12,2025-03-31,Portfolio Management Registration,11
61907348,data science,it,registration,Complex,6,2025-06-13,Data Science Registration,8
61907349,social media,marketing,application,Simple,14,2025-03-29,Social Media Application,9
61907350,web development,it,application,Moderate,15,2025-06-23,Web Development Application,7
61907351,market analysis,economics,assessment,Simple,7,2025-07-25,Market Analysis Assessment,6
61907352,machine learning,it,application,Complex,5,2025-01-09,Machine Learning Application,12
61907353,financial modeling,economics,survey,Simple,8,2025-07-24,Financial Modeling Survey,9
61907354,digital marketing,marketing,registration,Complex,10,2025-01-16,Digital Marketing Registration,10
61907355,social media,marketing,registration,Complex,12,2025-09-22,Social Media Registration,11
61907356,investment planning,economics,assessment,Complex,6,2024-11-04,Investment Planning Assessment,6
61907357,cloud computing,it,registration,Simple,9,2025-05-11,Cloud Computing Registration,7
61907358,investment planning,economics,application,Moderate,9,2025-02-24,Investment Planning Application,8
61907359,digital marketing,marketing,registration,Simple,7,2025-06-16,Digital Marketing Registration,5
61907360,web development,it,registration,Simple,13,2024-12-20,Web Development Registration,12
61907361,investment planning,economics,application,Complex,12,2024-12-04,Investment Planning Application,3
61907362,data science,it,application,Moderate,5,2025-10-16,Data Science Application,7
61907363,market analysis,economics,assessment,Complex,14,2025-04-07,Market Analysis Assessment,6
61907364,portfolio management,economics,registration,Simple,9,2025-03-10,Portfolio Management Registration,4
61907365,investment planning,economics,survey,Simple,13,2025-01-20,Investment Planning Survey,12
61907366,cloud computing,it,application,Complex,5,2025-07-15,Cloud Computing Application,7
61907367,portfolio management,economics,survey,Simple,9,2025-01-12,Portfolio Management Survey,8
61907368,content marketing,marketing,application,Simple,9,2025-04-13,Content Marketing Application,6
61907369,market analysis,economics,application,Complex,10,2025-04-19,Market Analysis Application,4
61907370,investment planning,economics,assessment,Moderate,10,2025-03-09,Investment Planning Assessment,4
61907371,digital marketing,marketing,survey,Complex,5,2025-09-22,Digital Marketing Survey,4
61907372,cloud computing,it,assessment,Moderate,7,2025-09-17,Cloud Computing Assessment,10
61907373,digital marketing,marketing,survey,Simple,5,2025-10-08,Digital Marketing Survey,3
61907374,machine learning,it,application,Moderate,8,2025-07-04,Machine Learning Application,7
61907375,cloud computing,it,application,Complex,11,2025-07-14,Cloud Computing Application,8
61907376,machine learning,it,application,Moderate,15,2024-11-24,Machine Learning Application,8
61907377,data science,it,assessment,Moderate,11,2024-12-31,Data Science Assessment,3
61907378,web development,it,registration,Complex,7,2025-06-05,Web Development Registration,7
61907379,digital marketing,marketing,assessment,Simple,10,2025-01-09,Digital Marketing Assessment,5
61907380,portfolio management,economics,assessment,Simple,9,2025-01-16,Portfolio Management Assessment,12
61907381,cloud computing,it,application,Complex,12,2025-04-29,Cloud Computing Application,4
61907382,digital marketing,marketing,application,Complex,14,2024-11-19,Digital Marketing Application,8
61907383,portfolio management,economics,assessment,Moderate,14,2025-09-20,Portfolio Management Assessment,4
61907384,market analysis,economics,registration,Simple,13,2025-03-18,Market Analysis Registration,7
61907385,content marketing,marketing,registration,Simple,8,2025-09-19,Content Marketing Registration,12
61907386,machine learning,it,assessment,Simple,15,2025-05-02,Machine Learning Assessment,4
61907387,data science,it,survey,Simple,14,2025-04-30,Data Science Survey,5
61907388,financial modeling,economics,application,Moderate,10,2024-11-29,Financial Modeling Application,7
61907389,machine learning,it,application,Simple,6,2025-03-08,Machine Learning Application,9
61907390,financial modeling,economics,assessment,Simple,10,2025-07-08,Financial Modeling Assessment,5
61907391,financial modeling,economics,registration,Simple,8,2025-03-23,Financial Modeling Registration,6
61907392,data science,it,application,Moderate,6,2025-10-01,Data Science Application,6
61907393,machine learning,it,registration,Moderate,5,2025-10-15,Machine Learning Registration,12
61907394,digital marketing,marketing,assessment,Simple,7,2025-08-04,Digital Marketing Assessment,10
61907395,social media,marketing,application,Moderate,6,2025-06-26,Social Media Application,6
61907396,digital marketing,marketing,application,Complex,14,2025-04-02,Digital Marketing Application,9
61907397,market analysis,economics,survey,Complex,12,2025-09-04,Market Analysis Survey,10
61907398,web development,it,survey,Moderate,5,2025-06-10,Web Development Survey,10
61907399,content marketing,marketing,registration,Moderate,10,2025-01-09,Content Marketing Registration,11
61907400,web development,it,assessment,Simple,13,2025-06-18,Web Development Assessment,5
61907401,financial modeling,economics,application,Simple,9,2025-03-16,Financial Modeling Application,9
61907402,market analysis,economics,application,Simple,5,2025-05-21,Market Analysis Application,3
61907403,market analysis,economics,registration,Complex,14,2025-10-02,Market Analysis Registration,12
61907404,portfolio management,economics,registration,Complex,8,2025-03-15,Portfolio Management Registration,7
61907405,portfolio management,economics,survey,Complex,12,2024-11-06,Portfolio Management Survey,9
61907406,data science,it,assessment,Complex,7,2025-02-27,Data Science Assessment,7
61907407,web development,it,registration,Complex,15,2025-02-25,Web Development Registration,10
61907408,machine learning,it,assessment,Simple,12,2025-01-22,Machine Learning Assessment,5
61907409,brand management,marketing,assessment,Complex,8,2025-07-22,Brand Management Assessment,3
61907410,portfolio management,economics,application,Complex,12,2025-05-08,Portfolio Management Application,10
61907411,content marketing,marketing,registration,Moderate,11,2025-10-03,Content Marketing Registration,3
61907412,machine learning,it,application,Complex,12,2025-04-29,Machine Learning Application,5
61907413,cybersecurity,it,survey,Complex,6,2025-02-27,Cybersecurity Survey,9
61907414,market analysis,economics,assessment,Simple,9,2025-01-14,Market Analysis Assessment,4
61907415,investment planning,economics,assessment,Moderate,7,2025-04-03,Investment Planning Assessment,9
61907416,social media,marketing,assessment,Complex,12,2025-09-19,Social Media Assessment,8
61907417,market analysis,economics,registration,Simple,8,2025-08-21,Market Analysis Registration,7
61907418,digital marketing,marketing,application,Complex,5,2025-06-21,Digital Marketing Application,4
61907419,cybersecurity,it,assessment,Complex,5,2024-12-30,Cybersecurity Assessment,7
61907420,portfolio management,economics,application,Moderate,10,2025-08-13,Portfolio Management Application,3
61907421,data science,it,survey,Complex,13,2025-01-18,Data Science Survey,6
61907422,financial modeling,economics,application,Complex,11,2025-03-18,Financial Modeling Application,7
61907423,investment planning,economics,survey,Complex,9,2024-11-19,Investment Planning Survey,12
61907424,social media,marketing,registration,Complex,11,2025-02-28,Social Media Registration,7
61907425,market analysis,economics,application,Moderate,5,2025-08-21,Market Analysis Application,4
61907426,content marketing,marketing,survey,Simple,12,2025-06-18,Content Marketing Survey,3
61907427,financial modeling,economics,application,Moderate,11,2025-01-10,Financial Modeling Application,6
61907428,portfolio management,economics,registration,Simple,15,2025-01-02,Portfolio Management Registration,11
61907429,data science,it,assessment,Moderate,14,2025-08-21,Data Science Assessment,11
61907430,investment planning,economics,registration,Simple,11,2024-11-14,Investment Planning Registration,12
61907431,web development,it,registration,Complex,5,2025-02-16,Web Development Registration,11
61907432,market analysis,economics,survey,Moderate,6,2025-05-19,Market Analysis Survey,4
61907433,investment planning,economics,assessment,Simple,14,2025-02-10,Investment Planning Assessment,4
61907434,web development,it,registration,Simple,14,2025-09-22,Web Development Registration,5
61907435,social media,marketing,application,Simple,6,2025-10-09,Social Media Application,12
61907436,cloud computing,it,assessment,Complex,6,2025-05-13,Cloud Computing Assessment,7
61907437,machine learning,it,survey,Simple,11,2025-10-18,Machine Learning Survey,10
61907438,market analysis,economics,application,Simple,14,2025-03-08,Market Analysis Application,8
61907439,social media,marketing,survey,Moderate,11,2025-03-22,Social Media Survey,8
61907440,cybersecurity,it,assessment,Complex,5,2025-01-05,Cybersecurity Assessment,7
61907441,digital marketing,marketing,assessment,Moderate,14,2025-02-21,Digital Marketing Assessment,7
61907442,financial modeling,economics,registration,Simple,13,2025-08-05,Financial Modeling Registration,5
61907443,cybersecurity,it,application,Complex,7,2025-07-22,Cybersecurity Application,6
61907444,brand management,marketing,registration,Complex,12,2025-05-29,Brand Management Registration,7
61907445,brand management,marketing,registration,Simple,11,2025-01-23,Brand Management Registration,6
61907446,social media,marketing,survey,Complex,10,2024-12-21,Social Media Survey,3
61907447,digital marketing,marketing,survey,Simple,11,2025-01-19,Digital Marketing Survey,4
61907448,cybersecurity,it,assessment,Moderate,6,2025-04-30,Cybersecurity Assessment,3
61907449,portfolio management,economics,application,Complex,15,2025-07-07,Portfolio Management Application,12
61907450,content marketing,marketing,assessment,Complex,9,2025-02-07,Content Marketing Assessment,6
61907451,cybersecurity,it,survey,Complex,10,2024-12-25,Cybersecurity Survey,3
61907452,web development,it,application,Simple,11,2024-10-30,Web Development Application,10
61907453,cloud computing,it,survey,Moderate,8,2025-05-10,Cloud Computing Survey,9
61907454,machine learning,it,survey,Moderate,12,2025-01-22,Machine Learning Survey,7
61907455,machine learning,it,application,Simple,7,2025-10-10,Machine Learning Application,4
61907456,social media,marketing,registration,Complex,10,2025-07-11,Social Media Registration,12
61907457,content marketing,marketing,application,Simple,15,2025-05-29,Content Marketing Application,9
61907458,digital marketing,marketing,registration,Moderate,13,2024-12-27,Digital Marketing Registration,12
61907459,data science,it,registration,Simple,9,2025-09-25,Data Science Registration,8
61907460,digital marketing,marketing,application,Moderate,14,2025-05-05,Digital Marketing Application,9
61907461,cybersecurity,it,application,Moderate,7,2025-04-27,Cybersecurity Application,6
61907462,portfolio management,economics,registration,Complex,7,2025-07-28,Portfolio Management Registration,8
61907463,web development,it,registration,Moderate,14,2025-05-31,Web Development Registration,4
61907464,web development,it,assessment,Moderate,9,2025-07-25,Web Development Assessment,4
61907465,digital marketing,marketing,registration,Moderate,14,2025-05-27,Digital Marketing Registration,8
61907466,content marketing,marketing,registration,Simple,5,2024-12-08,Content Marketing Registration,11
61907467,digital marketing,marketing,assessment,Complex,9,2025-02-23,Digital Marketing Assessment,8
61907468,content marketing,marketing,application,Simple,6,2025-10-20,Content Marketing Application,5
61907469,market analysis,economics,assessment,Simple,12,2025-04-19,Market Analysis Assessment,9
61907470,financial modeling,economics,survey,Simple,11,2025-05-26,Financial Modeling Survey,12
61907471,content marketing,marketing,assessment,Simple,8,2025-07-10,Content Marketing Assessment,9
61907472,web development,it,assessment,Moderate,15,2024-10-25,Web Development Assessment,11
61907473,web development,it,application,Complex,11,2025-09-20,Web Development Application,10
61907474,machine learning,it,registration,Complex,11,2024-10-31,Machine Learning Registration,5
61907475,portfolio management,economics,assessment,Simple,13,2025-05-06,Portfolio Management Assessment,9
61907476,digital marketing,marketing,registration,Simple,12,2025-02-07,Digital Marketing Registration,6
61907477,portfolio management,economics,registration,Simple,11,2025-05-24,Portfolio Management Registration,7
61907478,financial modeling,economics,registration,Complex,9,2025-01-03,Financial Modeling Registration,3
61907479,social media,marketing,assessment,Moderate,8,2025-01-18,Social Media Assessment,8
61907480,web development,it,assessment,Moderate,10,2025-06-25,Web Development Assessment,8
61907481,cloud computing,it,registration,Complex,11,2025-05-15,Cloud Computing Registration,12
61907482,machine learning,it,application,Moderate,9,2025-01-30,Machine Learning Application,3
61907483,machine learning,it,registration,Moderate,6,2025-03-29,Machine Learning Registration,5
61907484,investment planning,economics,survey,Simple,7,2025-07-03,Investment Planning Survey,3
61907485,brand management,marketing,registration,Moderate,14,2025-04-25,Brand Management Registration,10
61907486,financial modeling,economics,assessment,Moderate,14,2025-03-12,Financial Modeling Assessment,12
61907487,data science,it,survey,Simple,6,2025-02-25,Data Science Survey,4
61907488,machine learning,it,registration,Moderate,11,2025-06-07,Machine Learning Registration,10
61907489,market analysis,economics,registration,Complex,10,2025-10-02,Market Analysis Registration,6
61907490,brand management,marketing,survey,Moderate,14,2025-10-12,Brand Management Survey,10
61907491,machine learning,it,survey,Moderate,11,2024-12-23,Machine Learning Survey,12
61907492,content marketing,marketing,registration,Moderate,15,2025-03-25,Content Marketing Registration,9
61907493,data science,it,application,Moderate,13,2025-01-07,Data Science Application,7
61907494,portfolio management,economics,survey,Simple,8,2025-09-26,Portfolio Management Survey,11
61907495,content marketing,marketing,survey,Simple,13,2025-07-29,Content Marketing Survey,7
61907496,social media,marketing,survey,Simple,15,2025-03-06,Social Media Survey,3
61907497,content marketing,marketing,survey,Simple,5,2025-01-07,Content Marketing Survey,10
61907498,cloud computing,it,registration,Complex,13,2025-05-25,Cloud Computing Registration,11
61907499,web development,it,assessment,Simple,6,2025-05-10,Web Development Assessment,7
61907500,data science,it,registration,Moderate,12,2025-03-09,Data Science Registration,3
61907501,financial modeling,economics,registration,Simple,12,2025-10-06,Financial Modeling Registration,5
61907502,brand management,marketing,assessment,Moderate,11,2024-12-16,Brand Management Assessment,6
61907503,machine learning,it,survey,Simple,9,2025-03-20,Machine Learning Survey,8
61907504,investment planning,economics,assessment,Moderate,12,2025-04-25,Investment Planning Assessment,9
61907505,data science,it,application,Simple,13,2025-09-12,Data Science Application,8
61907506,digital marketing,marketing,survey,Simple,15,2025-04-02,Digital Marketing Survey,8
61907507,brand management,marketing,assessment,Moderate,13,2025-01-26,Brand Management Assessment,5
61907508,financial modeling,economics,survey,Simple,8,2025-09-22,Financial Modeling Survey,3
61907509,content marketing,marketing,registration,Complex,12,2025-02-12,Content Marketing Registration,5
61907510,market analysis,economics,registration,Moderate,5,2025-09-17,Market Analysis Registration,5
61907511,social media,marketing,application,Complex,9,2025-01-08,Social Media Application,7
61907512,portfolio management,economics,survey,Complex,15,2025-02-24,Portfolio Management Survey,10
61907513,market analysis,economics,application,Moderate,13,2024-12-20,Market Analysis Application,6
61907514,content marketing,marketing,survey,Moderate,9,2025-03-02,Content Marketing Survey,9
61907515,financial modeling,economics,registration,Complex,8,2025-04-22,Financial Modeling Registration,7
61907516,market analysis,economics,survey,Simple,15,2025-05-12,Market Analysis Survey,9
61907517,machine learning,it,application,Moderate,14,2025-04-02,Machine Learning Application,6
61907518,web development,it,registration,Complex,8,2024-10-25,Web Development Registration,8
61907519,cybersecurity,it,survey,Moderate,9,2025-09-13,Cybersecurity Survey,8
61907520,market analysis,economics,registration,Simple,8,2025-01-18,Market Analysis Registration,9
61907521,cloud computing,it,registration,Moderate,8,2024-12-21,Cloud Computing Registration,7
61907522,portfolio management,economics,assessment,Moderate,9,2025-08-22,Portfolio Management Assessment,11
61907523,investment planning,economics,registration,Complex,6,2024-12-17,Investment Planning Registration,6
61907524,content marketing,marketing,application,Simple,6,2025-04-28,Content Marketing Application,9
61907525,digital marketing,marketing,application,Moderate,11,2025-06-01,Digital Marketing Application,9
61907526,web development,it,assessment,Complex,12,2025-04-27,Web Development Assessment,5
61907527,web development,it,assessment,Moderate,9,2025-03-15,Web Development Assessment,12
61907528,content marketing,marketing,survey,Complex,14,2024-10-29,Content Marketing Survey,10
61907529,financial modeling,economics,assessment,Simple,7,2025-05-16,Financial Modeling Assessment,7
61907530,digital marketing,marketing,assessment,Simple,6,2025-10-24,Digital Marketing Assessment,4
61907531,digital marketing,marketing,assessment,Complex,10,2025-03-12,Digital Marketing Assessment,4
61907532,brand management,marketing,survey,Simple,15,2025-07-27,Brand Management Survey,4
61907533,content marketing,marketing,application,Complex,10,2024-12-14,Content Marketing Application,6
61907534,portfolio management,economics,survey,Complex,7,2025-04-21,Portfolio Management Survey,5
61907535,financial modeling,economics,assessment,Complex,13,2024-11-17,Financial Modeling Assessment,10
61907536,web development,it,registration,Moderate,6,2024-10-27,Web Development Registration,10
61907537,investment planning,economics,survey,Moderate,7,2025-04-28,Investment Planning Survey,3
61907538,cybersecurity,it,registration,Simple,15,2025-06-06,Cybersecurity Registration,6
61907539,brand management,marketing,assessment,Complex,8,2025-05-18,Brand Management Assessment,7
61907540,web development,it,application,Complex,9,2024-12-22,Web Development Application,3
61907541,data science,it,application,Complex,8,2025-01-23,Data Science Application,7
61907542,investment planning,economics,survey,Complex,12,2025-06-15,Investment Planning Survey,4
61907543,brand management,marketing,application,Moderate,11,2025-05-19,Brand Management Application,8
61907544,financial modeling,economics,registration,Complex,13,2025-05-11,Financial Modeling Registration,9
61907545,investment planning,economics,survey,Moderate,6,2025-07-24,Investment Planning Survey,9
61907546,digital marketing,marketing,application,Simple,12,2024-12-09,Digital Marketing Application,8
61907547,digital marketing,marketing,registration,Complex,8,2024-12-26,Digital Marketing Registration,7
61907548,market analysis,economics,survey,Simple,10,2025-04-06,Market Analysis Survey,8
61907549,data science,it,assessment,Complex,14,2024-12-21,Data Science Assessment,9
61907550,portfolio management,economics,survey,Moderate,9,2025-07-27,Portfolio Management Survey,6
61907551,web development,it,application,Moderate,9,2024-11-22,Web Development Application,11
61907552,social media,marketing,assessment,Complex,11,2024-11-30,Social Media Assessment,10
61907553,cloud computing,it,registration,Complex,5,2025-05-22,Cloud Computing Registration,12
61907554,cybersecurity,it,application,Moderate,9,2025-08-03,Cybersecurity Application,9
61907555,market analysis,economics,application,Moderate,14,2025-10-03,Market Analysis Application,5
61907556,cloud computing,it,survey,Simple,14,2025-06-18,Cloud Computing Survey,10
61907557,social media,marketing,registration,Simple,14,2025-09-26,Social Media Registration,7
61907558,cloud computing,it,survey,Moderate,14,2025-05-23,Cloud Computing Survey,5
61907559,content marketing,marketing,assessment,Moderate,15,2024-10-25,Content Marketing Assessment,7
61907560,digital marketing,marketing,registration,Complex,12,2024-11-27,Digital Marketing Registration,3
61907561,investment planning,economics,registration,Moderate,8,2025-01-26,Investment Planning Registration,9
61907562,financial modeling,economics,application,Complex,15,2025-07-03,Financial Modeling Application,3
61907563,investment planning,economics,application,Moderate,12,2024-12-14,Investment Planning Application,11
61907564,content marketing,marketing,application,Moderate,6,2025-07-14,Content Marketing Application,9
61907565,financial modeling,economics,registration,Moderate,6,2024-12-18,Financial Modeling Registration,8
61907566,web development,it,assessment,Moderate,15,2025-03-07,Web Development Assessment,9
61907567,investment planning,economics,registration,Moderate,15,2025-09-24,Investment Planning Registration,5
61907568,data science,it,application,Complex,12,2025-04-30,Data Science Application,12
61907569,digital marketing,marketing,assessment,Simple,10,2024-11-09,Digital Marketing Assessment,11
61907570,web development,it,assessment,Moderate,5,2025-02-07,Web Development Assessment,4
61907571,cybersecurity,it,application,Complex,9,2025-08-09,Cybersecurity Application,4
61907572,financial modeling,economics,application,Simple,5,2025-05-30,Financial Modeling Application,6
61907573,social media,marketing,registration,Simple,6,2025-03-03,Social Media Registration,4
61907574,cybersecurity,it,assessment,Moderate,10,2024-11-19,Cybersecurity Assessment,9
61907575,market analysis,economics,survey,Simple,6,2025-08-26,Market Analysis Survey,12
61907576,cybersecurity,it,survey,Simple,14,2024-12-10,Cybersecurity Survey,5
61907577,investment planning,economics,assessment,Complex,9,2025-08-15,Investment Planning Assessment,5
61907578,digital marketing,marketing,survey,Simple,12,2025-04-23,Digital Marketing Survey,6
61907579,cloud computing,it,survey,Simple,15,2025-06-28,Cloud Computing Survey,12
61907580,digital marketing,marketing,survey,Moderate,8,2025-03-30,Digital Marketing Survey,10
61907581,content marketing,marketing,registration,Moderate,5,2024-12-29,Content Marketing Registration,12
61907582,cybersecurity,it,application,Complex,15,2025-10-02,Cybersecurity Application,11
61907583,brand management,marketing,application,Moderate,9,2025-01-26,Brand Management Application,3
61907584,brand management,marketing,registration,Moderate,9,2024-12-05,Brand Management Registration,10
61907585,web development,it,application,Simple,6,2025-01-20,Web Development Application,7
61907586,digital marketing,marketing,survey,Complex,15,2025-02-10,Digital Marketing Survey,6
61907587,cloud computing,it,survey,Simple,10,2025-07-08,Cloud Computing Survey,10
61907588,cybersecurity,it,application,Moderate,5,2025-08-16,Cybersecurity Application,12
61907589,investment planning,economics,registration,Simple,5,2025-01-17,Investment Planning Registration,9
61907590,digital marketing,marketing,assessment,Complex,9,2025-03-10,Digital Marketing Assessment,4
61907591,cloud computing,it,survey,Simple,6,2025-09-05,Cloud Computing Survey,4
61907592,brand management,marketing,assessment,Simple,10,2025-02-27,Brand Management Assessment,6
61907593,market analysis,economics,application,Simple,7,2024-12-19,Market Analysis Application,12
61907594,investment planning,economics,survey,Simple,11,2025-05-31,Investment Planning Survey,7
61907595,portfolio management,economics,assessment,Simple,5,2025-03-28,Portfolio Management Assessment,5
61907596,investment planning,economics,application,Simple,11,2024-12-20,Investment Planning Application,4
61907597,financial modeling,economics,assessment,Simple,15,2025-10-10,Financial Modeling Assessment,4
61907598,financial modeling,economics,survey,Complex,12,2025-05-24,Financial Modeling Survey,8
61907599,cybersecurity,it,survey,Simple,15,2025-06-30,Cybersecurity Survey,8
61907600,machine learning,it,application,Complex,6,2025-07-28,Machine Learning Application,9
61907601,brand management,marketing,registration,Complex,9,2025-08-16,Brand Management Registration,11
61907602,web development,it,assessment,Simple,5,2025-03-03,Web Development Assessment,3
61907603,web development,it,survey,Moderate,8,2025-01-13,Web Development Survey,7
61907604,content marketing,marketing,survey,Simple,11,2025-04-11,Content Marketing Survey,12
61907605,content marketing,marketing,assessment,Simple,15,2024-12-25,Content Marketing Assessment,5
61907606,machine learning,it,registration,Complex,6,2024-12-17,Machine Learning Registration,5
61907607,machine learning,it,assessment,Moderate,12,2025-10-15,Machine Learning Assessment,9
61907608,digital marketing,marketing,registration,Moderate,12,2025-06-28,Digital Marketing Registration,9
61907609,cybersecurity,it,assessment,Moderate,12,2025-07-30,Cybersecurity Assessment,3
61907610,investment planning,economics,application,Moderate,5,2025-04-10,Investment Planning Application,7
61907611,data science,it,assessment,Moderate,7,2025-05-24,Data Science Assessment,3
61907612,investment planning,economics,assessment,Moderate,10,2025-04-03,Investment Planning Assessment,10
61907613,social media,marketing,application,Complex,10,2025-08-18,Social Media Application,11
61907614,financial modeling,economics,application,Simple,7,2025-02-02,Financial Modeling Application,8
61907615,portfolio management,economics,assessment,Complex,9,2025-06-17,Portfolio Management Assessment,11
61907616,brand management,marketing,survey,Complex,8,2025-09-27,Brand Management Survey,8
61907617,social media,marketing,registration,Moderate,11,2025-04-11,Social Media Registration,12
61907618,investment planning,economics,assessment,Simple,12,2025-06-26,Investment Planning Assessment,5
61907619,digital marketing,marketing,application,Complex,7,2025-03-09,Digital Marketing Application,4
61907620,brand management,marketing,survey,Simple,10,2025-01-01,Brand Management Survey,12
61907621,web development,it,registration,Moderate,7,2024-12-26,Web Development Registration,9
61907622,digital marketing,marketing,application,Complex,10,2025-06-27,Digital Marketing Application,12
61907623,social media,marketing,application,Moderate,14,2025-05-16,Social Media Application,11
61907624,cybersecurity,it,registration,Moderate,12,2025-06-28,Cybersecurity Registration,10
61907625,investment planning,economics,application,Simple,7,2025-09-22,Investment Planning Application,7
61907626,digital marketing,marketing,application,Simple,6,2025-01-25,Digital Marketing Application,8
61907627,brand management,marketing,survey,Simple,8,2025-04-27,Brand Management Survey,12
61907628,data science,it,registration,Simple,15,2025-05-05,Data Science Registration,6
61907629,web development,it,registration,Complex,5,2025-02-26,Web Development Registration,4
61907630,investment planning,economics,survey,Moderate,6,2025-07-04,Investment Planning Survey,5
61907631,social media,marketing,survey,Moderate,5,2025-10-04,Social Media Survey,11
61907632,financial modeling,economics,assessment,Moderate,14,2025-08-16,Financial Modeling Assessment,3
61907633,digital marketing,marketing,registration,Simple,14,2024-12-27,Digital Marketing Registration,7
61907634,portfolio management,economics,survey,Moderate,13,2025-10-09,Portfolio Management Survey,6
61907635,portfolio management,economics,registration,Simple,12,2025-01-31,Portfolio Management Registration,4
61907636,web development,it,application,Complex,8,2025-06-18,Web Development Application,4
61907637,machine learning,it,assessment,Simple,5,2024-11-28,Machine Learning Assessment,3
61907638,brand management,marketing,registration,Simple,7,2025-03-09,Brand Management Registration,9
61907639,data science,it,survey,Complex,14,2025-02-11,Data Science Survey,4
61907640,brand management,marketing,application,Moderate,7,2025-07-25,Brand Management Application,10
61907641,portfolio management,economics,assessment,Moderate,7,2024-11-06,Portfolio Management Assessment,10
61907642,web development,it,survey,Complex,12,2025-03-12,Web Development Survey,11
61907643,investment planning,economics,assessment,Simple,11,2024-11-11,Investment Planning Assessment,10
61907644,social media,marketing,survey,Simple,10,2025-06-14,Social Media Survey,12
61907645,brand management,marketing,registration,Complex,11,2025-05-11,Brand Management Registration,7
61907646,data science,it,application,Moderate,11,2025-09-13,Data Science Application,10
61907647,portfolio management,economics,registration,Complex,6,2025-10-24,Portfolio Management Registration,8
61907648,data science,it,application,Moderate,9,2025-09-13,Data Science Application,10
61907649,market analysis,economics,registration,Moderate,5,2025-08-06,Market Analysis Registration,4
61907650,financial modeling,economics,registration,Simple,15,2025-05-23,Financial Modeling Registration,4
61907651,cloud computing,it,application,Simple,15,2025-04-08,Cloud Computing Application,11
61907652,social media,marketing,registration,Simple,15,2025-10-22,Social Media Registration,11
61907653,social media,marketing,application,Simple,8,2025-05-13,Social Media Application,9
61907654,digital marketing,marketing,assessment,Moderate,14,2024-11-04,Digital Marketing Assessment,12
61907655,cybersecurity,it,survey,Complex,14,2024-12-28,Cybersecurity Survey,10
61907656,financial modeling,economics,survey,Complex,12,2025-03-25,Financial Modeling Survey,7
61907657,portfolio management,economics,assessment,Complex,11,2024-12-02,Portfolio Management Assessment,4
61907658,data science,it,application,Complex,9,2025-03-27,Data Science Application,7
61907659,machine learning,it,survey,Complex,9,2024-11-03,Machine Learning Survey,11
61907660,market analysis,economics,assessment,Complex,8,2025-04-27,Market Analysis Assessment,11
61907661,cloud computing,it,registration,Moderate,13,2025-06-29,Cloud Computing Registration,8
61907662,brand management,marketing,application,Complex,5,2025-08-21,Brand Management Application,3
61907663,web development,it,survey,Simple,7,2025-06-12,Web Development Survey,6
61907664,cloud computing,it,survey,Moderate,11,2024-12-26,Cloud Computing Survey,11
61907665,web development,it,registration,Moderate,13,2025-09-17,Web Development Registration,7
61907666,cloud computing,it,assessment,Complex,8,2025-03-13,Cloud Computing Assessment,12
61907667,cybersecurity,it,survey,Complex,5,2025-05-06,Cybersecurity Survey,5
61907668,social media,marketing,application,Simple,11,2025-01-20,Social Media Application,6
61907669,machine learning,it,survey,Complex,13,2025-01-26,Machine Learning Survey,10
61907670,cybersecurity,it,registration,Simple,9,2025-09-07,Cybersecurity Registration,11
61907671,financial modeling,economics,registration,Moderate,6,2025-02-02,Financial Modeling Registration,11
61907672,machine learning,it,registration,Moderate,13,2025-01-16,Machine Learning Registration,5
61907673,brand management,marketing,survey,Moderate,6,2025-03-01,Brand Management Survey,12
61907674,cybersecurity,it,application,Moderate,10,2025-03-09,Cybersecurity Application,10
61907675,portfolio management,economics,application,Moderate,14,2025-03-29,Portfolio Management Application,12
61907676,data science,it,registration,Complex,14,2024-10-25,Data Science Registration,7
61907677,data science,it,application,Moderate,14,2025-09-28,Data Science Application,8
61907678,web development,it,registration,Moderate,14,2025-05-07,Web Development Registration,12
61907679,cloud computing,it,application,Simple,15,2025-04-17,Cloud Computing Application,10
61907680,digital marketing,marketing,survey,Simple,13,2025-07-29,Digital Marketing Survey,9
61907681,web development,it,assessment,Complex,14,2025-03-15,Web Development Assessment,11
61907682,content marketing,marketing,assessment,Complex,15,2025-01-19,Content Marketing Assessment,7
61907683,financial modeling,economics,survey,Simple,6,2025-06-09,Financial Modeling Survey,6
61907684,market analysis,economics,survey,Simple,7,2025-08-12,Market Analysis Survey,8
61907685,web development,it,survey,Moderate,9,2025-07-10,Web Development Survey,10
61907686,social media,marketing,assessment,Moderate,5,2025-08-25,Social Media Assessment,11
61907687,brand management,marketing,registration,Moderate,13,2025-07-20,Brand Management Registration,9
61907688,digital marketing,marketing,assessment,Complex,9,2025-09-30,Digital Marketing Assessment,10
61907689,machine learning,it,registration,Complex,6,2025-09-29,Machine Learning Registration,12
61907690,social media,marketing,assessment,Simple,11,2025-05-30,Social Media Assessment,6
61907691,cloud computing,it,registration,Moderate,7,2025-04-18,Cloud Computing Registration,6
61907692,cloud computing,it,survey,Moderate,12,2025-09-30,Cloud Computing Survey,8
61907693,data science,it,assessment,Moderate,9,2025-06-12,Data Science Assessment,4
61907694,cloud computing,it,survey,Moderate,5,2025-08-06,Cloud Computing Survey,10
61907695,brand management,marketing,assessment,Complex,9,2025-03-26,Brand Management Assessment,7
61907696,market analysis,economics,assessment,Complex,8,2025-03-31,Market Analysis Assessment,6
61907697,digital marketing,marketing,registration,Simple,13,2024-10-26,Digital Marketing Registration,11
61907698,digital marketing,marketing,registration,Moderate,13,2025-03-17,Digital Marketing Registration,4
61907699,social media,marketing,registration,Moderate,15,2025-05-04,Social Media Registration,4
61907700,portfolio management,economics,registration,Simple,5,2025-10-16,Portfolio Management Registration,5
61907701,content marketing,marketing,application,Moderate,13,2025-08-27,Content Marketing Application,3
61907702,machine learning,it,registration,Simple,15,2024-11-02,Machine Learning Registration,5
61907703,digital marketing,marketing,assessment,Simple,8,2024-11-27,Digital Marketing Assessment,3
61907704,machine learning,it,registration,Moderate,14,2025-05-31,Machine Learning Registration,9
61907705,web development,it,application,Moderate,9,2025-04-25,Web Development Application,7
61907706,brand management,marketing,survey,Moderate,12,2025-05-10,Brand Management Survey,8
61907707,brand management,marketing,assessment,Moderate,14,2024-12-06,Brand Management Assessment,3
61907708,content marketing,marketing,registration,Complex,15,2025-06-12,Content Marketing Registration,4
61907709,financial modeling,economics,application,Moderate,15,2025-02-13,Financial Modeling Application,9
61907710,investment planning,economics,application,Simple,7,2025-08-04,Investment Planning Application,7
61907711,web development,it,registration,Simple,9,2025-02-01,Web Development Registration,12
61907712,content marketing,marketing,assessment,Complex,9,2025-09-07,Content Marketing Assessment,10
61907713,content marketing,marketing,application,Moderate,12,2025-09-10,Content Marketing Application,10
61907714,web development,it,survey,Simple,13,2024-11-30,Web Development Survey,12
61907715,market analysis,economics,registration,Complex,13,2025-06-02,Market Analysis Registration,10
61907716,investment planning,economics,registration,Complex,12,2025-01-31,Investment Planning Registration,4
61907717,financial modeling,economics,application,Complex,15,2025-10-05,Financial Modeling Application,7
61907718,investment planning,economics,registration,Simple,12,2025-10-02,Investment Planning Registration,3
61907719,market analysis,economics,assessment,Simple,12,2025-05-23,Market Analysis Assessment,10
61907720,content marketing,marketing,application,Complex,12,2025-01-22,Content Marketing Application,8
61907721,financial modeling,economics,assessment,Complex,10,2025-10-05,Financial Modeling Assessment,6
61907722,data science,it,registration,Simple,11,2024-11-29,Data Science Registration,9
61907723,financial modeling,economics,registration,Simple,14,2025-10-07,Financial Modeling Registration,11
61907724,portfolio management,economics,survey,Simple,6,2025-04-17,Portfolio Management Survey,9
61907725,cybersecurity,it,registration,Moderate,9,2025-10-13,Cybersecurity Registration,3
61907726,financial modeling,economics,registration,Complex,6,2024-11-05,Financial Modeling Registration,10
61907727,machine learning,it,application,Moderate,10,2025-08-22,Machine Learning Application,9
61907728,financial modeling,economics,application,Complex,8,2025-03-01,Financial Modeling Application,10
61907729,portfolio management,economics,registration,Simple,7,2025-01-14,Portfolio Management Registration,12
61907730,investment planning,economics,registration,Moderate,10,2024-12-24,Investment Planning Registration,8
61907731,brand management,marketing,registration,Complex,12,2025-04-20,Brand Management Registration,10
61907732,machine learning,it,registration,Moderate,11,2025-03-11,Machine Learning Registration,7
61907733,portfolio management,economics,registration,Complex,8,2025-04-26,Portfolio Management Registration,11
61907734,cloud computing,it,registration,Simple,5,2025-09-30,Cloud Computing Registration,12
61907735,social media,marketing,application,Simple,7,2025-06-25,Social Media Application,8
61907736,web development,it,assessment,Moderate,14,2025-08-19,Web Development Assessment,7
61907737,content marketing,marketing,survey,Simple,7,2025-10-04,Content Marketing Survey,5
61907738,financial modeling,economics,survey,Simple,11,2024-12-18,Financial Modeling Survey,10
61907739,investment planning,economics,assessment,Simple,12,2025-05-03,Investment Planning Assessment,5
61907740,investment planning,economics,survey,Complex,6,2025-05-22,Investment Planning Survey,8
61907741,brand management,marketing,assessment,Moderate,10,2024-11-05,Brand Management Assessment,3
61907742,data science,it,application,Moderate,15,2024-12-21,Data Science Application,6
61907743,investment planning,economics,assessment,Simple,10,2025-03-18,Investment Planning Assessment,8
61907744,investment planning,economics,survey,Simple,13,2025-07-30,Investment Planning Survey,7
61907745,data science,it,survey,Simple,5,2024-11-24,Data Science Survey,10
61907746,cybersecurity,it,application,Simple,9,2025-03-29,Cybersecurity Application,7
61907747,web development,it,registration,Complex,7,2025-10-25,Web Development Registration,3
61907748,cloud computing,it,application,Complex,8,2025-04-25,Cloud Computing Application,6
61907749,social media,marketing,application,Complex,8,2025-04-10,Social Media Application,7
61907750,web development,it,survey,Complex,6,2025-01-24,Web Development Survey,6
61907751,investment planning,economics,survey,Moderate,14,2025-04-18,Investment Planning Survey,12
61907752,cloud computing,it,survey,Complex,11,2025-10-01,Cloud Computing Survey,12
61907753,content marketing,marketing,survey,Simple,12,2025-07-01,Content Marketing Survey,10
61907754,web development,it,registration,Complex,10,2025-06-20,Web Development Registration,5
61907755,content marketing,marketing,assessment,Moderate,14,2025-07-02,Content Marketing Assessment,12
61907756,machine learning,it,assessment,Simple,13,2025-03-10,Machine Learning Assessment,12
61907757,investment planning,economics,assessment,Complex,12,2024-12-14,Investment Planning Assessment,10
61907758,digital marketing,marketing,registration,Simple,9,2024-12-08,Digital Marketing Registration,8
61907759,content marketing,marketing,assessment,Simple,7,2024-12-08,Content Marketing Assessment,11
61907760,financial modeling,economics,application,Complex,8,2025-01-29,Financial Modeling Application,3
61907761,cloud computing,it,registration,Moderate,15,2025-07-10,Cloud Computing Registration,5
61907762,cybersecurity,it,survey,Simple,6,2025-06-16,Cybersecurity Survey,12
61907763,content marketing,marketing,survey,Simple,10,2025-01-18,Content Marketing Survey,3
61907764,digital marketing,marketing,registration,Complex,12,2025-10-03,Digital Marketing Registration,11
61907765,digital marketing,marketing,application,Complex,9,2025-08-20,Digital Marketing Application,3
61907766,social media,marketing,application,Simple,6,2025-08-16,Social Media Application,3
61907767,investment planning,economics,survey,Simple,7,2025-06-12,Investment Planning Survey,5
61907768,brand management,marketing,registration,Moderate,6,2025-03-21,Brand Management Registration,11
61907769,brand management,marketing,survey,Simple,8,2025-07-01,Brand Management Survey,8
61907770,web development,it,registration,Moderate,13,2025-06-11,Web Development Registration,11
61907771,digital marketing,marketing,registration,Simple,14,2025-01-14,Digital Marketing Registration,8
61907772,data science,it,registration,Simple,14,2025-03-06,Data Science Registration,9
61907773,digital marketing,marketing,registration,Complex,10,2024-11-06,Digital Marketing Registration,10
61907774,data science,it,assessment,Simple,7,2025-05-04,Data Science Assessment,8
61907775,cybersecurity,it,survey,Simple,10,2024-10-30,Cybersecurity Survey,5
61907776,cloud computing,it,registration,Moderate,12,2025-01-16,Cloud Computing Registration,6
61907777,digital marketing,marketing,application,Simple,5,2024-11-12,Digital Marketing Application,9
61907778,machine learning,it,registration,Moderate,9,2025-08-15,Machine Learning Registration,3
61907779,market analysis,economics,assessment,Moderate,6,2025-09-05,Market Analysis Assessment,10
61907780,cloud computing,it,assessment,Simple,8,2025-04-24,Cloud Computing Assessment,7
61907781,digital marketing,marketing,application,Complex,11,2025-07-17,Digital Marketing Application,6
61907782,content marketing,marketing,registration,Moderate,10,2024-11-29,Content Marketing Registration,3
61907783,brand management,marketing,registration,Simple,13,2024-11-06,Brand Management Registration,8
61907784,content marketing,marketing,survey,Moderate,15,2025-09-18,Content Marketing Survey,6
61907785,market analysis,economics,survey,Moderate,13,2025-09-25,Market Analysis Survey,5
61907786,content marketing,marketing,assessment,Complex,12,2025-02-05,Content Marketing Assessment,4
61907787,market analysis,economics,survey,Complex,9,2024-12-18,Market Analysis Survey,9
61907788,investment planning,economics,survey,Complex,9,2025-04-28,Investment Planning Survey,7
61907789,investment planning,economics,registration,Moderate,9,2025-03-17,Investment Planning Registration,11
61907790,digital marketing,marketing,survey,Moderate,8,2025-06-07,Digital Marketing Survey,9
61907791,brand management,marketing,registration,Complex,14,2025-04-22,Brand Management Registration,6
61907792,social media,marketing,assessment,Moderate,8,2025-03-27,Social Media Assessment,7
61907793,brand management,marketing,assessment,Moderate,13,2025-01-01,Brand Management Assessment,7
61907794,financial modeling,economics,registration,Complex,5,2024-12-12,Financial Modeling Registration,4
61907795,machine learning,it,survey,Moderate,5,2025-03-09,Machine Learning Survey,6
61907796,digital marketing,marketing,assessment,Simple,10,2025-03-18,Digital Marketing Assessment,8
61907797,portfolio management,economics,assessment,Complex,6,2024-12-02,Portfolio Management Assessment,12
61907798,financial modeling,economics,assessment,Moderate,14,2025-02-26,Financial Modeling Assessment,6
61907799,social media,marketing,assessment,Moderate,12,2025-06-11,Social Media Assessment,6
61907800,social media,marketing,survey,Moderate,9,2025-06-09,Social Media Survey,4
61907801,data science,it,registration,Simple,8,2025-07-30,Data Science Registration,11
61907802,cloud computing,it,survey,Complex,10,2025-05-25,Cloud Computing Survey,4
61907803,cloud computing,it,survey,Simple,8,2025-05-11,Cloud Computing Survey,3
61907804,investment planning,economics,survey,Complex,5,2024-10-29,Investment Planning Survey,8
61907805,financial modeling,economics,application,Complex,10,2024-12-27,Financial Modeling Application,11
61907806,digital marketing,marketing,survey,Moderate,12,2025-06-14,Digital Marketing Survey,6
61907807,market analysis,economics,application,Complex,15,2025-02-28,Market Analysis Application,11
61907808,social media,marketing,assessment,Simple,12,2025-05-28,Social Media Assessment,8
61907809,data science,it,registration,Moderate,9,2025-06-02,Data Science Registration,5
61907810,market analysis,economics,assessment,Complex,7,2025-09-18,Market Analysis Assessment,5
61907811,portfolio management,economics,application,Simple,12,2025-06-17,Portfolio Management Application,3
61907812,digital marketing,marketing,registration,Complex,15,2025-07-20,Digital Marketing Registration,7
61907813,brand management,marketing,assessment,Complex,10,2025-10-05,Brand Management Assessment,12
61907814,data science,it,survey,Moderate,14,2025-01-26,Data Science Survey,12
61907815,content marketing,marketing,registration,Complex,14,2025-02-17,Content Marketing Registration,8
61907816,digital marketing,marketing,survey,Complex,6,2025-04-19,Digital Marketing Survey,3
61907817,content marketing,marketing,registration,Moderate,10,2025-05-21,Content Marketing Registration,3
61907818,market analysis,economics,survey,Complex,5,2025-09-05,Market Analysis Survey,7
61907819,portfolio management,economics,survey,Complex,15,2025-08-24,Portfolio Management Survey,3
61907820,brand management,marketing,application,Simple,12,2025-03-08,Brand Management Application,6
61907821,financial modeling,economics,registration,Complex,9,2025-03-03,Financial Modeling Registration,12
61907822,cybersecurity,it,assessment,Complex,15,2025-05-07,Cybersecurity Assessment,7
61907823,investment planning,economics,application,Moderate,5,2025-08-24,Investment Planning Application,7
61907824,cybersecurity,it,registration,Moderate,6,2025-09-06,Cybersecurity Registration,10
61907825,content marketing,marketing,survey,Moderate,10,2024-10-30,Content Marketing Survey,8
61907826,digital marketing,marketing,survey,Complex,5,2025-04-13,Digital Marketing Survey,5
61907827,web development,it,registration,Simple,5,2024-11-16,Web Development Registration,10
61907828,investment planning,economics,registration,Moderate,7,2025-01-22,Investment Planning Registration,4
61907829,data science,it,assessment,Moderate,5,2024-11-05,Data Science Assessment,10
61907830,cybersecurity,it,survey,Moderate,6,2025-06-25,Cybersecurity Survey,10
61907831,investment planning,economics,application,Complex,5,2025-01-20,Investment Planning Application,5
61907832,financial modeling,economics,survey,Moderate,12,2025-02-22,Financial Modeling Survey,4
61907833,web development,it,application,Moderate,5,2025-04-27,Web Development Application,4
61907834,social media,marketing,application,Moderate,6,2025-02-22,Social Media Application,6
61907835,social media,marketing,registration,Moderate,5,2025-01-04,Social Media Registration,12
61907836,digital marketing,marketing,survey,Moderate,15,2025-06-28,Digital Marketing Survey,4
61907837,machine learning,it,application,Moderate,5,2025-06-22,Machine Learning Application,12
61907838,brand management,marketing,survey,Complex,15,2025-05-19,Brand Management Survey,9
61907839,social media,marketing,assessment,Complex,12,2025-01-30,Social Media Assessment,6
61907840,data science,it,registration,Moderate,5,2025-03-16,Data Science Registration,7
61907841,portfolio management,economics,registration,Simple,13,2025-09-29,Portfolio Management Registration,9
61907842,data science,it,application,Moderate,7,2025-07-14,Data Science Application,7
61907843,brand management,marketing,survey,Complex,5,2025-09-29,Brand Management Survey,6
61907844,social media,marketing,assessment,Simple,15,2025-04-07,Social Media Assessment,9
61907845,market analysis,economics,assessment,Simple,11,2025-05-28,Market Analysis Assessment,12
61907846,web development,it,survey,Complex,13,2025-06-21,Web Development Survey,8
61907847,cloud computing,it,application,Complex,12,2024-12-29,Cloud Computing Application,7
61907848,cybersecurity,it,application,Complex,8,2025-10-19,Cybersecurity Application,8
61907849,market analysis,economics,assessment,Moderate,13,2025-03-13,Market Analysis Assessment,4
61907850,investment planning,economics,survey,Simple,8,2025-01-03,Investment Planning Survey,12
61907851,market analysis,economics,survey,Complex,12,2024-12-15,Market Analysis Survey,12
61907852,portfolio management,economics,registration,Moderate,5,2025-08-04,Portfolio Management Registration,5
61907853,investment planning,economics,registration,Moderate,13,2025-02-09,Investment Planning Registration,12
61907854,social media,marketing,application,Complex,5,2025-03-16,Social Media Application,10
61907855,financial modeling,economics,assessment,Complex,7,2025-08-03,Financial Modeling Assessment,7
61907856,digital marketing,marketing,survey,Moderate,13,2025-10-02,Digital Marketing Survey,3
61907857,cybersecurity,it,application,Simple,14,2025-07-02,Cybersecurity Application,10
61907858,social media,marketing,survey,Complex,7,2025-04-30,Social Media Survey,5
61907859,cloud computing,it,registration,Moderate,14,2025-09-08,Cloud Computing Registration,5
61907860,cybersecurity,it,survey,Moderate,8,2025-06-12,Cybersecurity Survey,8
61907861,content marketing,marketing,assessment,Moderate,9,2025-08-03,Content Marketing Assessment,12
61907862,web development,it,application,Simple,6,2025-09-09,Web Development Application,8
61907863,portfolio management,economics,assessment,Complex,8,2025-04-20,Portfolio Management Assessment,9
61907864,brand management,marketing,registration,Moderate,9,2024-11-18,Brand Management Registration,11
61907865,cloud computing,it,application,Simple,12,2025-03-23,Cloud Computing Application,11
61907866,market analysis,economics,survey,Simple,6,2025-09-24,Market Analysis Survey,9
61907867,content marketing,marketing,assessment,Simple,10,2024-12-15,Content Marketing Assessment,7
61907868,brand management,marketing,survey,Complex,14,2025-03-25,Brand Management Survey,5
61907869,financial modeling,economics,application,Simple,8,2025-06-08,Financial Modeling Application,11
61907870,market analysis,economics,assessment,Simple,7,2025-03-23,Market Analysis Assessment,12
61907871,web development,it,assessment,Moderate,14,2025-09-12,Web Development Assessment,7
61907872,social media,marketing,survey,Simple,7,2025-09-05,Social Media Survey,9
61907873,brand management,marketing,survey,Complex,6,2025-08-31,Brand Management Survey,11
61907874,investment planning,economics,assessment,Simple,6,2025-02-07,Investment Planning Assessment,3
61907875,web development,it,registration,Simple,8,2025-05-25,Web Development Registration,4
61907876,digital marketing,marketing,application,Moderate,5,2025-06-29,Digital Marketing Application,5
61907877,digital marketing,marketing,application,Moderate,12,2024-11-12,Digital Marketing Application,4
61907878,financial modeling,economics,registration,Moderate,6,2025-06-14,Financial Modeling Registration,7
61907879,digital marketing,marketing,assessment,Simple,15,2025-04-01,Digital Marketing Assessment,9
61907880,data science,it,registration,Moderate,10,2025-01-11,Data Science Registration,12
61907881,social media,marketing,survey,Simple,7,2025-10-21,Social Media Survey,12
61907882,digital marketing,marketing,assessment,Complex,15,2025-03-25,Digital Marketing Assessment,4
61907883,portfolio management,economics,registration,Simple,10,2025-09-01,Portfolio Management Registration,5
61907884,web development,it,assessment,Moderate,15,2025-09-25,Web Development Assessment,7
61907885,brand management,marketing,survey,Moderate,14,2025-01-22,Brand Management Survey,3
61907886,machine learning,it,assessment,Simple,6,2025-07-12,Machine Learning Assessment,7
61907887,brand management,marketing,survey,Complex,6,2025-06-10,Brand Management Survey,11
61907888,content marketing,marketing,application,Simple,7,2025-09-22,Content Marketing Application,9
61907889,digital marketing,marketing,registration,Complex,14,2025-03-17,Digital Marketing Registration,9
61907890,content marketing,marketing,registration,Moderate,10,2025-01-25,Content Marketing Registration,12
61907891,financial modeling,economics,application,Moderate,13,2025-02-06,Financial Modeling Application,7
61907892,investment planning,economics,application,Simple,12,2024-11-08,Investment Planning Application,3
61907893,investment planning,economics,assessment,Moderate,7,2024-12-06,Investment Planning Assessment,7
61907894,web development,it,application,Moderate,8,2025-07-15,Web Development Application,7
61907895,digital marketing,marketing,survey,Moderate,14,2025-03-07,Digital Marketing Survey,9
61907896,brand management,marketing,assessment,Moderate,8,2025-02-05,Brand Management Assessment,8
61907897,cloud computing,it,assessment,Simple,15,2025-04-16,Cloud Computing Assessment,7
61907898,social media,marketing,application,Complex,7,2025-03-29,Social Media Application,9
61907899,market analysis,economics,assessment,Moderate,15,2024-12-29,Market Analysis Assessment,5
61907900,financial modeling,economics,assessment,Simple,6,2025-08-14,Financial Modeling Assessment,5
61907901,market analysis,economics,registration,Simple,7,2025-09-29,Market Analysis Registration,3
61907902,brand management,marketing,application,Complex,5,2025-09-01,Brand Management Application,10
61907903,financial modeling,economics,assessment,Moderate,6,2025-01-05,Financial Modeling Assessment,4
61907904,data science,it,application,Simple,12,2025-04-20,Data Science Application,8
61907905,portfolio management,economics,survey,Simple,10,2025-07-07,Portfolio Management Survey,12
61907906,content marketing,marketing,registration,Simple,7,2025-03-29,Content Marketing Registration,7
61907907,web development,it,assessment,Simple,12,2024-11-06,Web Development Assessment,12
61907908,investment planning,economics,registration,Moderate,12,2025-01-21,Investment Planning Registration,10
61907909,investment planning,economics,registration,Moderate,15,2025-07-13,Investment Planning Registration,10
61907910,digital marketing,marketing,assessment,Simple,6,2025-03-10,Digital Marketing Assessment,4
61907911,data science,it,registration,Moderate,14,2025-09-25,Data Science Registration,7
61907912,cloud computing,it,assessment,Simple,7,2025-02-13,Cloud Computing Assessment,5
61907913,web development,it,registration,Moderate,12,2025-03-14,Web Development Registration,6
61907914,content marketing,marketing,registration,Complex,12,2025-04-24,Content Marketing Registration,12
61907915,social media,marketing,assessment,Simple,12,2025-08-07,Social Media Assessment,8
61907916,machine learning,it,registration,Moderate,8,2025-09-08,Machine Learning Registration,5
61907917,cloud computing,it,assessment,Complex,11,2025-07-19,Cloud Computing Assessment,7
61907918,portfolio management,economics,application,Moderate,6,2025-05-16,Portfolio Management Application,4
61907919,social media,marketing,registration,Moderate,13,2024-12-02,Social Media Registration,6
61907920,portfolio management,economics,registration,Moderate,10,2025-04-23,Portfolio Management Registration,9
61907921,machine learning,it,survey,Moderate,10,2024-12-28,Machine Learning Survey,4
61907922,digital marketing,marketing,application,Moderate,15,2025-02-12,Digital Marketing Application,10
61907923,market analysis,economics,survey,Moderate,14,2025-08-24,Market Analysis Survey,4
61907924,data science,it,assessment,Moderate,7,2024-10-25,Data Science Assessment,12
61907925,portfolio management,economics,assessment,Moderate,15,2025-06-25,Portfolio Management Assessment,7
61907926,machine learning,it,application,Complex,6,2025-04-14,Machine Learning Application,10
61907927,market analysis,economics,registration,Complex,10,2024-11-30,Market Analysis Registration,4
61907928,investment planning,economics,survey,Complex,15,2025-04-06,Investment Planning Survey,11
61907929,cybersecurity,it,assessment,Complex,12,2025-02-23,Cybersecurity Assessment,6
61907930,cloud computing,it,survey,Moderate,14,2025-03-08,Cloud Computing Survey,6
61907931,machine learning,it,assessment,Simple,13,2025-02-26,Machine Learning Assessment,4
61907932,investment planning,economics,assessment,Complex,6,2025-06-02,Investment Planning Assessment,11
61907933,social media,marketing,assessment,Simple,5,2025-05-18,Social Media Assessment,6
61907934,social media,marketing,application,Simple,14,2025-05-27,Social Media Application,4
61907935,investment planning,economics,survey,Complex,12,2025-07-27,Investment Planning Survey,3
61907936,digital marketing,marketing,registration,Complex,5,2025-01-08,Digital Marketing Registration,12
61907937,market analysis,economics,survey,Moderate,11,2024-12-02,Market Analysis Survey,9
61907938,brand management,marketing,survey,Simple,10,2025-02-26,Brand Management Survey,12
61907939,market analysis,economics,application,Complex,7,2025-09-17,Market Analysis Application,10
61907940,data science,it,survey,Complex,13,2024-10-29,Data Science Survey,6
61907941,market analysis,economics,survey,Moderate,7,2025-01-03,Market Analysis Survey,11
61907942,content marketing,marketing,registration,Moderate,10,2025-06-18,Content Marketing Registration,4
61907943,brand management,marketing,application,Simple,13,2025-04-04,Brand Management Application,10
61907944,investment planning,economics,application,Complex,12,2025-08-14,Investment Planning Application,5
61907945,content marketing,marketing,assessment,Complex,13,2025-04-30,Content Marketing Assessment,7
61907946,market analysis,economics,survey,Moderate,6,2025-05-22,Market Analysis Survey,11
61907947,content marketing,marketing,survey,Simple,5,2025-06-09,Content Marketing Survey,4
61907948,digital marketing,marketing,assessment,Moderate,11,2025-03-06,Digital Marketing Assessment,5
61907949,web development,it,registration,Moderate,7,2025-06-11,Web Development Registration,12
61907950,investment planning,economics,assessment,Complex,9,2025-07-06,Investment Planning Assessment,8
61907951,market analysis,economics,survey,Moderate,13,2025-06-01,Market Analysis Survey,10
61907952,investment planning,economics,registration,Moderate,13,2024-11-20,Investment Planning Registration,3
61907953,data science,it,assessment,Moderate,8,2024-10-25,Data Science Assessment,7
61907954,investment planning,economics,assessment,Complex,15,2025-07-16,Investment Planning Assessment,5
61907955,portfolio management,economics,application,Moderate,6,2025-03-22,Portfolio Management Application,6
61907956,brand management,marketing,application,Moderate,10,2025-01-08,Brand Management Application,7
61907957,cloud computing,it,survey,Complex,13,2025-03-15,Cloud Computing Survey,3
61907958,social media,marketing,application,Simple,9,2025-01-31,Social Media Application,6
61907959,financial modeling,economics,registration,Moderate,14,2025-10-20,Financial Modeling Registration,4
61907960,digital marketing,marketing,survey,Moderate,11,2024-12-31,Digital Marketing Survey,10
61907961,portfolio management,economics,registration,Complex,9,2025-05-11,Portfolio Management Registration,6
61907962,social media,marketing,registration,Moderate,7,2025-09-13,Social Media Registration,9
61907963,content marketing,marketing,registration,Moderate,12,2025-09-20,Content Marketing Registration,12
61907964,market analysis,economics,registration,Moderate,15,2025-03-03,Market Analysis Registration,5
61907965,content marketing,marketing,survey,Simple,11,2025-05-14,Content Marketing Survey,8
61907966,investment planning,economics,survey,Simple,6,2025-07-07,Investment Planning Survey,9
61907967,social media,marketing,survey,Moderate,15,2025-03-20,Social Media Survey,3
61907968,financial modeling,economics,survey,Moderate,10,2025-04-15,Financial Modeling Survey,12
61907969,portfolio management,economics,registration,Moderate,9,2025-06-01,Portfolio Management Registration,5
61907970,data science,it,survey,Complex,7,2025-07-25,Data Science Survey,3
61907971,cybersecurity,it,registration,Simple,15,2024-12-13,Cybersecurity Registration,3
61907972,content marketing,marketing,survey,Moderate,15,2025-07-16,Content Marketing Survey,11
61907973,investment planning,economics,survey,Complex,6,2025-04-06,Investment Planning Survey,11
61907974,web development,it,registration,Moderate,8,2024-11-30,Web Development Registration,5
61907975,web development,it,assessment,Complex,12,2025-01-31,Web Development Assessment,12
61907976,digital marketing,marketing,survey,Complex,15,2024-11-08,Digital Marketing Survey,9
61907977,portfolio management,economics,application,Complex,12,2024-12-15,Portfolio Management Application,4
61907978,investment planning,economics,registration,Simple,12,2025-01-08,Investment Planning Registration,9
61907979,cloud computing,it,assessment,Complex,14,2025-03-29,Cloud Computing Assessment,4
61907980,market analysis,economics,registration,Simple,7,2025-10-18,Market Analysis Registration,3
61907981,market analysis,economics,registration,Simple,13,2024-12-23,Market Analysis Registration,12
61907982,financial modeling,economics,survey,Moderate,8,2024-10-26,Financial Modeling Survey,7
61907983,social media,marketing,registration,Simple,5,2025-02-11,Social Media Registration,5
61907984,social media,marketing,application,Simple,11,2024-11-21,Social Media Application,7
61907985,financial modeling,economics,registration,Complex,8,2025-07-15,Financial Modeling Registration,10
61907986,brand management,marketing,assessment,Complex,13,2025-08-15,Brand Management Assessment,10
61907987,market analysis,economics,registration,Moderate,5,2024-12-07,Market Analysis Registration,8
61907988,social media,marketing,registration,Complex,9,2025-01-28,Social Media Registration,7
61907989,cloud computing,it,assessment,Moderate,13,2024-11-25,Cloud Computing Assessment,12
61907990,financial modeling,economics,assessment,Simple,15,2024-11-08,Financial Modeling Assessment,7
61907991,investment planning,economics,survey,Moderate,14,2025-09-29,Investment Planning Survey,7
61907992,digital marketing,marketing,assessment,Simple,9,2024-11-01,Digital Marketing Assessment,12
61907993,investment planning,economics,assessment,Simple,15,2025-09-01,Investment Planning Assessment,11
61907994,digital marketing,marketing,application,Moderate,12,2025-08-28,Digital Marketing Application,4
61907995,cybersecurity,it,registration,Simple,12,2025-05-16,Cybersecurity Registration,6
61907996,portfolio management,economics,survey,Simple,13,2025-09-15,Portfolio Management Survey,9
61907997,machine learning,it,registration,Moderate,5,2025-01-15,Machine Learning Registration,11
61907998,portfolio management,economics,assessment,Complex,14,2025-03-20,Portfolio Management Assessment,9
61907999,machine learning,it,survey,Moderate,8,2025-02-25,Machine Learning Survey,7
61908000,investment planning,economics,application,Complex,12,2025-07-24,Investment Planning Application,12
61908001,machine learning,it,survey,Moderate,8,2025-01-09,Machine Learning Survey,5
61908002,financial modeling,economics,survey,Complex,9,2025-04-18,Financial Modeling Survey,10
61908003,financial modeling,economics,registration,Complex,5,2025-02-04,Financial Modeling Registration,12
61908004,social media,marketing,survey,Moderate,7,2025-09-10,Social Media Survey,5
61908005,investment planning,economics,survey,Complex,15,2025-09-22,Investment Planning Survey,3
61908006,cloud computing,it,assessment,Complex,8,2025-08-10,Cloud Computing Assessment,3
61908007,social media,marketing,registration,Simple,5,2025-02-12,Social Media Registration,8
61908008,digital marketing,marketing,registration,Simple,9,2025-06-24,Digital Marketing Registration,10
61908009,social media,marketing,assessment,Moderate,11,2025-08-05,Social Media Assessment,5
61908010,portfolio management,economics,application,Complex,5,2025-06-07,Portfolio Management Application,4
61908011,data science,it,registration,Moderate,13,2025-09-06,Data Science Registration,7
61908012,brand management,marketing,assessment,Complex,8,2025-10-09,Brand Management Assessment,9
61908013,digital marketing,marketing,application,Complex,13,2025-08-09,Digital Marketing Application,8
61908014,social media,marketing,application,Moderate,15,2025-04-23,Social Media Application,6
61908015,market analysis,economics,registration,Complex,7,2025-06-24,Market Analysis Registration,9
61908016,content marketing,marketing,application,Complex,7,2025-02-12,Content Marketing Application,10
61908017,machine learning,it,survey,Moderate,8,2025-02-17,Machine Learning Survey,5
61908018,data science,it,survey,Simple,5,2025-03-25,Data Science Survey,12
61908019,brand management,marketing,registration,Complex,13,2024-12-14,Brand Management Registration,11
61908020,brand management,marketing,assessment,Simple,10,2024-12-29,Brand Management Assessment,11
61908021,cloud computing,it,survey,Moderate,12,2025-01-09,Cloud Computing Survey,11
61908022,financial modeling,economics,registration,Simple,14,2025-04-07,Financial Modeling Registration,4
61908023,market analysis,economics,application,Moderate,14,2025-04-12,Market Analysis Application,8
61908024,cybersecurity,it,assessment,Simple,9,2025-06-15,Cybersecurity Assessment,10
61908025,data science,it,registration,Complex,7,2025-03-17,Data Science Registration,6
61908026,cybersecurity,it,application,Simple,9,2024-11-16,Cybersecurity Application,11
61908027,portfolio management,economics,survey,Moderate,6,2025-02-18,Portfolio Management Survey,11
61908028,data science,it,registration,Complex,5,2025-04-19,Data Science Registration,9
61908029,web development,it,registration,Moderate,5,2025-10-17,Web Development Registration,7
61908030,investment planning,economics,registration,Complex,12,2025-08-21,Investment Planning Registration,7
61908031,brand management,marketing,application,Simple,7,2025-09-01,Brand Management Application,5
61908032,cloud computing,it,registration,Complex,8,2024-11-11,Cloud Computing Registration,3
61908033,content marketing,marketing,registration,Complex,6,2025-10-01,Content Marketing Registration,8
61908034,content marketing,marketing,registration,Simple,5,2025-01-23,Content Marketing Registration,7
61908035,web development,it,application,Simple,12,2025-02-17,Web Development Application,10
61908036,content marketing,marketing,survey,Complex,11,2025-10-11,Content Marketing Survey,3
61908037,investment planning,economics,registration,Complex,12,2025-02-16,Investment Planning Registration,4
61908038,market analysis,economics,application,Complex,15,2025-07-03,Market Analysis Application,3
61908039,market analysis,economics,assessment,Simple,9,2025-03-15,Market Analysis Assessment,9
61908040,social media,marketing,survey,Complex,12,2025-02-22,Social Media Survey,11
61908041,machine learning,it,application,Moderate,6,2025-09-17,Machine Learning Application,5
61908042,machine learning,it,application,Moderate,9,2025-10-01,Machine Learning Application,7
61908043,social media,marketing,survey,Moderate,15,2025-03-17,Social Media Survey,8
61908044,market analysis,economics,registration,Complex,12,2025-02-17,Market Analysis Registration,7
61908045,web development,it,application,Complex,7,2025-05-24,Web Development Application,5
61908046,financial modeling,economics,registration,Simple,9,2025-10-02,Financial Modeling Registration,7
61908047,web development,it,assessment,Simple,15,2025-08-08,Web Development Assessment,7
61908048,cloud computing,it,survey,Complex,13,2024-12-01,Cloud Computing Survey,7
61908049,social media,marketing,application,Moderate,11,2025-03-11,Social Media Application,11
61908050,cloud computing,it,survey,Moderate,9,2025-08-20,Cloud Computing Survey,10
61908051,cybersecurity,it,assessment,Complex,14,2025-07-16,Cybersecurity Assessment,3
61908052,social media,marketing,assessment,Simple,7,2025-06-13,Social Media Assessment,3
61908053,content marketing,marketing,survey,Moderate,8,2025-01-19,Content Marketing Survey,6
61908054,digital marketing,marketing,registration,Simple,7,2025-02-02,Digital Marketing Registration,7
61908055,brand management,marketing,registration,Moderate,14,2025-05-25,Brand Management Registration,4
61908056,brand management,marketing,application,Simple,10,2025-07-18,Brand Management Application,7
61908057,machine learning,it,assessment,Complex,8,2025-05-26,Machine Learning Assessment,10
61908058,cybersecurity,it,survey,Complex,11,2025-08-19,Cybersecurity Survey,4
61908059,social media,marketing,assessment,Simple,11,2024-11-26,Social Media Assessment,7
61908060,financial modeling,economics,application,Moderate,12,2025-05-18,Financial Modeling Application,8
61908061,financial modeling,economics,registration,Complex,10,2025-09-26,Financial Modeling Registration,12
61908062,web development,it,application,Simple,15,2025-02-09,Web Development Application,4
61908063,social media,marketing,assessment,Complex,14,2025-02-20,Social Media Assessment,6
61908064,financial modeling,economics,survey,Simple,10,2024-11-11,Financial Modeling Survey,4
61908065,investment planning,economics,survey,Complex,9,2025-09-25,Investment Planning Survey,9
61908066,machine learning,it,application,Complex,11,2024-12-08,Machine Learning Application,7
61908067,portfolio management,economics,assessment,Moderate,5,2025-03-17,Portfolio Management Assessment,3
61908068,data science,it,assessment,Complex,11,2025-07-18,Data Science Assessment,3
61908069,web development,it,registration,Complex,15,2025-06-24,Web Development Registration,8
61908070,content marketing,marketing,application,Moderate,15,2025-09-29,Content Marketing Application,10
61908071,content marketing,marketing,assessment,Moderate,9,2025-01-20,Content Marketing Assessment,12
61908072,digital marketing,marketing,survey,Complex,7,2024-11-08,Digital Marketing Survey,5
61908073,cybersecurity,it,registration,Complex,8,2025-03-18,Cybersecurity Registration,10
61908074,digital marketing,marketing,survey,Complex,9,2024-12-17,Digital Marketing Survey,3
61908075,market analysis,economics,survey,Complex,9,2024-12-16,Market Analysis Survey,5
61908076,content marketing,marketing,survey,Moderate,13,2025-05-18,Content Marketing Survey,4
61908077,portfolio management,economics,assessment,Simple,9,2024-12-09,Portfolio Management Assessment,5
61908078,social media,marketing,assessment,Complex,8,2025-09-17,Social Media Assessment,7
61908079,cybersecurity,it,registration,Moderate,8,2025-09-23,Cybersecurity Registration,7
61908080,social media,marketing,assessment,Simple,13,2025-01-24,Social Media Assessment,3
61908081,portfolio management,economics,assessment,Complex,9,2025-08-21,Portfolio Management Assessment,6
61908082,financial modeling,economics,assessment,Complex,13,2025-05-23,Financial Modeling Assessment,11
61908083,social media,marketing,application,Complex,8,2024-11-29,Social Media Application,9
61908084,content marketing,marketing,survey,Simple,10,2025-02-06,Content Marketing Survey,9
61908085,machine learning,it,registration,Complex,8,2025-10-14,Machine Learning Registration,3
61908086,investment planning,economics,registration,Simple,12,2025-08-16,Investment Planning Registration,12
61908087,brand management,marketing,survey,Simple,15,2024-11-04,Brand Management Survey,12
61908088,social media,marketing,assessment,Moderate,11,2025-08-27,Social Media Assessment,7
61908089,market analysis,economics,survey,Complex,15,2025-01-15,Market Analysis Survey,9
61908090,investment planning,economics,application,Complex,12,2025-06-24,Investment Planning Application,11
61908091,machine learning,it,application,Complex,6,2025-07-09,Machine Learning Application,5
61908092,machine learning,it,survey,Simple,11,2025-09-19,Machine Learning Survey,6
61908093,financial modeling,economics,survey,Moderate,15,2025-03-16,Financial Modeling Survey,5
61908094,social media,marketing,registration,Moderate,14,2024-12-18,Social Media Registration,9
61908095,social media,marketing,survey,Complex,5,2025-03-13,Social Media Survey,12
61908096,cybersecurity,it,registration,Complex,13,2025-06-12,Cybersecurity Registration,12
61908097,investment planning,economics,survey,Simple,11,2025-06-19,Investment Planning Survey,3
61908098,financial modeling,economics,registration,Complex,5,2025-01-01,Financial Modeling Registration,9
61908099,investment planning,economics,assessment,Moderate,12,2024-10-30,Investment Planning Assessment,6
61908100,portfolio management,economics,registration,Simple,8,2025-02-09,Portfolio Management Registration,6
61908101,social media,marketing,assessment,Simple,6,2025-07-21,Social Media Assessment,10
61908102,investment planning,economics,registration,Complex,13,2025-08-16,Investment Planning Registration,5
61908103,cybersecurity,it,application,Moderate,8,2025-06-22,Cybersecurity Application,12
61908104,content marketing,marketing,survey,Complex,6,2024-11-05,Content Marketing Survey,10
61908105,market analysis,economics,application,Moderate,8,2024-11-07,Market Analysis Application,7
61908106,investment planning,economics,survey,Moderate,7,2025-04-01,Investment Planning Survey,12
61908107,investment planning,economics,application,Simple,12,2024-12-15,Investment Planning Application,4
61908108,financial modeling,economics,assessment,Complex,6,2025-03-15,Financial Modeling Assessment,4
61908109,digital marketing,marketing,assessment,Simple,11,2025-08-22,Digital Marketing Assessment,7
61908110,digital marketing,marketing,registration,Simple,13,2025-04-22,Digital Marketing Registration,4
61908111,content marketing,marketing,registration,Complex,15,2025-10-22,Content Marketing Registration,11
61908112,market analysis,economics,assessment,Simple,8,2024-11-10,Market Analysis Assessment,3
61908113,cybersecurity,it,assessment,Moderate,14,2025-10-13,Cybersecurity Assessment,8
61908114,market analysis,economics,registration,Simple,15,2025-06-16,Market Analysis Registration,12
61908115,financial modeling,economics,registration,Moderate,10,2025-03-18,Financial Modeling Registration,8
61908116,cybersecurity,it,registration,Simple,8,2025-08-29,Cybersecurity Registration,12
61908117,digital marketing,marketing,assessment,Simple,12,2025-07-28,Digital Marketing Assessment,12
61908118,brand management,marketing,assessment,Moderate,12,2025-03-24,Brand Management Assessment,12
61908119,investment planning,economics,registration,Complex,10,2025-06-24,Investment Planning Registration,10
61908120,financial modeling,economics,survey,Moderate,14,2025-03-07,Financial Modeling Survey,5
61908121,machine learning,it,application,Complex,7,2025-05-26,Machine Learning Application,4
61908122,market analysis,economics,assessment,Moderate,9,2025-06-27,Market Analysis Assessment,7
61908123,investment planning,economics,application,Complex,15,2024-12-09,Investment Planning Application,4
61908124,cloud computing,it,registration,Moderate,6,2025-05-12,Cloud Computing Registration,9
61908125,brand management,marketing,registration,Complex,6,2025-04-17,Brand Management Registration,7
61908126,data science,it,application,Moderate,15,2025-02-26,Data Science Application,3
61908127,cybersecurity,it,application,Complex,8,2025-06-22,Cybersecurity Application,4
61908128,digital marketing,marketing,assessment,Complex,11,2025-01-01,Digital Marketing Assessment,6
61908129,market analysis,economics,survey,Complex,7,2025-07-03,Market Analysis Survey,11
61908130,brand management,marketing,application,Moderate,6,2025-08-20,Brand Management Application,7
61908131,machine learning,it,assessment,Moderate,14,2025-03-15,Machine Learning Assessment,3
61908132,digital marketing,marketing,registration,Complex,6,2025-01-14,Digital Marketing Registration,11
61908133,market analysis,economics,survey,Simple,6,2025-07-10,Market Analysis Survey,7
61908134,digital marketing,marketing,survey,Simple,9,2025-05-26,Digital Marketing Survey,10
61908135,market analysis,economics,application,Complex,9,2025-04-25,Market Analysis Application,4
61908136,content marketing,marketing,survey,Moderate,8,2025-07-24,Content Marketing Survey,8
61908137,digital marketing,marketing,application,Simple,7,2025-03-23,Digital Marketing Application,7
61908138,portfolio management,economics,application,Moderate,5,2024-12-21,Portfolio Management Application,6
61908139,digital marketing,marketing,assessment,Simple,10,2024-10-26,Digital Marketing Assessment,12
61908140,brand management,marketing,assessment,Moderate,10,2025-09-16,Brand Management Assessment,3
61908141,content marketing,marketing,application,Moderate,14,2025-07-17,Content Marketing Application,10
61908142,market analysis,economics,survey,Simple,15,2025-02-06,Market Analysis Survey,5
61908143,financial modeling,economics,application,Complex,15,2025-07-19,Financial Modeling Application,7
61908144,social media,marketing,survey,Moderate,10,2025-07-08,Social Media Survey,11
61908145,brand management,marketing,application,Simple,11,2025-09-25,Brand Management Application,12
61908146,content marketing,marketing,application,Simple,15,2025-04-23,Content Marketing Application,5
61908147,cloud computing,it,assessment,Moderate,12,2025-06-01,Cloud Computing Assessment,3
61908148,digital marketing,marketing,application,Moderate,10,2025-06-01,Digital Marketing Application,7
61908149,data science,it,assessment,Simple,12,2025-03-29,Data Science Assessment,4
61908150,cloud computing,it,application,Simple,10,2025-05-10,Cloud Computing Application,4
61908151,social media,marketing,assessment,Simple,14,2025-08-05,Social Media Assessment,12
61908152,portfolio management,economics,registration,Moderate,6,2025-07-10,Portfolio Management Registration,12
61908153,machine learning,it,assessment,Moderate,7,2025-08-04,Machine Learning Assessment,6
61908154,machine learning,it,assessment,Complex,11,2025-08-24,Machine Learning Assessment,5
61908155,social media,marketing,registration,Complex,5,2025-03-12,Social Media Registration,7
61908156,digital marketing,marketing,application,Moderate,12,2024-12-24,Digital Marketing Application,9
61908157,machine learning,it,survey,Complex,14,2025-08-14,Machine Learning Survey,12
61908158,market analysis,economics,application,Simple,13,2025-05-03,Market Analysis Application,4
61908159,machine learning,it,survey,Moderate,6,2024-12-14,Machine Learning Survey,6
61908160,portfolio management,economics,survey,Simple,10,2025-08-30,Portfolio Management Survey,8
61908161,cloud computing,it,assessment,Simple,11,2025-09-12,Cloud Computing Assessment,12
61908162,web development,it,application,Simple,10,2025-07-12,Web Development Application,6
61908163,digital marketing,marketing,registration,Simple,12,2025-05-13,Digital Marketing Registration,5
61908164,web development,it,application,Complex,5,2025-01-23,Web Development Application,5
61908165,web development,it,assessment,Moderate,12,2025-04-27,Web Development Assessment,6
61908166,data science,it,assessment,Moderate,10,2025-05-15,Data Science Assessment,5
61908167,brand management,marketing,survey,Moderate,14,2025-10-03,Brand Management Survey,8
61908168,data science,it,survey,Complex,9,2025-09-13,Data Science Survey,8
61908169,financial modeling,economics,assessment,Moderate,7,2025-06-11,Financial Modeling Assessment,6
61908170,digital marketing,marketing,application,Complex,10,2024-10-28,Digital Marketing Application,6
61908171,digital marketing,marketing,assessment,Moderate,11,2024-11-25,Digital Marketing Assessment,8
61908172,investment planning,economics,survey,Complex,11,2025-10-20,Investment Planning Survey,3
61908173,web development,it,registration,Simple,8,2025-05-08,Web Development Registration,12
61908174,web development,it,survey,Moderate,8,2025-01-01,Web Development Survey,7
61908175,web development,it,application,Simple,15,2025-05-16,Web Development Application,9
61908176,portfolio management,economics,survey,Moderate,15,2025-09-18,Portfolio Management Survey,6
61908177,financial modeling,economics,survey,Moderate,7,2025-06-07,Financial Modeling Survey,6
61908178,data science,it,registration,Simple,6,2025-02-08,Data Science Registration,5
61908179,cybersecurity,it,registration,Moderate,14,2025-10-25,Cybersecurity Registration,11
61908180,data science,it,survey,Moderate,7,2025-01-15,Data Science Survey,7
61908181,cloud computing,it,application,Moderate,6,2025-05-25,Cloud Computing Application,3
61908182,digital marketing,marketing,application,Moderate,6,2025-09-05,Digital Marketing Application,3
61908183,machine learning,it,survey,Simple,14,2025-04-16,Machine Learning Survey,4
61908184,social media,marketing,survey,Complex,10,2025-03-24,Social Media Survey,10
61908185,brand management,marketing,survey,Moderate,5,2025-08-05,Brand Management Survey,9
61908186,market analysis,economics,assessment,Moderate,15,2025-03-30,Market Analysis Assessment,9
61908187,digital marketing,marketing,survey,Complex,6,2025-09-14,Digital Marketing Survey,6
61908188,investment planning,economics,registration,Complex,11,2025-07-09,Investment Planning Registration,6
61908189,investment planning,economics,registration,Complex,13,2025-10-16,Investment Planning Registration,12
61908190,content marketing,marketing,survey,Complex,11,2025-02-06,Content Marketing Survey,12
61908191,investment planning,economics,survey,Complex,12,2024-10-31,Investment Planning Survey,5
61908192,cloud computing,it,application,Simple,10,2024-10-30,Cloud Computing Application,10
61908193,financial modeling,economics,registration,Simple,12,2025-07-16,Financial Modeling Registration,10
61908194,data science,it,application,Complex,12,2025-07-08,Data Science Application,6
61908195,brand management,marketing,survey,Moderate,15,2025-09-29,Brand Management Survey,4
61908196,financial modeling,economics,registration,Simple,14,2024-11-29,Financial Modeling Registration,12
61908197,investment planning,economics,registration,Moderate,7,2025-01-31,Investment Planning Registration,3
61908198,digital marketing,marketing,survey,Moderate,14,2025-01-02,Digital Marketing Survey,5
61908199,machine learning,it,registration,Complex,13,2025-04-16,Machine Learning Registration,7
61908200,content marketing,marketing,registration,Moderate,7,2025-10-07,Content Marketing Registration,5
61908201,data science,it,application,Complex,8,2025-02-16,Data Science Application,7
61908202,financial modeling,economics,application,Simple,7,2025-10-06,Financial Modeling Application,11
61908203,cybersecurity,it,survey,Moderate,13,2025-03-24,Cybersecurity Survey,3
61908204,portfolio management,economics,assessment,Complex,14,2025-03-19,Portfolio Management Assessment,6
61908205,digital marketing,marketing,application,Moderate,10,2025-08-28,Digital Marketing Application,6
61908206,investment planning,economics,survey,Simple,5,2025-09-03,Investment Planning Survey,7
61908207,web development,it,survey,Complex,13,2025-01-23,Web Development Survey,11
61908208,content marketing,marketing,application,Simple,5,2025-07-23,Content Marketing Application,5
61908209,market analysis,economics,assessment,Complex,10,2025-07-30,Market Analysis Assessment,8
61908210,portfolio management,economics,application,Moderate,7,2025-10-16,Portfolio Management Application,9
61908211,machine learning,it,survey,Moderate,7,2025-03-22,Machine Learning Survey,12
61908212,web development,it,survey,Simple,10,2025-04-17,Web Development Survey,6
61908213,portfolio management,economics,survey,Complex,13,2025-07-26,Portfolio Management Survey,9
61908214,brand management,marketing,assessment,Moderate,6,2025-10-21,Brand Management Assessment,8
61908215,machine learning,it,assessment,Simple,8,2025-05-08,Machine Learning Assessment,6
61908216,investment planning,economics,survey,Complex,7,2025-01-15,Investment Planning Survey,6
61908217,market analysis,economics,application,Complex,5,2024-11-20,Market Analysis Application,3
61908218,data science,it,registration,Simple,15,2025-10-17,Data Science Registration,8
61908219,market analysis,economics,survey,Complex,9,2025-01-06,Market Analysis Survey,10
61908220,data science,it,registration,Moderate,7,2025-06-29,Data Science Registration,6
61908221,brand management,marketing,survey,Moderate,8,2024-12-02,Brand Management Survey,7
61908222,brand management,marketing,registration,Simple,9,2025-07-31,Brand Management Registration,3
61908223,social media,marketing,assessment,Simple,13,2025-09-03,Social Media Assessment,11
61908224,web development,it,application,Simple,15,2025-01-13,Web Development Application,3
61908225,content marketing,marketing,survey,Simple,13,2025-07-16,Content Marketing Survey,12
61908226,web development,it,application,Moderate,8,2025-01-13,Web Development Application,6
61908227,web development,it,survey,Complex,13,2024-12-12,Web Development Survey,9
61908228,content marketing,marketing,registration,Moderate,15,2025-08-26,Content Marketing Registration,5
61908229,web development,it,registration,Complex,5,2025-09-14,Web Development Registration,3
61908230,brand management,marketing,application,Moderate,6,2025-01-23,Brand Management Application,4
61908231,market analysis,economics,application,Simple,12,2025-01-31,Market Analysis Application,3
61908232,data science,it,assessment,Moderate,14,2024-11-05,Data Science Assessment,8
61908233,data science,it,survey,Complex,9,2025-08-02,Data Science Survey,12
61908234,brand management,marketing,survey,Simple,8,2025-04-14,Brand Management Survey,12
61908235,brand management,marketing,registration,Moderate,15,2024-11-01,Brand Management Registration,10
61908236,data science,it,application,Complex,12,2024-10-29,Data Science Application,12
61908237,investment planning,economics,assessment,Complex,15,2024-11-07,Investment Planning Assessment,12
61908238,financial modeling,economics,application,Complex,10,2025-01-18,Financial Modeling Application,8
61908239,social media,marketing,application,Moderate,8,2025-03-12,Social Media Application,10
61908240,cybersecurity,it,assessment,Simple,12,2025-09-04,Cybersecurity Assessment,10
61908241,financial modeling,economics,assessment,Simple,14,2025-10-06,Financial Modeling Assessment,4
61908242,cloud computing,it,assessment,Moderate,7,2024-11-10,Cloud Computing Assessment,8
61908243,machine learning,it,survey,Moderate,8,2025-02-12,Machine Learning Survey,10
61908244,investment planning,economics,survey,Simple,6,2025-06-21,Investment Planning Survey,11
61908245,market analysis,economics,registration,Simple,6,2024-12-17,Market Analysis Registration,8
61908246,market analysis,economics,assessment,Simple,11,2025-06-04,Market Analysis Assessment,12
61908247,digital marketing,marketing,assessment,Moderate,13,2025-06-23,Digital Marketing Assessment,6
61908248,cloud computing,it,application,Simple,13,2025-09-30,Cloud Computing Application,3
61908249,web development,it,registration,Simple,12,2025-06-13,Web Development Registration,7
61908250,data science,it,survey,Simple,13,2024-12-24,Data Science Survey,5
61908251,digital marketing,marketing,application,Moderate,14,2024-12-01,Digital Marketing Application,8
61908252,web development,it,registration,Simple,8,2025-05-03,Web Development Registration,11
61908253,brand management,marketing,registration,Moderate,12,2024-12-29,Brand Management Registration,6
61908254,investment planning,economics,survey,Simple,11,2024-12-12,Investment Planning Survey,6
61908255,portfolio management,economics,application,Simple,6,2025-02-24,Portfolio Management Application,12
61908256,market analysis,economics,assessment,Complex,10,2025-08-08,Market Analysis Assessment,6
61908257,market analysis,economics,application,Complex,11,2025-10-22,Market Analysis Application,12
61908258,social media,marketing,registration,Simple,10,2025-06-21,Social Media Registration,11
61908259,cloud computing,it,survey,Simple,8,2025-08-17,Cloud Computing Survey,3
61908260,market analysis,economics,survey,Moderate,10,2025-04-29,Market Analysis Survey,6
61908261,web development,it,survey,Moderate,7,2025-03-27,Web Development Survey,11
61908262,brand management,marketing,survey,Moderate,12,2024-12-12,Brand Management Survey,5
61908263,social media,marketing,application,Moderate,9,2025-02-25,Social Media Application,9
61908264,digital marketing,marketing,survey,Simple,14,2025-10-05,Digital Marketing Survey,5
61908265,machine learning,it,application,Simple,7,2025-07-22,Machine Learning Application,6
61908266,web development,it,application,Complex,8,2025-01-20,Web Development Application,3
61908267,digital marketing,marketing,survey,Simple,14,2025-05-12,Digital Marketing Survey,7
61908268,portfolio management,economics,assessment,Simple,9,2025-02-25,Portfolio Management Assessment,12
61908269,data science,it,survey,Moderate,7,2025-09-18,Data Science Survey,5
61908270,investment planning,economics,registration,Complex,10,2025-04-27,Investment Planning Registration,11
61908271,web development,it,application,Complex,11,2024-11-10,Web Development Application,5
61908272,portfolio management,economics,assessment,Complex,15,2025-01-29,Portfolio Management Assessment,8
61908273,data science,it,application,Complex,12,2025-09-06,Data Science Application,12
61908274,cloud computing,it,registration,Moderate,15,2024-12-01,Cloud Computing Registration,5
61908275,machine learning,it,registration,Moderate,12,2024-10-25,Machine Learning Registration,6
61908276,digital marketing,marketing,registration,Moderate,10,2025-01-13,Digital Marketing Registration,5
61908277,web development,it,registration,Simple,5,2025-09-07,Web Development Registration,11
61908278,data science,it,survey,Moderate,13,2024-12-14,Data Science Survey,5
61908279,market analysis,economics,registration,Complex,8,2025-07-07,Market Analysis Registration,10
61908280,portfolio management,economics,assessment,Simple,14,2025-06-09,Portfolio Management Assessment,9
61908281,digital marketing,marketing,application,Complex,14,2025-09-25,Digital Marketing Application,9
61908282,web development,it,application,Complex,12,2025-03-08,Web Development Application,9
61908283,digital marketing,marketing,survey,Simple,9,2025-05-08,Digital Marketing Survey,11
61908284,content marketing,marketing,assessment,Complex,10,2024-12-26,Content Marketing Assessment,8
61908285,cybersecurity,it,application,Complex,14,2025-05-25,Cybersecurity Application,4
61908286,investment planning,economics,assessment,Complex,12,2025-03-27,Investment Planning Assessment,7
61908287,machine learning,it,survey,Simple,13,2025-02-09,Machine Learning Survey,3
61908288,market analysis,economics,registration,Simple,10,2025-01-11,Market Analysis Registration,7
61908289,data science,it,assessment,Simple,15,2025-05-16,Data Science Assessment,10
61908290,content marketing,marketing,application,Complex,6,2025-04-25,Content Marketing Application,9
61908291,cloud computing,it,application,Complex,11,2025-01-17,Cloud Computing Application,5
61908292,data science,it,assessment,Moderate,12,2025-10-25,Data Science Assessment,10
61908293,social media,marketing,survey,Simple,15,2025-08-04,Social Media Survey,8
61908294,social media,marketing,application,Simple,7,2024-12-26,Social Media Application,7
61908295,portfolio management,economics,assessment,Moderate,8,2024-12-08,Portfolio Management Assessment,11
61908296,brand management,marketing,assessment,Simple,15,2025-05-15,Brand Management Assessment,9
61908297,cybersecurity,it,registration,Moderate,14,2025-09-02,Cybersecurity Registration,12
61908298,content marketing,marketing,survey,Complex,6,2024-10-30,Content Marketing Survey,5
61908299,social media,marketing,registration,Moderate,7,2025-04-11,Social Media Registration,4
61908300,cybersecurity,it,survey,Complex,10,2025-09-14,Cybersecurity Survey,6
61908301,portfolio management,economics,survey,Complex,12,2025-03-08,Portfolio Management Survey,10
61908302,cloud computing,it,assessment,Simple,5,2024-11-16,Cloud Computing Assessment,3
61908303,content marketing,marketing,registration,Complex,6,2025-01-14,Content Marketing Registration,9
61908304,investment planning,economics,registration,Moderate,14,2025-04-09,Investment Planning Registration,12
61908305,machine learning,it,application,Simple,12,2024-12-25,Machine Learning Application,3
61908306,web development,it,registration,Simple,15,2025-07-13,Web Development Registration,8
61908307,market analysis,economics,survey,Complex,7,2025-07-02,Market Analysis Survey,12
61908308,content marketing,marketing,assessment,Simple,11,2024-12-14,Content Marketing Assessment,9
61908309,data science,it,application,Simple,7,2025-04-19,Data Science Application,8
61908310,cybersecurity,it,assessment,Complex,13,2025-06-18,Cybersecurity Assessment,12
61908311,brand management,marketing,registration,Moderate,12,2025-01-05,Brand Management Registration,7
61908312,social media,marketing,registration,Complex,8,2025-01-30,Social Media Registration,10
61908313,portfolio management,economics,assessment,Simple,15,2025-06-16,Portfolio Management Assessment,10
61908314,market analysis,economics,survey,Simple,7,2025-06-07,Market Analysis Survey,5
61908315,digital marketing,marketing,assessment,Simple,6,2025-09-24,Digital Marketing Assessment,9
61908316,social media,marketing,assessment,Complex,5,2025-03-04,Social Media Assessment,8
61908317,cybersecurity,it,assessment,Moderate,10,2025-05-23,Cybersecurity Assessment,5
61908318,portfolio management,economics,assessment,Simple,5,2024-12-13,Portfolio Management Assessment,7
61908319,market analysis,economics,assessment,Complex,14,2025-02-02,Market Analysis Assessment,12
61908320,financial modeling,economics,application,Simple,7,2025-04-07,Financial Modeling Application,9
61908321,financial modeling,economics,survey,Simple,12,2024-12-09,Financial Modeling Survey,3
61908322,market analysis,economics,survey,Moderate,15,2025-09-25,Market Analysis Survey,6
61908323,cloud computing,it,application,Complex,9,2025-01-03,Cloud Computing Application,7
61908324,data science,it,assessment,Simple,12,2025-08-08,Data Science Assessment,5
61908325,social media,marketing,assessment,Complex,11,2025-01-20,Social Media Assessment,5
61908326,machine learning,it,survey,Simple,7,2025-10-04,Machine Learning Survey,12
61908327,financial modeling,economics,survey,Moderate,10,2025-06-19,Financial Modeling Survey,9
61908328,brand management,marketing,application,Simple,15,2025-09-01,Brand Management Application,10
61908329,data science,it,assessment,Complex,6,2024-10-25,Data Science Assessment,3
61908330,brand management,marketing,registration,Simple,12,2025-09-30,Brand Management Registration,12
61908331,financial modeling,economics,registration,Moderate,10,2025-01-23,Financial Modeling Registration,8
61908332,social media,marketing,application,Simple,12,2025-03-29,Social Media Application,9
61908333,brand management,marketing,assessment,Moderate,8,2025-01-17,Brand Management Assessment,12
61908334,financial modeling,economics,registration,Moderate,9,2025-03-06,Financial Modeling Registration,12
61908335,brand management,marketing,registration,Complex,5,2025-06-29,Brand Management Registration,10
61908336,web development,it,survey,Complex,14,2024-12-19,Web Development Survey,8
61908337,digital marketing,marketing,application,Simple,12,2025-05-10,Digital Marketing Application,12
61908338,market analysis,economics,registration,Complex,10,2025-01-29,Market Analysis Registration,8
61908339,financial modeling,economics,assessment,Moderate,14,2025-05-26,Financial Modeling Assessment,12
61908340,web development,it,registration,Moderate,11,2025-09-20,Web Development Registration,7
61908341,market analysis,economics,registration,Complex,6,2025-05-10,Market Analysis Registration,6
61908342,machine learning,it,survey,Moderate,6,2024-11-27,Machine Learning Survey,7
61908343,web development,it,registration,Complex,11,2025-09-04,Web Development Registration,10
61908344,portfolio management,economics,survey,Simple,6,2025-02-04,Portfolio Management Survey,11
61908345,cybersecurity,it,application,Complex,5,2024-11-26,Cybersecurity Application,7
61908346,portfolio management,economics,survey,Moderate,15,2025-01-23,Portfolio Management Survey,11
61908347,social media,marketing,registration,Moderate,14,2025-02-19,Social Media Registration,10
61908348,social media,marketing,survey,Simple,11,2025-05-30,Social Media Survey,9
61908349,portfolio management,economics,registration,Simple,5,2025-10-20,Portfolio Management Registration,5
61908350,financial modeling,economics,registration,Simple,11,2025-09-04,Financial Modeling Registration,12
61908351,cloud computing,it,assessment,Complex,14,2025-08-07,Cloud Computing Assessment,11
61908352,brand management,marketing,survey,Moderate,9,2025-08-12,Brand Management Survey,8
61908353,digital marketing,marketing,assessment,Simple,11,2025-02-20,Digital Marketing Assessment,7
61908354,brand management,marketing,assessment,Moderate,12,2025-03-28,Brand Management Assessment,8
61908355,content marketing,marketing,assessment,Simple,14,2025-09-06,Content Marketing Assessment,7
61908356,machine learning,it,registration,Complex,8,2025-04-07,Machine Learning Registration,12
61908357,data science,it,assessment,Moderate,10,2025-07-16,Data Science Assessment,7
61908358,investment planning,economics,registration,Complex,15,2025-01-23,Investment Planning Registration,6
61908359,machine learning,it,assessment,Complex,14,2025-03-02,Machine Learning Assessment,6
61908360,cloud computing,it,application,Simple,10,2025-09-13,Cloud Computing Application,6
61908361,digital marketing,marketing,assessment,Simple,15,2025-05-30,Digital Marketing Assessment,4
61908362,brand management,marketing,survey,Moderate,12,2025-02-14,Brand Management Survey,12
61908363,cybersecurity,it,survey,Complex,8,2025-04-09,Cybersecurity Survey,8
61908364,cloud computing,it,application,Complex,10,2025-08-30,Cloud Computing Application,10
61908365,cloud computing,it,application,Moderate,5,2025-07-10,Cloud Computing Application,3
61908366,investment planning,economics,assessment,Complex,15,2025-05-02,Investment Planning Assessment,12
61908367,financial modeling,economics,survey,Complex,5,2025-09-15,Financial Modeling Survey,4
61908368,cybersecurity,it,application,Simple,8,2025-08-14,Cybersecurity Application,6
61908369,investment planning,economics,assessment,Complex,12,2025-03-13,Investment Planning Assessment,4
61908370,financial modeling,economics,registration,Simple,11,2025-05-27,Financial Modeling Registration,5
61908371,cybersecurity,it,registration,Moderate,8,2025-09-20,Cybersecurity Registration,10
61908372,content marketing,marketing,assessment,Simple,8,2025-04-26,Content Marketing Assessment,7
61908373,portfolio management,economics,application,Complex,5,2025-06-20,Portfolio Management Application,3
61908374,market analysis,economics,survey,Simple,15,2025-03-14,Market Analysis Survey,10
61908375,machine learning,it,registration,Simple,8,2025-01-20,Machine Learning Registration,9
61908376,web development,it,survey,Simple,11,2025-01-08,Web Development Survey,5
61908377,social media,marketing,registration,Complex,6,2025-02-23,Social Media Registration,12
61908378,content marketing,marketing,assessment,Complex,12,2025-06-13,Content Marketing Assessment,5
61908379,content marketing,marketing,survey,Simple,8,2025-02-08,Content Marketing Survey,10
61908380,social media,marketing,application,Simple,13,2025-09-05,Social Media Application,8
61908381,brand management,marketing,survey,Simple,5,2025-04-13,Brand Management Survey,3
61908382,social media,marketing,assessment,Complex,13,2025-08-04,Social Media Assessment,10
61908383,financial modeling,economics,assessment,Complex,10,2025-09-03,Financial Modeling Assessment,6
61908384,web development,it,application,Moderate,14,2025-01-12,Web Development Application,8
61908385,web development,it,application,Moderate,8,2025-10-16,Web Development Application,11
61908386,cybersecurity,it,survey,Simple,7,2025-07-17,Cybersecurity Survey,10
61908387,content marketing,marketing,registration,Complex,11,2024-12-10,Content Marketing Registration,6
61908388,portfolio management,economics,registration,Moderate,8,2025-09-07,Portfolio Management Registration,5
61908389,machine learning,it,application,Moderate,7,2025-03-01,Machine Learning Application,4
61908390,social media,marketing,survey,Complex,10,2025-06-02,Social Media Survey,12
61908391,social media,marketing,assessment,Simple,10,2025-06-21,Social Media Assessment,4
61908392,market analysis,economics,assessment,Complex,8,2025-06-04,Market Analysis Assessment,7
61908393,portfolio management,economics,registration,Complex,13,2025-04-15,Portfolio Management Registration,10
61908394,financial modeling,economics,registration,Moderate,15,2025-07-16,Financial Modeling Registration,10
61908395,market analysis,economics,application,Complex,7,2025-03-23,Market Analysis Application,5
61908396,web development,it,registration,Simple,14,2025-02-22,Web Development Registration,11
61908397,portfolio management,economics,survey,Complex,5,2024-12-22,Portfolio Management Survey,5
61908398,cloud computing,it,assessment,Simple,12,2025-09-01,Cloud Computing Assessment,8
61908399,financial modeling,economics,survey,Complex,12,2025-10-11,Financial Modeling Survey,7
61908400,financial modeling,economics,assessment,Moderate,9,2025-10-12,Financial Modeling Assessment,4
61908401,data science,it,registration,Moderate,8,2025-05-13,Data Science Registration,4
61908402,brand management,marketing,assessment,Moderate,14,2025-02-14,Brand Management Assessment,4
61908403,social media,marketing,survey,Simple,8,2025-03-31,Social Media Survey,7
61908404,brand management,marketing,application,Complex,5,2025-03-01,Brand Management Application,10
61908405,digital marketing,marketing,survey,Complex,13,2024-12-29,Digital Marketing Survey,5
61908406,social media,marketing,application,Simple,11,2025-01-01,Social Media Application,4
61908407,data science,it,registration,Moderate,15,2024-12-23,Data Science Registration,3
61908408,investment planning,economics,application,Simple,10,2025-10-23,Investment Planning Application,3
61908409,content marketing,marketing,assessment,Simple,12,2025-03-19,Content Marketing Assessment,8
61908410,web development,it,registration,Moderate,9,2025-08-03,Web Development Registration,6
61908411,investment planning,economics,registration,Complex,6,2025-01-29,Investment Planning Registration,5
61908412,social media,marketing,application,Complex,12,2025-03-04,Social Media Application,7
61908413,social media,marketing,assessment,Simple,13,2025-05-23,Social Media Assessment,10
61908414,cybersecurity,it,assessment,Simple,9,2025-10-01,Cybersecurity Assessment,10
61908415,brand management,marketing,assessment,Moderate,6,2025-07-01,Brand Management Assessment,10
61908416,investment planning,economics,registration,Moderate,9,2025-01-02,Investment Planning Registration,12
61908417,cybersecurity,it,survey,Moderate,5,2025-08-30,Cybersecurity Survey,7
61908418,social media,marketing,survey,Complex,7,2024-12-05,Social Media Survey,11
61908419,data science,it,registration,Moderate,15,2025-08-25,Data Science Registration,8
61908420,investment planning,economics,registration,Moderate,12,2025-05-17,Investment Planning Registration,7
61908421,data science,it,registration,Moderate,6,2024-11-26,Data Science Registration,11
61908422,portfolio management,economics,assessment,Simple,8,2025-04-11,Portfolio Management Assessment,5
61908423,cloud computing,it,application,Complex,7,2025-09-17,Cloud Computing Application,4
61908424,data science,it,application,Moderate,6,2024-12-28,Data Science Application,10
61908425,brand management,marketing,assessment,Moderate,10,2024-11-18,Brand Management Assessment,8
61908426,portfolio management,economics,assessment,Simple,8,2025-04-14,Portfolio Management Assessment,9
61908427,investment planning,economics,application,Complex,15,2024-11-05,Investment Planning Application,8
61908428,cybersecurity,it,application,Simple,11,2024-10-29,Cybersecurity Application,7
61908429,cloud computing,it,registration,Moderate,13,2024-12-26,Cloud Computing Registration,12
61908430,machine learning,it,registration,Moderate,12,2025-04-30,Machine Learning Registration,12
61908431,digital marketing,marketing,registration,Moderate,8,2025-07-06,Digital Marketing Registration,4
61908432,machine learning,it,assessment,Simple,14,2025-09-11,Machine Learning Assessment,4
61908433,brand management,marketing,registration,Complex,15,2025-05-30,Brand Management Registration,3
61908434,web development,it,application,Complex,13,2025-06-14,Web Development Application,9
61908435,web development,it,application,Simple,8,2025-09-06,Web Development Application,12
61908436,social media,marketing,survey,Moderate,6,2025-10-23,Social Media Survey,10
61908437,cybersecurity,it,survey,Simple,14,2025-02-20,Cybersecurity Survey,4
61908438,cloud computing,it,assessment,Simple,12,2024-10-25,Cloud Computing Assessment,12
61908439,data science,it,application,Complex,9,2025-01-29,Data Science Application,4
61908440,cloud computing,it,registration,Complex,5,2025-08-18,Cloud Computing Registration,11
61908441,digital marketing,marketing,application,Simple,13,2025-07-11,Digital Marketing Application,12
61908442,cybersecurity,it,assessment,Complex,7,2025-09-21,Cybersecurity Assessment,4
61908443,machine learning,it,application,Moderate,11,2025-05-10,Machine Learning Application,6
61908444,financial modeling,economics,application,Simple,13,2025-06-03,Financial Modeling Application,11
61908445,content marketing,marketing,application,Complex,5,2025-02-21,Content Marketing Application,5
61908446,brand management,marketing,assessment,Complex,7,2025-06-30,Brand Management Assessment,7
61908447,financial modeling,economics,survey,Complex,5,2025-08-27,Financial Modeling Survey,4
61908448,brand management,marketing,registration,Simple,7,2025-06-04,Brand Management Registration,10
61908449,market analysis,economics,application,Moderate,9,2025-05-09,Market Analysis Application,9
61908450,machine learning,it,registration,Simple,10,2025-03-17,Machine Learning Registration,5
61908451,social media,marketing,registration,Moderate,10,2025-03-26,Social Media Registration,9
61908452,cybersecurity,it,registration,Simple,13,2024-11-08,Cybersecurity Registration,5
61908453,investment planning,economics,registration,Simple,5,2024-12-12,Investment Planning Registration,4
61908454,social media,marketing,survey,Moderate,14,2025-10-22,Social Media Survey,12
61908455,financial modeling,economics,survey,Moderate,8,2025-03-24,Financial Modeling Survey,7
61908456,investment planning,economics,assessment,Complex,5,2024-12-26,Investment Planning Assessment,9
61908457,machine learning,it,application,Complex,12,2025-02-21,Machine Learning Application,4
61908458,content marketing,marketing,assessment,Simple,10,2025-06-03,Content Marketing Assessment,11
61908459,digital marketing,marketing,assessment,Simple,14,2025-09-19,Digital Marketing Assessment,3
61908460,market analysis,economics,application,Complex,13,2024-12-15,Market Analysis Application,5
61908461,web development,it,survey,Moderate,6,2025-10-10,Web Development Survey,3
61908462,cloud computing,it,assessment,Simple,8,2025-01-18,Cloud Computing Assessment,7
61908463,financial modeling,economics,application,Complex,12,2025-09-09,Financial Modeling Application,8
61908464,financial modeling,economics,survey,Simple,8,2024-11-06,Financial Modeling Survey,3
61908465,financial modeling,economics,survey,Simple,15,2024-11-25,Financial Modeling Survey,10
61908466,cybersecurity,it,survey,Moderate,14,2024-10-30,Cybersecurity Survey,8
61908467,cybersecurity,it,survey,Simple,9,2024-11-14,Cybersecurity Survey,8
61908468,brand management,marketing,registration,Moderate,5,2025-07-18,Brand Management Registration,8
61908469,brand management,marketing,application,Simple,5,2025-07-14,Brand Management Application,8
61908470,market analysis,economics,survey,Complex,6,2025-09-01,Market Analysis Survey,4
61908471,cybersecurity,it,registration,Moderate,10,2025-05-27,Cybersecurity Registration,10
61908472,market analysis,economics,registration,Simple,9,2024-11-14,Market Analysis Registration,3
61908473,investment planning,economics,assessment,Moderate,12,2025-10-01,Investment Planning Assessment,5
61908474,social media,marketing,assessment,Moderate,5,2025-09-19,Social Media Assessment,4
61908475,market analysis,economics,registration,Simple,8,2025-08-01,Market Analysis Registration,4
61908476,social media,marketing,survey,Simple,11,2024-11-09,Social Media Survey,5
61908477,data science,it,registration,Moderate,5,2025-07-02,Data Science Registration,6
61908478,financial modeling,economics,assessment,Complex,10,2025-06-16,Financial Modeling Assessment,3
61908479,portfolio management,economics,application,Complex,15,2024-12-25,Portfolio Management Application,10
61908480,brand management,marketing,assessment,Simple,5,2025-06-16,Brand Management Assessment,12
61908481,machine learning,it,survey,Complex,6,2025-10-04,Machine Learning Survey,6
61908482,data science,it,registration,Complex,14,2025-08-22,Data Science Registration,5
61908483,investment planning,economics,application,Simple,9,2025-03-11,Investment Planning Application,12
61908484,web development,it,survey,Simple,9,2024-12-12,Web Development Survey,8
61908485,machine learning,it,application,Simple,10,2025-05-10,Machine Learning Application,4
61908486,data science,it,assessment,Complex,12,2024-12-06,Data Science Assessment,10
61908487,machine learning,it,application,Moderate,5,2025-06-04,Machine Learning Application,8
61908488,social media,marketing,registration,Complex,6,2025-03-07,Social Media Registration,9
61908489,market analysis,economics,survey,Complex,15,2025-02-13,Market Analysis Survey,3
61908490,content marketing,marketing,registration,Complex,7,2025-03-16,Content Marketing Registration,9
61908491,social media,marketing,survey,Complex,7,2025-06-16,Social Media Survey,7
61908492,content marketing,marketing,registration,Complex,13,2024-12-28,Content Marketing Registration,12
61908493,market analysis,economics,assessment,Moderate,11,2025-05-10,Market Analysis Assessment,4
61908494,social media,marketing,registration,Simple,13,2024-11-22,Social Media Registration,6
61908495,machine learning,it,registration,Complex,6,2025-03-10,Machine Learning Registration,6
61908496,content marketing,marketing,assessment,Complex,5,2025-10-20,Content Marketing Assessment,9
61908497,content marketing,marketing,survey,Simple,8,2024-12-19,Content Marketing Survey,10
61908498,cloud computing,it,registration,Simple,14,2025-09-29,Cloud Computing Registration,3
61908499,cloud computing,it,assessment,Moderate,8,2025-02-25,Cloud Computing Assessment,3
61908500,cybersecurity,it,registration,Complex,5,2025-04-25,Cybersecurity Registration,3
61908501,financial modeling,economics,assessment,Simple,9,2025-04-01,Financial Modeling Assessment,4
61908502,financial modeling,economics,survey,Simple,12,2025-05-26,Financial Modeling Survey,6
61908503,digital marketing,marketing,survey,Simple,14,2024-12-24,Digital Marketing Survey,3
61908504,cloud computing,it,registration,Complex,9,2025-03-23,Cloud Computing Registration,3
61908505,portfolio management,economics,registration,Moderate,10,2025-07-05,Portfolio Management Registration,8
61908506,portfolio management,economics,registration,Simple,7,2025-01-18,Portfolio Management Registration,5
61908507,financial modeling,economics,registration,Moderate,7,2024-12-11,Financial Modeling Registration,4
61908508,machine learning,it,survey,Complex,13,2025-02-17,Machine Learning Survey,8
61908509,cybersecurity,it,application,Complex,8,2025-07-01,Cybersecurity Application,4
61908510,digital marketing,marketing,application,Simple,14,2025-05-16,Digital Marketing Application,6
61908511,financial modeling,economics,registration,Simple,10,2025-10-07,Financial Modeling Registration,7
61908512,market analysis,economics,application,Moderate,8,2024-12-16,Market Analysis Application,3
61908513,portfolio management,economics,survey,Simple,5,2025-04-14,Portfolio Management Survey,4
61908514,cybersecurity,it,survey,Moderate,6,2025-10-24,Cybersecurity Survey,10
61908515,cloud computing,it,assessment,Complex,15,2025-05-21,Cloud Computing Assessment,7
61908516,market analysis,economics,survey,Simple,7,2025-05-25,Market Analysis Survey,7
61908517,cybersecurity,it,survey,Moderate,5,2025-03-09,Cybersecurity Survey,8
61908518,cybersecurity,it,assessment,Simple,9,2025-03-11,Cybersecurity Assessment,11
61908519,social media,marketing,registration,Simple,14,2025-01-26,Social Media Registration,6
61908520,cloud computing,it,survey,Moderate,13,2025-01-18,Cloud Computing Survey,3
61908521,investment planning,economics,assessment,Simple,14,2024-11-09,Investment Planning Assessment,6
61908522,social media,marketing,survey,Complex,5,2024-12-10,Social Media Survey,3
61908523,cybersecurity,it,registration,Moderate,6,2025-09-11,Cybersecurity Registration,4
61908524,financial modeling,economics,assessment,Complex,15,2024-12-06,Financial Modeling Assessment,11
61908525,investment planning,economics,application,Complex,15,2025-05-13,Investment Planning Application,4
61908526,market analysis,economics,registration,Complex,12,2024-12-23,Market Analysis Registration,5
61908527,web development,it,registration,Simple,13,2025-09-05,Web Development Registration,11
61908528,cybersecurity,it,assessment,Simple,7,2025-06-13,Cybersecurity Assessment,12
61908529,social media,marketing,registration,Moderate,13,2025-08-06,Social Media Registration,6
61908530,portfolio management,economics,application,Simple,11,2025-06-09,Portfolio Management Application,5
61908531,market analysis,economics,application,Complex,6,2025-04-20,Market Analysis Application,8
61908532,market analysis,economics,registration,Complex,11,2024-11-03,Market Analysis Registration,9
61908533,machine learning,it,application,Complex,8,2024-11-19,Machine Learning Application,11
61908534,digital marketing,marketing,registration,Simple,12,2025-03-21,Digital Marketing Registration,5
61908535,machine learning,it,assessment,Moderate,9,2025-08-04,Machine Learning Assessment,5
61908536,financial modeling,economics,application,Moderate,12,2025-05-10,Financial Modeling Application,11
61908537,content marketing,marketing,registration,Simple,15,2025-05-28,Content Marketing Registration,7
61908538,content marketing,marketing,application,Complex,8,2025-09-10,Content Marketing Application,11
61908539,digital marketing,marketing,assessment,Moderate,11,2025-01-20,Digital Marketing Assessment,5
61908540,brand management,marketing,assessment,Moderate,11,2025-04-28,Brand Management Assessment,7
61908541,cloud computing,it,application,Moderate,7,2024-10-28,Cloud Computing Application,8
61908542,social media,marketing,application,Moderate,9,2025-05-10,Social Media Application,4
61908543,portfolio management,economics,application,Moderate,10,2025-06-11,Portfolio Management Application,10
61908544,investment planning,economics,survey,Moderate,11,2025-01-14,Investment Planning Survey,12
61908545,web development,it,survey,Complex,13,2025-02-02,Web Development Survey,11
61908546,market analysis,economics,assessment,Complex,7,2024-12-18,Market Analysis Assessment,10
61908547,machine learning,it,survey,Complex,5,2025-04-24,Machine Learning Survey,7
61908548,investment planning,economics,assessment,Simple,14,2025-04-15,Investment Planning Assessment,11
61908549,investment planning,economics,survey,Simple,10,2025-03-14,Investment Planning Survey,3
61908550,portfolio management,economics,application,Complex,6,2025-03-06,Portfolio Management Application,5
61908551,portfolio management,economics,assessment,Moderate,6,2024-12-25,Portfolio Management Assessment,8
61908552,investment planning,economics,survey,Simple,9,2025-04-02,Investment Planning Survey,4
61908553,investment planning,economics,assessment,Moderate,7,2025-04-19,Investment Planning Assessment,10
61908554,content marketing,marketing,survey,Simple,12,2025-04-27,Content Marketing Survey,9
61908555,investment planning,economics,survey,Simple,9,2025-08-08,Investment Planning Survey,5
61908556,web development,it,registration,Simple,14,2025-07-15,Web Development Registration,11
61908557,financial modeling,economics,application,Simple,7,2025-03-30,Financial Modeling Application,12
61908558,content marketing,marketing,application,Moderate,9,2025-09-07,Content Marketing Application,10
61908559,brand management,marketing,survey,Moderate,9,2025-05-01,Brand Management Survey,6
61908560,brand management,marketing,survey,Complex,5,2025-01-03,Brand Management Survey,7
61908561,financial modeling,economics,registration,Complex,13,2025-04-29,Financial Modeling Registration,10
61908562,digital marketing,marketing,registration,Complex,14,2025-01-13,Digital Marketing Registration,7
61908563,machine learning,it,application,Simple,15,2025-01-29,Machine Learning Application,10
61908564,investment planning,economics,assessment,Complex,13,2025-04-23,Investment Planning Assessment,11
61908565,data science,it,survey,Complex,13,2025-09-05,Data Science Survey,10
61908566,content marketing,marketing,registration,Moderate,12,2025-04-17,Content Marketing Registration,8
61908567,digital marketing,marketing,assessment,Simple,12,2024-11-30,Digital Marketing Assessment,6
61908568,machine learning,it,assessment,Complex,8,2025-02-02,Machine Learning Assessment,5
61908569,market analysis,economics,survey,Simple,9,2025-02-25,Market Analysis Survey,7
61908570,digital marketing,marketing,registration,Simple,6,2024-12-23,Digital Marketing Registration,9
61908571,financial modeling,economics,registration,Moderate,9,2025-07-14,Financial Modeling Registration,9
61908572,cloud computing,it,application,Moderate,9,2025-04-19,Cloud Computing Application,6
61908573,machine learning,it,registration,Moderate,11,2024-11-02,Machine Learning Registration,7
61908574,brand management,marketing,survey,Simple,14,2025-06-07,Brand Management Survey,12
61908575,investment planning,economics,assessment,Simple,6,2025-07-08,Investment Planning Assessment,7
61908576,financial modeling,economics,survey,Complex,8,2025-10-16,Financial Modeling Survey,9
61908577,social media,marketing,survey,Complex,12,2025-05-14,Social Media Survey,11
61908578,digital marketing,marketing,registration,Complex,10,2024-11-09,Digital Marketing Registration,8
61908579,market analysis,economics,assessment,Simple,7,2025-04-12,Market Analysis Assessment,12
61908580,cloud computing,it,application,Moderate,13,2025-10-22,Cloud Computing Application,11
61908581,financial modeling,economics,registration,Simple,10,2025-06-02,Financial Modeling Registration,6
61908582,investment planning,economics,survey,Moderate,13,2025-07-06,Investment Planning Survey,6
61908583,brand management,marketing,application,Complex,5,2025-05-05,Brand Management Application,6
61908584,investment planning,economics,application,Moderate,11,2025-05-16,Investment Planning Application,4
61908585,data science,it,registration,Simple,10,2025-09-21,Data Science Registration,11
61908586,social media,marketing,registration,Complex,5,2025-10-22,Social Media Registration,6
61908587,data science,it,assessment,Simple,15,2024-11-29,Data Science Assessment,3
61908588,web development,it,application,Moderate,11,2025-08-09,Web Development Application,9
61908589,investment planning,economics,registration,Moderate,5,2025-05-19,Investment Planning Registration,12
61908590,portfolio management,economics,registration,Complex,7,2025-08-07,Portfolio Management Registration,6
61908591,market analysis,economics,registration,Simple,7,2025-08-06,Market Analysis Registration,8
61908592,cybersecurity,it,assessment,Complex,8,2025-10-21,Cybersecurity Assessment,4
61908593,cybersecurity,it,survey,Moderate,12,2025-02-19,Cybersecurity Survey,3
61908594,machine learning,it,registration,Simple,9,2025-06-08,Machine Learning Registration,6
61908595,digital marketing,marketing,assessment,Complex,9,2025-02-27,Digital Marketing Assessment,4
61908596,machine learning,it,application,Moderate,12,2025-05-25,Machine Learning Application,10
61908597,financial modeling,economics,registration,Simple,15,2025-02-21,Financial Modeling Registration,7
61908598,content marketing,marketing,registration,Simple,7,2024-12-01,Content Marketing Registration,9
61908599,digital marketing,marketing,application,Complex,7,2025-06-06,Digital Marketing Application,4
61908600,investment planning,economics,assessment,Moderate,15,2025-08-24,Investment Planning Assessment,5
61908601,investment planning,economics,application,Simple,14,2025-06-08,Investment Planning Application,8
61908602,brand management,marketing,registration,Moderate,13,2025-03-09,Brand Management Registration,5
61908603,data science,it,registration,Simple,9,2025-06-29,Data Science Registration,7
61908604,investment planning,economics,survey,Moderate,10,2025-10-09,Investment Planning Survey,4
61908605,web development,it,application,Moderate,15,2025-05-30,Web Development Application,12
61908606,web development,it,assessment,Moderate,8,2024-12-29,Web Development Assessment,6
61908607,data science,it,assessment,Moderate,8,2025-09-26,Data Science Assessment,11
61908608,cybersecurity,it,application,Complex,11,2025-08-12,Cybersecurity Application,10
61908609,web development,it,application,Moderate,9,2024-11-20,Web Development Application,9
61908610,cloud computing,it,survey,Moderate,9,2025-09-10,Cloud Computing Survey,10
61908611,social media,marketing,assessment,Complex,13,2025-03-10,Social Media Assessment,8
61908612,data science,it,survey,Simple,5,2025-10-18,Data Science Survey,12
61908613,machine learning,it,survey,Simple,14,2024-12-16,Machine Learning Survey,5
61908614,cybersecurity,it,application,Complex,7,2025-08-21,Cybersecurity Application,6
61908615,digital marketing,marketing,application,Complex,15,2025-03-09,Digital Marketing Application,10
61908616,social media,marketing,survey,Complex,10,2025-01-17,Social Media Survey,3
61908617,financial modeling,economics,application,Complex,8,2025-02-19,Financial Modeling Application,6
61908618,brand management,marketing,registration,Moderate,12,2024-12-23,Brand Management Registration,10
61908619,brand management,marketing,assessment,Simple,10,2025-09-16,Brand Management Assessment,7
61908620,market analysis,economics,survey,Simple,13,2025-08-09,Market Analysis Survey,3
61908621,portfolio management,economics,assessment,Moderate,15,2025-02-07,Portfolio Management Assessment,4
61908622,web development,it,survey,Complex,14,2025-02-10,Web Development Survey,5
61908623,digital marketing,marketing,assessment,Moderate,10,2025-04-03,Digital Marketing Assessment,7
61908624,financial modeling,economics,assessment,Simple,13,2024-12-12,Financial Modeling Assessment,9
61908625,cloud computing,it,assessment,Complex,14,2024-12-27,Cloud Computing Assessment,6
61908626,investment planning,economics,survey,Simple,13,2025-02-27,Investment Planning Survey,5
61908627,portfolio management,economics,registration,Complex,15,2024-11-16,Portfolio Management Registration,6
61908628,digital marketing,marketing,assessment,Moderate,14,2025-04-02,Digital Marketing Assessment,6
61908629,portfolio management,economics,application,Moderate,14,2025-07-29,Portfolio Management Application,10
61908630,investment planning,economics,assessment,Complex,14,2025-03-25,Investment Planning Assessment,5
61908631,market analysis,economics,assessment,Moderate,5,2025-01-04,Market Analysis Assessment,7
61908632,brand management,marketing,registration,Simple,5,2024-11-22,Brand Management Registration,5
61908633,machine learning,it,registration,Moderate,13,2025-01-09,Machine Learning Registration,12
61908634,cybersecurity,it,application,Simple,9,2025-01-17,Cybersecurity Application,12
61908635,web development,it,registration,Complex,14,2025-01-09,Web Development Registration,3
61908636,digital marketing,marketing,survey,Moderate,6,2025-09-25,Digital Marketing Survey,9
61908637,investment planning,economics,survey,Simple,5,2025-08-20,Investment Planning Survey,12
61908638,cybersecurity,it,registration,Moderate,15,2024-11-13,Cybersecurity Registration,5
61908639,data science,it,application,Simple,7,2025-01-29,Data Science Application,11
61908640,financial modeling,economics,registration,Complex,15,2025-08-31,Financial Modeling Registration,7
61908641,investment planning,economics,survey,Complex,14,2025-04-17,Investment Planning Survey,9
61908642,web development,it,survey,Moderate,7,2025-06-07,Web Development Survey,9
61908643,cybersecurity,it,assessment,Moderate,7,2025-01-09,Cybersecurity Assessment,4
61908644,social media,marketing,application,Moderate,14,2025-06-12,Social Media Application,8
61908645,machine learning,it,registration,Complex,15,2025-06-08,Machine Learning Registration,9
61908646,investment planning,economics,application,Moderate,10,2025-08-17,Investment Planning Application,3
61908647,digital marketing,marketing,application,Moderate,14,2025-05-02,Digital Marketing Application,12
61908648,content marketing,marketing,assessment,Simple,14,2025-02-16,Content Marketing Assessment,8
61908649,content marketing,marketing,registration,Complex,12,2025-03-24,Content Marketing Registration,10
61908650,content marketing,marketing,assessment,Complex,5,2025-03-19,Content Marketing Assessment,4
61908651,digital marketing,marketing,registration,Moderate,6,2025-05-22,Digital Marketing Registration,6
61908652,data science,it,survey,Complex,5,2024-12-09,Data Science Survey,8
61908653,portfolio management,economics,registration,Simple,9,2025-08-02,Portfolio Management Registration,3
61908654,content marketing,marketing,application,Moderate,13,2025-09-05,Content Marketing Application,12
61908655,content marketing,marketing,application,Complex,11,2025-08-10,Content Marketing Application,11
61908656,investment planning,economics,application,Simple,5,2025-02-04,Investment Planning Application,4
61908657,cloud computing,it,assessment,Simple,15,2025-01-25,Cloud Computing Assessment,4
61908658,cybersecurity,it,application,Moderate,12,2025-08-28,Cybersecurity Application,11
61908659,market analysis,economics,application,Complex,11,2025-03-24,Market Analysis Application,7
61908660,data science,it,application,Complex,9,2025-08-14,Data Science Application,10
61908661,machine learning,it,registration,Moderate,13,2024-11-19,Machine Learning Registration,3
61908662,social media,marketing,registration,Moderate,12,2024-11-25,Social Media Registration,10
61908663,brand management,marketing,assessment,Moderate,5,2025-01-16,Brand Management Assessment,12
61908664,digital marketing,marketing,survey,Complex,14,2025-05-13,Digital Marketing Survey,11
61908665,content marketing,marketing,registration,Complex,11,2025-06-29,Content Marketing Registration,8
61908666,digital marketing,marketing,application,Simple,5,2025-10-19,Digital Marketing Application,11
61908667,social media,marketing,registration,Simple,13,2025-05-29,Social Media Registration,9
61908668,portfolio management,economics,application,Moderate,8,2025-08-01,Portfolio Management Application,12
61908669,web development,it,application,Moderate,14,2024-11-30,Web Development Application,7
61908670,market analysis,economics,survey,Simple,15,2025-04-29,Market Analysis Survey,9
61908671,social media,marketing,survey,Simple,11,2025-03-04,Social Media Survey,9
61908672,brand management,marketing,registration,Complex,10,2024-12-21,Brand Management Registration,11
61908673,portfolio management,economics,registration,Moderate,14,2025-09-18,Portfolio Management Registration,6
61908674,portfolio management,economics,application,Moderate,9,2025-05-12,Portfolio Management Application,12
61908675,social media,marketing,survey,Simple,7,2025-08-28,Social Media Survey,4
61908676,content marketing,marketing,registration,Moderate,15,2025-07-04,Content Marketing Registration,4
61908677,machine learning,it,assessment,Complex,5,2025-06-05,Machine Learning Assessment,5
61908678,investment planning,economics,application,Moderate,15,2024-12-21,Investment Planning Application,8
61908679,market analysis,economics,survey,Moderate,5,2024-12-11,Market Analysis Survey,8
61908680,content marketing,marketing,assessment,Complex,5,2025-05-31,Content Marketing Assessment,9
61908681,cloud computing,it,application,Simple,7,2025-05-30,Cloud Computing Application,6
61908682,portfolio management,economics,assessment,Complex,5,2025-03-07,Portfolio Management Assessment,10
61908683,financial modeling,economics,registration,Moderate,10,2025-07-24,Financial Modeling Registration,12
61908684,market analysis,economics,survey,Complex,11,2025-02-24,Market Analysis Survey,6
61908685,financial modeling,economics,registration,Simple,13,2025-05-17,Financial Modeling Registration,12
61908686,data science,it,survey,Simple,12,2025-08-22,Data Science Survey,9
61908687,market analysis,economics,assessment,Moderate,9,2025-06-06,Market Analysis Assessment,8
61908688,portfolio management,economics,assessment,Moderate,11,2025-06-03,Portfolio Management Assessment,8
61908689,data science,it,survey,Complex,7,2025-05-28,Data Science Survey,9
61908690,investment planning,economics,registration,Simple,12,2025-08-18,Investment Planning Registration,12
61908691,brand management,marketing,application,Complex,6,2025-02-28,Brand Management Application,10
61908692,web development,it,survey,Simple,9,2025-08-13,Web Development Survey,10
61908693,social media,marketing,application,Complex,12,2025-08-19,Social Media Application,6
61908694,web development,it,application,Complex,10,2025-04-02,Web Development Application,6
61908695,market analysis,economics,application,Moderate,7,2025-02-01,Market Analysis Application,4
61908696,digital marketing,marketing,application,Moderate,7,2025-07-13,Digital Marketing Application,6
61908697,cloud computing,it,survey,Complex,14,2025-09-25,Cloud Computing Survey,5
61908698,investment planning,economics,registration,Complex,7,2024-11-03,Investment Planning Registration,3
61908699,financial modeling,economics,assessment,Simple,15,2025-06-05,Financial Modeling Assessment,9
61908700,data science,it,assessment,Simple,14,2025-03-02,Data Science Assessment,6
61908701,web development,it,application,Simple,8,2025-09-24,Web Development Application,3
61908702,social media,marketing,survey,Complex,13,2024-11-09,Social Media Survey,3
61908703,data science,it,assessment,Simple,5,2025-07-07,Data Science Assessment,12
61908704,brand management,marketing,survey,Moderate,13,2025-08-04,Brand Management Survey,12
61908705,machine learning,it,assessment,Moderate,14,2025-04-04,Machine Learning Assessment,11
61908706,social media,marketing,survey,Moderate,13,2025-01-03,Social Media Survey,5
61908707,web development,it,assessment,Moderate,11,2025-07-14,Web Development Assessment,5
61908708,content marketing,marketing,registration,Simple,7,2025-06-03,Content Marketing Registration,10
61908709,brand management,marketing,survey,Complex,8,2025-03-20,Brand Management Survey,11
61908710,investment planning,economics,registration,Simple,14,2025-05-10,Investment Planning Registration,6
61908711,investment planning,economics,survey,Complex,6,2025-10-09,Investment Planning Survey,3
61908712,machine learning,it,application,Simple,10,2025-01-23,Machine Learning Application,6
61908713,social media,marketing,application,Complex,15,2024-12-09,Social Media Application,3
61908714,financial modeling,economics,assessment,Complex,12,2024-11-23,Financial Modeling Assessment,10
61908715,brand management,marketing,assessment,Moderate,5,2025-05-15,Brand Management Assessment,9
61908716,brand management,marketing,survey,Moderate,15,2024-11-18,Brand Management Survey,7
61908717,cybersecurity,it,survey,Simple,10,2025-09-14,Cybersecurity Survey,6
61908718,machine learning,it,assessment,Moderate,8,2025-08-02,Machine Learning Assessment,5
61908719,digital marketing,marketing,application,Moderate,11,2025-05-06,Digital Marketing Application,3
61908720,investment planning,economics,assessment,Simple,12,2025-04-10,Investment Planning Assessment,6
61908721,market analysis,economics,registration,Moderate,11,2025-08-21,Market Analysis Registration,7
61908722,brand management,marketing,application,Simple,12,2025-04-06,Brand Management Application,7
61908723,brand management,marketing,registration,Moderate,13,2025-01-01,Brand Management Registration,9
61908724,cybersecurity,it,assessment,Simple,11,2024-11-14,Cybersecurity Assessment,12
61908725,machine learning,it,assessment,Complex,6,2025-06-27,Machine Learning Assessment,12
61908726,brand management,marketing,assessment,Simple,14,2025-08-10,Brand Management Assessment,9
61908727,machine learning,it,application,Complex,7,2025-04-15,Machine Learning Application,6
61908728,market analysis,economics,survey,Moderate,11,2025-03-14,Market Analysis Survey,5
61908729,financial modeling,economics,assessment,Simple,9,2024-12-11,Financial Modeling Assessment,7
61908730,digital marketing,marketing,registration,Moderate,15,2025-02-11,Digital Marketing Registration,10
61908731,content marketing,marketing,registration,Simple,13,2025-04-28,Content Marketing Registration,6
61908732,digital marketing,marketing,application,Complex,7,2025-09-29,Digital Marketing Application,12
61908733,web development,it,application,Simple,12,2024-10-28,Web Development Application,11
61908734,digital marketing,marketing,assessment,Simple,13,2025-09-13,Digital Marketing Assessment,3
61908735,cybersecurity,it,assessment,Complex,15,2025-03-12,Cybersecurity Assessment,12
61908736,social media,marketing,survey,Simple,5,2025-10-10,Social Media Survey,5
61908737,social media,marketing,registration,Complex,7,2025-04-25,Social Media Registration,11
61908738,content marketing,marketing,registration,Moderate,14,2025-03-08,Content Marketing Registration,10
61908739,web development,it,survey,Moderate,11,2024-11-07,Web Development Survey,5
61908740,cloud computing,it,survey,Moderate,10,2025-10-21,Cloud Computing Survey,9
61908741,digital marketing,marketing,assessment,Complex,10,2024-12-16,Digital Marketing Assessment,3
61908742,data science,it,survey,Moderate,14,2025-05-21,Data Science Survey,4
61908743,content marketing,marketing,assessment,Complex,7,2025-07-11,Content Marketing Assessment,4
61908744,data science,it,registration,Moderate,9,2024-11-11,Data Science Registration,10
61908745,portfolio management,economics,assessment,Moderate,15,2025-02-14,Portfolio Management Assessment,9
61908746,content marketing,marketing,application,Complex,13,2025-01-11,Content Marketing Application,11
61908747,portfolio management,economics,application,Moderate,10,2025-09-11,Portfolio Management Application,5
61908748,digital marketing,marketing,assessment,Moderate,5,2025-10-05,Digital Marketing Assessment,9
61908749,portfolio management,economics,survey,Simple,8,2025-09-15,Portfolio Management Survey,8
61908750,market analysis,economics,assessment,Complex,14,2025-08-12,Market Analysis Assessment,12
61908751,investment planning,economics,survey,Moderate,8,2025-03-18,Investment Planning Survey,8
61908752,data science,it,survey,Simple,6,2025-10-05,Data Science Survey,12
61908753,digital marketing,marketing,registration,Complex,13,2024-12-08,Digital Marketing Registration,6
61908754,portfolio management,economics,registration,Complex,5,2025-09-30,Portfolio Management Registration,6
61908755,machine learning,it,survey,Moderate,11,2025-08-22,Machine Learning Survey,3
61908756,web development,it,registration,Moderate,11,2025-07-09,Web Development Registration,12
61908757,financial modeling,economics,survey,Simple,15,2024-11-07,Financial Modeling Survey,6
61908758,investment planning,economics,application,Complex,5,2024-11-25,Investment Planning Application,9
61908759,financial modeling,economics,survey,Simple,11,2025-09-27,Financial Modeling Survey,10
61908760,portfolio management,economics,registration,Simple,5,2025-10-13,Portfolio Management Registration,8
61908761,brand management,marketing,application,Moderate,6,2025-03-07,Brand Management Application,9
61908762,social media,marketing,survey,Complex,8,2024-12-27,Social Media Survey,6
61908763,digital marketing,marketing,registration,Simple,10,2024-12-23,Digital Marketing Registration,5
61908764,cybersecurity,it,application,Complex,7,2025-04-30,Cybersecurity Application,12
61908765,digital marketing,marketing,application,Complex,9,2025-03-28,Digital Marketing Application,9
61908766,portfolio management,economics,survey,Moderate,13,2024-11-06,Portfolio Management Survey,9
61908767,market analysis,economics,application,Moderate,7,2025-01-01,Market Analysis Application,5
61908768,content marketing,marketing,assessment,Complex,6,2024-12-10,Content Marketing Assessment,10
61908769,content marketing,marketing,survey,Moderate,6,2025-05-20,Content Marketing Survey,12
61908770,digital marketing,marketing,application,Moderate,10,2025-09-16,Digital Marketing Application,10
61908771,social media,marketing,registration,Moderate,7,2025-08-30,Social Media Registration,5
61908772,content marketing,marketing,survey,Moderate,11,2025-09-07,Content Marketing Survey,9
61908773,investment planning,economics,assessment,Moderate,13,2024-12-23,Investment Planning Assessment,12
61908774,data science,it,application,Simple,12,2025-04-24,Data Science Application,10
61908775,web development,it,survey,Complex,11,2025-10-25,Web Development Survey,11
61908776,cloud computing,it,survey,Complex,6,2025-01-14,Cloud Computing Survey,12
61908777,content marketing,marketing,application,Moderate,7,2025-01-17,Content Marketing Application,9
61908778,cloud computing,it,application,Complex,14,2025-04-16,Cloud Computing Application,12
61908779,social media,marketing,registration,Complex,14,2025-08-12,Social Media Registration,4
61908780,brand management,marketing,registration,Simple,10,2025-01-24,Brand Management Registration,12
61908781,web development,it,assessment,Complex,6,2025-01-02,Web Development Assessment,5
61908782,web development,it,assessment,Simple,12,2025-05-22,Web Development Assessment,12
61908783,machine learning,it,registration,Complex,7,2025-06-10,Machine Learning Registration,9
61908784,data science,it,application,Complex,6,2025-10-07,Data Science Application,8
61908785,brand management,marketing,assessment,Complex,15,2025-10-12,Brand Management Assessment,6
61908786,cybersecurity,it,application,Complex,9,2025-03-25,Cybersecurity Application,5
61908787,cybersecurity,it,application,Moderate,13,2025-06-01,Cybersecurity Application,12
61908788,investment planning,economics,assessment,Complex,13,2024-11-04,Investment Planning Assessment,4
61908789,market analysis,economics,registration,Simple,13,2025-04-05,Market Analysis Registration,11
61908790,content marketing,marketing,registration,Simple,13,2025-02-23,Content Marketing Registration,4
61908791,machine learning,it,assessment,Simple,8,2025-04-08,Machine Learning Assessment,3
61908792,brand management,marketing,survey,Complex,8,2025-09-28,Brand Management Survey,9
61908793,web development,it,application,Moderate,7,2025-10-25,Web Development Application,3
61908794,social media,marketing,application,Moderate,8,2025-06-19,Social Media Application,12
61908795,market analysis,economics,registration,Simple,8,2025-04-27,Market Analysis Registration,4
61908796,financial modeling,economics,application,Moderate,15,2025-05-03,Financial Modeling Application,9
61908797,portfolio management,economics,assessment,Complex,14,2025-06-17,Portfolio Management Assessment,9
61908798,cloud computing,it,application,Moderate,8,2025-04-02,Cloud Computing Application,8
61908799,content marketing,marketing,survey,Complex,11,2025-08-06,Content Marketing Survey,12
61908800,market analysis,economics,application,Simple,8,2025-02-13,Market Analysis Application,5
61908801,portfolio management,economics,survey,Moderate,6,2025-05-28,Portfolio Management Survey,7
61908802,web development,it,registration,Complex,9,2025-09-27,Web Development Registration,9
61908803,web development,it,assessment,Simple,13,2025-05-10,Web Development Assessment,11
61908804,cloud computing,it,application,Simple,5,2025-08-31,Cloud Computing Application,6
61908805,social media,marketing,survey,Simple,11,2024-11-21,Social Media Survey,6
61908806,content marketing,marketing,registration,Simple,9,2025-10-14,Content Marketing Registration,4
61908807,machine learning,it,registration,Simple,7,2025-02-03,Machine Learning Registration,4
61908808,data science,it,application,Moderate,9,2025-05-04,Data Science Application,7
61908809,market analysis,economics,survey,Simple,15,2025-06-06,Market Analysis Survey,6
61908810,investment planning,economics,application,Complex,7,2024-12-26,Investment Planning Application,9
61908811,brand management,marketing,application,Moderate,6,2025-09-20,Brand Management Application,9
61908812,market analysis,economics,survey,Simple,5,2025-02-27,Market Analysis Survey,10
61908813,social media,marketing,survey,Complex,13,2025-08-19,Social Media Survey,8
61908814,market analysis,economics,application,Moderate,11,2025-01-20,Market Analysis Application,8
61908815,investment planning,economics,assessment,Moderate,6,2025-04-21,Investment Planning Assessment,12
61908816,financial modeling,economics,registration,Complex,14,2025-02-08,Financial Modeling Registration,5
61908817,cloud computing,it,assessment,Moderate,13,2025-06-10,Cloud Computing Assessment,7
61908818,social media,marketing,assessment,Complex,5,2025-06-07,Social Media Assessment,8
61908819,content marketing,marketing,assessment,Simple,5,2025-02-21,Content Marketing Assessment,8
61908820,social media,marketing,assessment,Moderate,8,2024-12-03,Social Media Assessment,10
61908821,brand management,marketing,assessment,Complex,7,2024-11-04,Brand Management Assessment,12
61908822,market analysis,economics,application,Complex,9,2025-05-14,Market Analysis Application,9
61908823,cloud computing,it,assessment,Complex,7,2024-12-21,Cloud Computing Assessment,7
61908824,investment planning,economics,registration,Simple,9,2025-07-09,Investment Planning Registration,9
61908825,content marketing,marketing,application,Moderate,5,2025-01-08,Content Marketing Application,5
61908826,investment planning,economics,survey,Moderate,5,2024-11-12,Investment Planning Survey,9
61908827,market analysis,economics,application,Simple,6,2025-10-21,Market Analysis Application,11
61908828,brand management,marketing,registration,Simple,14,2025-05-14,Brand Management Registration,6
61908829,investment planning,economics,assessment,Moderate,15,2024-11-13,Investment Planning Assessment,3
61908830,content marketing,marketing,application,Complex,6,2025-04-07,Content Marketing Application,4
61908831,social media,marketing,application,Moderate,10,2024-12-29,Social Media Application,12
61908832,data science,it,registration,Moderate,11,2025-06-08,Data Science Registration,7
61908833,investment planning,economics,application,Simple,7,2025-03-30,Investment Planning Application,9
61908834,financial modeling,economics,assessment,Simple,6,2025-07-14,Financial Modeling Assessment,7
61908835,investment planning,economics,registration,Complex,14,2025-07-20,Investment Planning Registration,11
61908836,social media,marketing,survey,Simple,11,2025-04-19,Social Media Survey,5
61908837,portfolio management,economics,application,Moderate,15,2025-03-29,Portfolio Management Application,12
61908838,content marketing,marketing,registration,Moderate,6,2025-01-14,Content Marketing Registration,7
61908839,portfolio management,economics,registration,Simple,8,2025-02-18,Portfolio Management Registration,4
61908840,financial modeling,economics,assessment,Simple,10,2024-11-28,Financial Modeling Assessment,12
61908841,cloud computing,it,assessment,Moderate,14,2025-04-18,Cloud Computing Assessment,7
61908842,portfolio management,economics,application,Simple,6,2025-06-29,Portfolio Management Application,12
61908843,machine learning,it,application,Simple,12,2025-07-30,Machine Learning Application,4
61908844,social media,marketing,registration,Complex,14,2025-01-25,Social Media Registration,6
61908845,machine learning,it,registration,Complex,10,2025-07-21,Machine Learning Registration,11
61908846,market analysis,economics,registration,Moderate,14,2024-12-16,Market Analysis Registration,4
61908847,digital marketing,marketing,registration,Moderate,8,2025-01-08,Digital Marketing Registration,6
61908848,market analysis,economics,application,Complex,8,2025-04-02,Market Analysis Application,3
61908849,social media,marketing,assessment,Simple,7,2025-03-06,Social Media Assessment,5
61908850,data science,it,application,Simple,14,2025-04-23,Data Science Application,9
61908851,data science,it,assessment,Moderate,13,2025-03-23,Data Science Assessment,6
61908852,market analysis,economics,application,Moderate,10,2025-06-19,Market Analysis Application,4
61908853,market analysis,economics,registration,Simple,9,2025-01-05,Market Analysis Registration,12
61908854,digital marketing,marketing,assessment,Complex,12,2024-12-18,Digital Marketing Assessment,5
61908855,digital marketing,marketing,registration,Moderate,12,2025-07-13,Digital Marketing Registration,6
61908856,financial modeling,economics,application,Complex,7,2025-04-22,Financial Modeling Application,4
61908857,data science,it,survey,Simple,13,2024-10-28,Data Science Survey,5
61908858,data science,it,application,Simple,7,2025-05-01,Data Science Application,4
61908859,financial modeling,economics,registration,Moderate,8,2025-08-26,Financial Modeling Registration,5
61908860,content marketing,marketing,assessment,Complex,9,2025-02-23,Content Marketing Assessment,6
61908861,cloud computing,it,assessment,Moderate,13,2025-04-14,Cloud Computing Assessment,5
61908862,machine learning,it,application,Moderate,10,2025-04-14,Machine Learning Application,7
61908863,financial modeling,economics,assessment,Simple,10,2025-08-25,Financial Modeling Assessment,7
61908864,brand management,marketing,survey,Complex,15,2025-06-11,Brand Management Survey,7
61908865,investment planning,economics,application,Moderate,8,2025-09-03,Investment Planning Application,8
61908866,portfolio management,economics,application,Simple,14,2024-10-25,Portfolio Management Application,8
61908867,digital marketing,marketing,survey,Moderate,14,2024-12-28,Digital Marketing Survey,9
61908868,financial modeling,economics,survey,Simple,6,2025-05-11,Financial Modeling Survey,7
61908869,portfolio management,economics,registration,Complex,10,2025-06-07,Portfolio Management Registration,8
61908870,social media,marketing,application,Simple,7,2025-02-13,Social Media Application,10
61908871,brand management,marketing,survey,Simple,13,2025-06-08,Brand Management Survey,5
61908872,content marketing,marketing,application,Simple,5,2024-11-19,Content Marketing Application,7
61908873,cybersecurity,it,application,Simple,6,2025-09-20,Cybersecurity Application,6
61908874,machine learning,it,assessment,Moderate,13,2025-03-20,Machine Learning Assessment,11
61908875,market analysis,economics,assessment,Simple,8,2025-07-15,Market Analysis Assessment,5
61908876,investment planning,economics,application,Moderate,10,2025-07-28,Investment Planning Application,8
61908877,data science,it,assessment,Complex,6,2025-08-27,Data Science Assessment,5
61908878,cloud computing,it,assessment,Moderate,7,2025-08-03,Cloud Computing Assessment,10
61908879,data science,it,registration,Simple,7,2025-01-06,Data Science Registration,11
61908880,digital marketing,marketing,application,Simple,10,2025-03-31,Digital Marketing Application,12
61908881,cloud computing,it,application,Simple,8,2025-05-03,Cloud Computing Application,3
61908882,web development,it,assessment,Complex,9,2025-03-26,Web Development Assessment,6
61908883,data science,it,registration,Complex,7,2025-02-02,Data Science Registration,7
61908884,investment planning,economics,registration,Simple,5,2025-04-26,Investment Planning Registration,10
61908885,web development,it,survey,Moderate,13,2025-06-18,Web Development Survey,8
61908886,machine learning,it,assessment,Complex,5,2025-06-15,Machine Learning Assessment,11
61908887,brand management,marketing,registration,Simple,5,2025-08-12,Brand Management Registration,12
61908888,digital marketing,marketing,survey,Simple,15,2024-11-19,Digital Marketing Survey,5
61908889,machine learning,it,registration,Moderate,12,2025-05-14,Machine Learning Registration,6
61908890,portfolio management,economics,registration,Simple,7,2025-08-29,Portfolio Management Registration,7
61908891,investment planning,economics,assessment,Simple,7,2025-07-26,Investment Planning Assessment,4
61908892,market analysis,economics,survey,Simple,14,2025-04-29,Market Analysis Survey,7
61908893,investment planning,economics,registration,Moderate,6,2025-09-29,Investment Planning Registration,12
61908894,social media,marketing,application,Simple,13,2025-03-20,Social Media Application,4
61908895,investment planning,economics,survey,Moderate,12,2025-01-23,Investment Planning Survey,7
61908896,cloud computing,it,application,Simple,13,2025-07-25,Cloud Computing Application,3
61908897,cloud computing,it,registration,Moderate,14,2025-07-23,Cloud Computing Registration,6
61908898,data science,it,application,Moderate,14,2025-01-15,Data Science Application,3
61908899,content marketing,marketing,application,Complex,8,2025-09-16,Content Marketing Application,9
61908900,content marketing,marketing,assessment,Simple,8,2024-10-27,Content Marketing Assessment,11
61908901,machine learning,it,application,Moderate,6,2025-05-06,Machine Learning Application,5
61908902,brand management,marketing,survey,Moderate,5,2025-08-14,Brand Management Survey,11
61908903,market analysis,economics,registration,Moderate,15,2025-09-01,Market Analysis Registration,3
61908904,portfolio management,economics,application,Simple,9,2025-02-07,Portfolio Management Application,8
61908905,content marketing,marketing,survey,Simple,11,2025-08-19,Content Marketing Survey,11
61908906,content marketing,marketing,registration,Moderate,9,2025-04-02,Content Marketing Registration,7
61908907,market analysis,economics,application,Simple,8,2025-10-15,Market Analysis Application,10
61908908,financial modeling,economics,application,Moderate,10,2025-01-05,Financial Modeling Application,6
61908909,investment planning,economics,application,Complex,11,2025-01-31,Investment Planning Application,3
61908910,brand management,marketing,survey,Moderate,11,2025-03-09,Brand Management Survey,10
61908911,content marketing,marketing,application,Complex,6,2025-03-02,Content Marketing Application,12
61908912,cybersecurity,it,assessment,Complex,6,2025-06-12,Cybersecurity Assessment,12
61908913,machine learning,it,registration,Simple,9,2025-02-21,Machine Learning Registration,10
61908914,brand management,marketing,application,Complex,9,2025-10-20,Brand Management Application,4
61908915,cloud computing,it,application,Simple,12,2024-11-17,Cloud Computing Application,10
61908916,machine learning,it,registration,Complex,14,2025-05-23,Machine Learning Registration,10
61908917,content marketing,marketing,registration,Moderate,10,2024-12-26,Content Marketing Registration,7
61908918,brand management,marketing,registration,Moderate,7,2025-04-04,Brand Management Registration,10
61908919,cybersecurity,it,registration,Moderate,12,2024-10-28,Cybersecurity Registration,7
61908920,content marketing,marketing,application,Simple,6,2025-06-20,Content Marketing Application,12
61908921,web development,it,application,Moderate,9,2025-02-05,Web Development Application,3
61908922,content marketing,marketing,survey,Moderate,6,2025-06-22,Content Marketing Survey,11
61908923,data science,it,application,Complex,15,2025-01-07,Data Science Application,10
61908924,investment planning,economics,registration,Complex,10,2025-01-24,Investment Planning Registration,4
61908925,cybersecurity,it,application,Complex,11,2025-05-16,Cybersecurity Application,5
61908926,brand management,marketing,application,Simple,15,2025-09-24,Brand Management Application,5
61908927,social media,marketing,assessment,Complex,11,2024-12-28,Social Media Assessment,3
61908928,portfolio management,economics,registration,Complex,7,2025-01-30,Portfolio Management Registration,12
61908929,financial modeling,economics,registration,Simple,14,2025-04-08,Financial Modeling Registration,10
61908930,cybersecurity,it,registration,Moderate,9,2024-11-29,Cybersecurity Registration,10
61908931,data science,it,survey,Moderate,9,2025-06-12,Data Science Survey,12
61908932,market analysis,economics,registration,Simple,13,2025-04-22,Market Analysis Registration,4
61908933,investment planning,economics,assessment,Moderate,6,2025-08-10,Investment Planning Assessment,5
61908934,machine learning,it,application,Moderate,12,2025-10-19,Machine Learning Application,6
61908935,digital marketing,marketing,registration,Complex,6,2024-11-07,Digital Marketing Registration,3
61908936,cybersecurity,it,assessment,Simple,13,2024-11-08,Cybersecurity Assessment,5
61908937,social media,marketing,application,Complex,7,2025-03-08,Social Media Application,7
61908938,brand management,marketing,survey,Moderate,13,2024-12-03,Brand Management Survey,10
61908939,cybersecurity,it,registration,Simple,14,2025-09-10,Cybersecurity Registration,11
61908940,data science,it,registration,Simple,9,2025-07-20,Data Science Registration,10
61908941,digital marketing,marketing,registration,Simple,7,2024-11-04,Digital Marketing Registration,10
61908942,cybersecurity,it,application,Complex,7,2025-08-02,Cybersecurity Application,6
61908943,investment planning,economics,application,Complex,12,2024-11-13,Investment Planning Application,10
61908944,market analysis,economics,assessment,Complex,5,2025-05-10,Market Analysis Assessment,6
61908945,digital marketing,marketing,application,Moderate,6,2025-06-26,Digital Marketing Application,10
61908946,brand management,marketing,survey,Simple,9,2025-09-18,Brand Management Survey,11
61908947,portfolio management,economics,registration,Simple,11,2025-03-18,Portfolio Management Registration,3
61908948,financial modeling,economics,survey,Moderate,11,2024-12-21,Financial Modeling Survey,11
61908949,machine learning,it,survey,Simple,14,2025-07-12,Machine Learning Survey,11
61908950,web development,it,registration,Complex,9,2025-07-06,Web Development Registration,8
61908951,portfolio management,economics,survey,Complex,5,2024-11-14,Portfolio Management Survey,8
61908952,investment planning,economics,application,Complex,6,2025-04-24,Investment Planning Application,5
61908953,market analysis,economics,survey,Moderate,8,2025-06-05,Market Analysis Survey,4
61908954,web development,it,survey,Complex,14,2025-04-08,Web Development Survey,10
61908955,cybersecurity,it,registration,Moderate,9,2025-09-10,Cybersecurity Registration,7
61908956,portfolio management,economics,survey,Complex,8,2025-04-18,Portfolio Management Survey,3
61908957,cloud computing,it,survey,Simple,8,2025-01-26,Cloud Computing Survey,3
61908958,digital marketing,marketing,application,Simple,13,2025-01-31,Digital Marketing Application,3
61908959,data science,it,survey,Moderate,10,2025-10-04,Data Science Survey,11
61908960,digital marketing,marketing,assessment,Moderate,9,2025-10-03,Digital Marketing Assessment,7
61908961,cloud computing,it,registration,Complex,6,2025-03-07,Cloud Computing Registration,7
61908962,data science,it,application,Simple,14,2025-09-16,Data Science Application,12
61908963,portfolio management,economics,registration,Complex,7,2025-06-21,Portfolio Management Registration,12
61908964,social media,marketing,survey,Moderate,11,2025-05-20,Social Media Survey,7
61908965,portfolio management,economics,assessment,Complex,9,2025-08-27,Portfolio Management Assessment,6
61908966,portfolio management,economics,survey,Moderate,9,2025-02-21,Portfolio Management Survey,6
61908967,social media,marketing,assessment,Simple,15,2025-08-03,Social Media Assessment,4
61908968,investment planning,economics,application,Complex,7,2024-12-19,Investment Planning Application,7
61908969,investment planning,economics,application,Moderate,15,2025-09-16,Investment Planning Application,8
61908970,portfolio management,economics,application,Moderate,9,2025-05-17,Portfolio Management Application,10
61908971,cybersecurity,it,assessment,Complex,5,2025-04-05,Cybersecurity Assessment,4
61908972,market analysis,economics,assessment,Complex,13,2025-04-29,Market Analysis Assessment,6
61908973,investment planning,economics,assessment,Simple,6,2025-03-17,Investment Planning Assessment,11
61908974,content marketing,marketing,survey,Complex,15,2025-06-12,Content Marketing Survey,11
61908975,digital marketing,marketing,application,Simple,10,2025-02-27,Digital Marketing Application,4
61908976,digital marketing,marketing,assessment,Moderate,6,2025-08-11,Digital Marketing Assessment,7
61908977,content marketing,marketing,registration,Complex,13,2025-07-13,Content Marketing Registration,11
61908978,portfolio management,economics,registration,Complex,5,2025-02-08,Portfolio Management Registration,8
61908979,social media,marketing,assessment,Complex,14,2025-01-14,Social Media Assessment,6
61908980,digital marketing,marketing,application,Complex,13,2025-04-10,Digital Marketing Application,6
61908981,data science,it,registration,Simple,12,2025-10-25,Data Science Registration,6
61908982,digital marketing,marketing,application,Complex,9,2025-07-05,Digital Marketing Application,3
61908983,social media,marketing,application,Complex,15,2025-09-21,Social Media Application,5
61908984,data science,it,registration,Moderate,12,2025-09-05,Data Science Registration,3
61908985,web development,it,registration,Simple,13,2025-03-06,Web Development Registration,10
61908986,data science,it,registration,Complex,15,2024-11-11,Data Science Registration,6
61908987,investment planning,economics,survey,Moderate,10,2025-02-03,Investment Planning Survey,5
61908988,market analysis,economics,survey,Simple,7,2025-08-04,Market Analysis Survey,11
61908989,machine learning,it,assessment,Simple,15,2025-05-20,Machine Learning Assessment,9
61908990,financial modeling,economics,registration,Simple,7,2025-01-30,Financial Modeling Registration,4
61908991,market analysis,economics,application,Simple,11,2025-06-18,Market Analysis Application,4
61908992,financial modeling,economics,registration,Simple,11,2025-02-26,Financial Modeling Registration,8
61908993,market analysis,economics,assessment,Complex,10,2025-08-19,Market Analysis Assessment,10
61908994,brand management,marketing,application,Moderate,9,2024-12-25,Brand Management Application,10
61908995,investment planning,economics,application,Moderate,14,2025-06-24,Investment Planning Application,7
61908996,data science,it,assessment,Simple,5,2025-02-19,Data Science Assessment,3
61908997,portfolio management,economics,survey,Moderate,12,2025-07-21,Portfolio Management Survey,6
61908998,financial modeling,economics,survey,Simple,10,2024-11-15,Financial Modeling Survey,11
61908999,cybersecurity,it,registration,Simple,6,2025-01-26,Cybersecurity Registration,7
61909000,digital marketing,marketing,application,Moderate,12,2024-11-02,Digital Marketing Application,11
61909001,market analysis,economics,registration,Simple,13,2025-06-27,Market Analysis Registration,5
61909002,market analysis,economics,survey,Moderate,12,2025-09-12,Market Analysis Survey,8
61909003,cybersecurity,it,survey,Complex,9,2025-01-29,Cybersecurity Survey,7
61909004,financial modeling,economics,application,Moderate,15,2025-09-13,Financial Modeling Application,5
61909005,data science,it,application,Complex,11,2024-12-07,Data Science Application,4
61909006,cybersecurity,it,assessment,Moderate,5,2025-06-11,Cybersecurity Assessment,9
61909007,market analysis,economics,survey,Moderate,7,2025-03-25,Market Analysis Survey,8
61909008,brand management,marketing,application,Complex,10,2025-01-13,Brand Management Application,4
61909009,content marketing,marketing,registration,Simple,5,2025-05-02,Content Marketing Registration,10
61909010,financial modeling,economics,assessment,Simple,7,2025-02-18,Financial Modeling Assessment,10
61909011,digital marketing,marketing,application,Complex,6,2025-07-02,Digital Marketing Application,12
61909012,investment planning,economics,application,Moderate,5,2025-02-02,Investment Planning Application,3
61909013,investment planning,economics,assessment,Moderate,8,2025-01-13,Investment Planning Assessment,8
61909014,financial modeling,economics,survey,Simple,8,2025-01-02,Financial Modeling Survey,11
61909015,market analysis,economics,assessment,Complex,15,2025-09-30,Market Analysis Assessment,6
61909016,machine learning,it,survey,Moderate,14,2024-12-05,Machine Learning Survey,11
61909017,digital marketing,marketing,survey,Simple,15,2025-05-20,Digital Marketing Survey,7
61909018,digital marketing,marketing,application,Complex,6,2025-10-18,Digital Marketing Application,7
61909019,cybersecurity,it,survey,Moderate,11,2025-02-28,Cybersecurity Survey,9
61909020,brand management,marketing,registration,Complex,10,2025-10-10,Brand Management Registration,3
61909021,digital marketing,marketing,registration,Complex,9,2025-05-13,Digital Marketing Registration,8
61909022,portfolio management,economics,registration,Simple,10,2025-04-01,Portfolio Management Registration,7
61909023,financial modeling,economics,registration,Simple,6,2025-05-05,Financial Modeling Registration,7
61909024,financial modeling,economics,assessment,Complex,7,2025-01-31,Financial Modeling Assessment,7
61909025,data science,it,assessment,Complex,15,2024-11-18,Data Science Assessment,7
61909026,cybersecurity,it,assessment,Moderate,8,2025-02-08,Cybersecurity Assessment,11
61909027,brand management,marketing,application,Complex,9,2025-03-19,Brand Management Application,5
61909028,investment planning,economics,survey,Simple,9,2025-10-18,Investment Planning Survey,9
61909029,content marketing,marketing,application,Simple,6,2025-02-28,Content Marketing Application,3
61909030,brand management,marketing,survey,Simple,11,2025-01-31,Brand Management Survey,7
61909031,web development,it,registration,Complex,7,2025-03-21,Web Development Registration,9
61909032,content marketing,marketing,survey,Moderate,7,2025-08-01,Content Marketing Survey,7
61909033,web development,it,assessment,Complex,11,2025-03-05,Web Development Assessment,6
61909034,investment planning,economics,application,Complex,11,2025-03-30,Investment Planning Application,5
61909035,data science,it,application,Moderate,9,2025-03-16,Data Science Application,11
61909036,content marketing,marketing,assessment,Moderate,5,2024-11-13,Content Marketing Assessment,4
61909037,investment planning,economics,registration,Moderate,7,2025-04-29,Investment Planning Registration,8
61909038,brand management,marketing,registration,Simple,7,2025-10-19,Brand Management Registration,10
61909039,content marketing,marketing,registration,Moderate,15,2025-07-18,Content Marketing Registration,3
61909040,portfolio management,economics,assessment,Simple,11,2025-10-25,Portfolio Management Assessment,5
61909041,cybersecurity,it,application,Moderate,5,2024-11-14,Cybersecurity Application,4
61909042,digital marketing,marketing,registration,Moderate,7,2025-08-16,Digital Marketing Registration,11
61909043,social media,marketing,assessment,Complex,15,2025-10-21,Social Media Assessment,4
61909044,digital marketing,marketing,application,Complex,10,2025-09-23,Digital Marketing Application,5
61909045,data science,it,assessment,Simple,9,2025-06-06,Data Science Assessment,8
61909046,cybersecurity,it,application,Complex,6,2025-08-30,Cybersecurity Application,8
61909047,portfolio management,economics,application,Simple,9,2025-05-13,Portfolio Management Application,12
61909048,brand management,marketing,registration,Complex,13,2025-04-14,Brand Management Registration,12
61909049,web development,it,registration,Simple,5,2024-11-02,Web Development Registration,6
61909050,content marketing,marketing,registration,Complex,6,2025-09-30,Content Marketing Registration,12
61909051,content marketing,marketing,assessment,Complex,9,2025-02-05,Content Marketing Assessment,10
61909052,financial modeling,economics,application,Simple,11,2025-07-10,Financial Modeling Application,11
61909053,web development,it,survey,Complex,5,2025-03-30,Web Development Survey,12
61909054,data science,it,application,Moderate,5,2025-05-16,Data Science Application,6
61909055,portfolio management,economics,application,Simple,10,2025-06-09,Portfolio Management Application,5
61909056,machine learning,it,registration,Simple,12,2025-02-18,Machine Learning Registration,12
61909057,social media,marketing,application,Complex,12,2024-12-23,Social Media Application,3
61909058,investment planning,economics,registration,Simple,13,2025-06-24,Investment Planning Registration,4
61909059,social media,marketing,assessment,Simple,14,2025-10-05,Social Media Assessment,7
61909060,brand management,marketing,survey,Complex,14,2025-09-09,Brand Management Survey,5
61909061,investment planning,economics,registration,Complex,11,2024-12-15,Investment Planning Registration,3
61909062,cloud computing,it,survey,Moderate,12,2024-11-10,Cloud Computing Survey,8
61909063,social media,marketing,registration,Moderate,5,2025-09-21,Social Media Registration,8
61909064,cybersecurity,it,application,Simple,10,2025-09-27,Cybersecurity Application,12
61909065,social media,marketing,application,Simple,6,2025-08-30,Social Media Application,9
61909066,machine learning,it,assessment,Simple,13,2024-12-13,Machine Learning Assessment,7
61909067,brand management,marketing,survey,Complex,14,2025-04-06,Brand Management Survey,8
61909068,digital marketing,marketing,application,Simple,5,2025-03-01,Digital Marketing Application,9
61909069,web development,it,assessment,Simple,15,2025-06-06,Web Development Assessment,11
61909070,content marketing,marketing,registration,Simple,11,2024-11-12,Content Marketing Registration,11
61909071,web development,it,registration,Complex,13,2025-01-26,Web Development Registration,7
61909072,market analysis,economics,assessment,Moderate,8,2025-01-15,Market Analysis Assessment,10
61909073,portfolio management,economics,assessment,Simple,10,2025-06-12,Portfolio Management Assessment,4
61909074,brand management,marketing,application,Complex,15,2024-12-18,Brand Management Application,6
61909075,financial modeling,economics,application,Moderate,11,2025-05-16,Financial Modeling Application,11
61909076,social media,marketing,application,Complex,8,2025-04-17,Social Media Application,7
61909077,portfolio management,economics,assessment,Moderate,14,2024-12-24,Portfolio Management Assessment,4
61909078,financial modeling,economics,registration,Complex,14,2025-02-22,Financial Modeling Registration,12
61909079,web development,it,application,Moderate,6,2025-02-18,Web Development Application,9
61909080,web development,it,application,Complex,6,2024-11-17,Web Development Application,5
61909081,content marketing,marketing,application,Moderate,7,2025-10-08,Content Marketing Application,11
61909082,digital marketing,marketing,assessment,Simple,5,2025-08-13,Digital Marketing Assessment,11
61909083,market analysis,economics,survey,Simple,10,2025-02-20,Market Analysis Survey,12
61909084,digital marketing,marketing,assessment,Simple,6,2024-11-25,Digital Marketing Assessment,5
61909085,cybersecurity,it,registration,Complex,7,2024-11-11,Cybersecurity Registration,7
61909086,cybersecurity,it,survey,Moderate,6,2025-01-25,Cybersecurity Survey,9
61909087,market analysis,economics,assessment,Simple,15,2025-05-19,Market Analysis Assessment,5
61909088,financial modeling,economics,application,Complex,8,2025-04-28,Financial Modeling Application,11
61909089,web development,it,application,Moderate,5,2025-03-31,Web Development Application,6
61909090,data science,it,assessment,Simple,12,2025-08-01,Data Science Assessment,5
61909091,portfolio management,economics,application,Simple,14,2024-11-06,Portfolio Management Application,10
61909092,cloud computing,it,survey,Moderate,6,2024-11-14,Cloud Computing Survey,11
61909093,digital marketing,marketing,survey,Complex,15,2024-12-20,Digital Marketing Survey,6
61909094,market analysis,economics,survey,Complex,13,2025-03-08,Market Analysis Survey,3
61909095,web development,it,assessment,Moderate,13,2025-07-05,Web Development Assessment,4
61909096,web development,it,assessment,Moderate,8,2025-10-15,Web Development Assessment,6
61909097,content marketing,marketing,survey,Simple,13,2025-03-17,Content Marketing Survey,11
61909098,financial modeling,economics,registration,Simple,11,2025-10-18,Financial Modeling Registration,11
61909099,social media,marketing,survey,Moderate,14,2025-10-08,Social Media Survey,7
61909100,machine learning,it,application,Complex,6,2024-11-23,Machine Learning Application,6
61909101,cloud computing,it,assessment,Complex,12,2025-07-04,Cloud Computing Assessment,4
61909102,social media,marketing,registration,Simple,9,2024-11-04,Social Media Registration,8
61909103,web development,it,assessment,Simple,6,2025-04-11,Web Development Assessment,6
61909104,machine learning,it,registration,Simple,14,2025-06-30,Machine Learning Registration,6
61909105,data science,it,application,Complex,7,2025-04-12,Data Science Application,4
61909106,financial modeling,economics,assessment,Simple,7,2024-11-24,Financial Modeling Assessment,8
61909107,brand management,marketing,application,Moderate,5,2025-08-01,Brand Management Application,7
61909108,market analysis,economics,registration,Moderate,13,2025-06-29,Market Analysis Registration,12
61909109,digital marketing,marketing,assessment,Moderate,6,2025-09-07,Digital Marketing Assessment,10
61909110,content marketing,marketing,application,Complex,13,2025-02-01,Content Marketing Application,9
61909111,data science,it,application,Moderate,11,2024-11-19,Data Science Application,5
61909112,financial modeling,economics,registration,Moderate,11,2025-08-30,Financial Modeling Registration,7
61909113,digital marketing,marketing,survey,Simple,7,2024-11-29,Digital Marketing Survey,10
61909114,financial modeling,economics,assessment,Moderate,11,2025-05-07,Financial Modeling Assessment,7
61909115,cloud computing,it,registration,Complex,13,2025-07-27,Cloud Computing Registration,5
61909116,content marketing,marketing,assessment,Simple,14,2025-02-01,Content Marketing Assessment,3
61909117,market analysis,economics,survey,Complex,12,2025-05-09,Market Analysis Survey,12
61909118,digital marketing,marketing,assessment,Moderate,5,2024-11-17,Digital Marketing Assessment,7
61909119,social media,marketing,assessment,Moderate,6,2025-06-18,Social Media Assessment,9
61909120,market analysis,economics,application,Simple,12,2025-01-30,Market Analysis Application,6
61909121,web development,it,application,Simple,5,2025-01-27,Web Development Application,12
61909122,web development,it,registration,Moderate,9,2024-11-14,Web Development Registration,6
61909123,portfolio management,economics,assessment,Simple,8,2025-10-09,Portfolio Management Assessment,12
61909124,investment planning,economics,registration,Moderate,9,2025-01-24,Investment Planning Registration,4
61909125,content marketing,marketing,registration,Moderate,10,2025-10-25,Content Marketing Registration,12
61909126,web development,it,assessment,Moderate,9,2025-02-28,Web Development Assessment,5
61909127,portfolio management,economics,assessment,Simple,13,2025-09-21,Portfolio Management Assessment,3
61909128,digital marketing,marketing,application,Moderate,12,2024-11-05,Digital Marketing Application,6
61909129,brand management,marketing,registration,Simple,10,2024-11-06,Brand Management Registration,5
61909130,brand management,marketing,application,Moderate,6,2025-06-06,Brand Management Application,7
61909131,brand management,marketing,application,Complex,15,2025-07-10,Brand Management Application,9
61909132,data science,it,application,Complex,6,2024-11-28,Data Science Application,6
61909133,data science,it,survey,Moderate,6,2025-08-16,Data Science Survey,12
61909134,web development,it,application,Complex,5,2025-07-11,Web Development Application,6
61909135,brand management,marketing,registration,Moderate,8,2024-11-14,Brand Management Registration,11
61909136,digital marketing,marketing,assessment,Simple,12,2025-09-30,Digital Marketing Assessment,9
61909137,cybersecurity,it,survey,Complex,9,2025-06-10,Cybersecurity Survey,5
61909138,machine learning,it,assessment,Simple,7,2024-10-25,Machine Learning Assessment,6
61909139,machine learning,it,application,Complex,8,2025-04-07,Machine Learning Application,9
61909140,market analysis,economics,registration,Simple,15,2025-06-26,Market Analysis Registration,11
61909141,machine learning,it,survey,Complex,6,2024-12-29,Machine Learning Survey,8
61909142,portfolio management,economics,survey,Moderate,15,2025-09-11,Portfolio Management Survey,5
61909143,cloud computing,it,registration,Complex,10,2025-03-16,Cloud Computing Registration,12
61909144,digital marketing,marketing,application,Simple,8,2025-09-18,Digital Marketing Application,3
61909145,brand management,marketing,survey,Complex,13,2025-02-09,Brand Management Survey,8
61909146,content marketing,marketing,survey,Simple,13,2025-03-06,Content Marketing Survey,8
61909147,cybersecurity,it,registration,Moderate,10,2025-03-07,Cybersecurity Registration,10
61909148,web development,it,survey,Simple,12,2025-07-20,Web Development Survey,9
61909149,financial modeling,economics,assessment,Simple,9,2025-04-24,Financial Modeling Assessment,8
61909150,social media,marketing,registration,Simple,9,2025-05-04,Social Media Registration,8
61909151,market analysis,economics,application,Complex,10,2025-10-25,Market Analysis Application,6
61909152,brand management,marketing,application,Simple,10,2024-12-13,Brand Management Application,6
61909153,market analysis,economics,registration,Complex,6,2025-08-03,Market Analysis Registration,12
61909154,portfolio management,economics,assessment,Complex,8,2025-04-04,Portfolio Management Assessment,11
61909155,market analysis,economics,application,Moderate,9,2025-05-10,Market Analysis Application,5
61909156,investment planning,economics,survey,Simple,7,2024-12-03,Investment Planning Survey,9
61909157,social media,marketing,application,Complex,5,2025-02-10,Social Media Application,7
61909158,data science,it,survey,Simple,12,2025-06-17,Data Science Survey,7
61909159,social media,marketing,registration,Moderate,11,2024-11-10,Social Media Registration,12
61909160,digital marketing,marketing,registration,Complex,6,2025-02-17,Digital Marketing Registration,9
61909161,machine learning,it,registration,Simple,5,2025-06-24,Machine Learning Registration,11
61909162,portfolio management,economics,assessment,Simple,7,2025-05-24,Portfolio Management Assessment,11
61909163,market analysis,economics,assessment,Complex,15,2025-08-17,Market Analysis Assessment,4
61909164,investment planning,economics,assessment,Moderate,14,2025-04-10,Investment Planning Assessment,10
61909165,portfolio management,economics,assessment,Moderate,8,2025-03-11,Portfolio Management Assessment,9
61909166,digital marketing,marketing,registration,Simple,9,2025-05-09,Digital Marketing Registration,8
61909167,cybersecurity,it,registration,Complex,15,2025-07-31,Cybersecurity Registration,7
61909168,digital marketing,marketing,assessment,Simple,10,2025-03-03,Digital Marketing Assessment,6
61909169,digital marketing,marketing,survey,Moderate,9,2025-04-18,Digital Marketing Survey,9
61909170,social media,marketing,application,Simple,14,2024-12-25,Social Media Application,12
61909171,digital marketing,marketing,application,Complex,9,2025-06-25,Digital Marketing Application,11
61909172,portfolio management,economics,application,Moderate,11,2025-03-14,Portfolio Management Application,6
61909173,cloud computing,it,application,Complex,8,2024-12-20,Cloud Computing Application,7
61909174,portfolio management,economics,survey,Moderate,10,2025-06-20,Portfolio Management Survey,6
61909175,machine learning,it,registration,Complex,12,2025-06-23,Machine Learning Registration,3
61909176,data science,it,assessment,Complex,7,2025-03-26,Data Science Assessment,5
61909177,investment planning,economics,application,Simple,7,2025-04-02,Investment Planning Application,3
61909178,brand management,marketing,registration,Moderate,9,2025-08-25,Brand Management Registration,6
61909179,market analysis,economics,assessment,Complex,6,2025-10-15,Market Analysis Assessment,3
61909180,social media,marketing,application,Complex,8,2025-01-10,Social Media Application,8
61909181,investment planning,economics,survey,Moderate,12,2024-12-07,Investment Planning Survey,11
61909182,digital marketing,marketing,application,Complex,10,2024-12-09,Digital Marketing Application,12
61909183,social media,marketing,survey,Moderate,8,2025-04-09,Social Media Survey,12
61909184,machine learning,it,application,Moderate,12,2025-01-04,Machine Learning Application,6
61909185,financial modeling,economics,survey,Moderate,7,2025-10-23,Financial Modeling Survey,5
61909186,brand management,marketing,registration,Complex,9,2024-11-09,Brand Management Registration,10
61909187,brand management,marketing,survey,Moderate,7,2025-09-04,Brand Management Survey,5
61909188,cloud computing,it,assessment,Simple,12,2024-11-03,Cloud Computing Assessment,8
61909189,market analysis,economics,survey,Simple,10,2025-02-20,Market Analysis Survey,9
61909190,brand management,marketing,application,Simple,12,2025-10-05,Brand Management Application,5
61909191,cybersecurity,it,survey,Moderate,8,2025-06-25,Cybersecurity Survey,4
61909192,data science,it,survey,Simple,15,2024-11-04,Data Science Survey,11
61909193,brand management,marketing,application,Simple,10,2025-06-30,Brand Management Application,9
61909194,machine learning,it,survey,Simple,8,2025-08-22,Machine Learning Survey,5
61909195,investment planning,economics,assessment,Moderate,14,2025-07-08,Investment Planning Assessment,4
61909196,brand management,marketing,registration,Moderate,9,2025-04-25,Brand Management Registration,9
61909197,brand management,marketing,assessment,Moderate,8,2025-03-02,Brand Management Assessment,4
61909198,cybersecurity,it,survey,Moderate,6,2025-09-28,Cybersecurity Survey,11
61909199,market analysis,economics,application,Moderate,9,2025-06-10,Market Analysis Application,5
61909200,content marketing,marketing,application,Moderate,10,2025-06-01,Content Marketing Application,7
61909201,digital marketing,marketing,registration,Complex,13,2025-01-04,Digital Marketing Registration,3
61909202,machine learning,it,survey,Moderate,6,2024-12-24,Machine Learning Survey,9
61909203,digital marketing,marketing,assessment,Moderate,11,2025-09-29,Digital Marketing Assessment,4
61909204,investment planning,economics,registration,Simple,10,2025-07-20,Investment Planning Registration,5
61909205,content marketing,marketing,assessment,Moderate,15,2025-02-25,Content Marketing Assessment,11
61909206,market analysis,economics,assessment,Moderate,15,2025-09-12,Market Analysis Assessment,7
61909207,cybersecurity,it,registration,Complex,8,2024-12-11,Cybersecurity Registration,3
61909208,digital marketing,marketing,survey,Complex,8,2025-01-02,Digital Marketing Survey,9
61909209,data science,it,registration,Simple,10,2025-04-06,Data Science Registration,3
61909210,machine learning,it,registration,Moderate,14,2024-11-19,Machine Learning Registration,7
61909211,social media,marketing,survey,Moderate,14,2025-03-28,Social Media Survey,5
61909212,financial modeling,economics,assessment,Simple,12,2025-07-16,Financial Modeling Assessment,8
61909213,cybersecurity,it,application,Complex,6,2025-01-31,Cybersecurity Application,7
61909214,cybersecurity,it,application,Moderate,8,2025-06-09,Cybersecurity Application,9
61909215,market analysis,economics,assessment,Moderate,8,2025-09-03,Market Analysis Assessment,9
61909216,web development,it,survey,Simple,13,2025-07-18,Web Development Survey,12
61909217,content marketing,marketing,registration,Moderate,6,2025-05-22,Content Marketing Registration,9
61909218,web development,it,assessment,Complex,14,2025-03-16,Web Development Assessment,5
61909219,cloud computing,it,application,Moderate,12,2025-09-16,Cloud Computing Application,6
61909220,content marketing,marketing,assessment,Moderate,10,2025-08-13,Content Marketing Assessment,4
61909221,investment planning,economics,survey,Simple,9,2025-05-20,Investment Planning Survey,3
61909222,portfolio management,economics,survey,Complex,6,2024-12-11,Portfolio Management Survey,8
61909223,brand management,marketing,survey,Complex,14,2025-02-09,Brand Management Survey,9
61909224,digital marketing,marketing,application,Simple,9,2025-06-14,Digital Marketing Application,8
61909225,market analysis,economics,assessment,Complex,12,2025-04-30,Market Analysis Assessment,8
61909226,market analysis,economics,survey,Moderate,13,2025-02-27,Market Analysis Survey,5
61909227,portfolio management,economics,survey,Simple,6,2025-06-07,Portfolio Management Survey,3
61909228,cloud computing,it,application,Moderate,8,2025-03-01,Cloud Computing Application,3
61909229,web development,it,survey,Moderate,5,2025-01-03,Web Development Survey,3
61909230,financial modeling,economics,application,Moderate,5,2025-08-28,Financial Modeling Application,3
61909231,brand management,marketing,registration,Moderate,13,2025-03-30,Brand Management Registration,4
61909232,web development,it,assessment,Simple,10,2025-02-27,Web Development Assessment,6
61909233,cloud computing,it,survey,Complex,13,2025-08-27,Cloud Computing Survey,5
61909234,financial modeling,economics,assessment,Moderate,5,2025-05-20,Financial Modeling Assessment,4
61909235,investment planning,economics,registration,Simple,9,2025-08-04,Investment Planning Registration,4
61909236,brand management,marketing,assessment,Moderate,7,2025-09-08,Brand Management Assessment,10
61909237,brand management,marketing,registration,Simple,7,2025-03-07,Brand Management Registration,9
61909238,web development,it,assessment,Complex,5,2025-01-20,Web Development Assessment,6
61909239,investment planning,economics,registration,Complex,7,2025-07-23,Investment Planning Registration,7
61909240,web development,it,survey,Simple,6,2024-10-25,Web Development Survey,10
61909241,cybersecurity,it,survey,Moderate,15,2025-05-16,Cybersecurity Survey,3
61909242,financial modeling,economics,registration,Moderate,7,2025-09-19,Financial Modeling Registration,6
61909243,content marketing,marketing,registration,Moderate,12,2025-08-11,Content Marketing Registration,12
61909244,investment planning,economics,application,Moderate,9,2025-04-20,Investment Planning Application,11
61909245,cloud computing,it,application,Moderate,9,2024-12-12,Cloud Computing Application,8
61909246,cybersecurity,it,application,Complex,7,2025-06-05,Cybersecurity Application,9
61909247,market analysis,economics,assessment,Moderate,15,2025-08-31,Market Analysis Assessment,7
61909248,financial modeling,economics,application,Simple,5,2025-09-01,Financial Modeling Application,5
61909249,portfolio management,economics,registration,Complex,6,2025-07-01,Portfolio Management Registration,4
61909250,social media,marketing,assessment,Simple,13,2025-10-03,Social Media Assessment,10
61909251,cloud computing,it,survey,Simple,6,2024-11-21,Cloud Computing Survey,3
61909252,portfolio management,economics,assessment,Simple,9,2025-07-27,Portfolio Management Assessment,3
61909253,brand management,marketing,registration,Simple,15,2025-06-26,Brand Management Registration,10
61909254,cybersecurity,it,application,Complex,6,2025-02-02,Cybersecurity Application,5
61909255,market analysis,economics,assessment,Simple,14,2025-02-23,Market Analysis Assessment,4
61909256,market analysis,economics,survey,Complex,12,2025-04-14,Market Analysis Survey,7
61909257,web development,it,application,Simple,13,2025-08-15,Web Development Application,3
61909258,cybersecurity,it,registration,Simple,9,2025-04-01,Cybersecurity Registration,12
61909259,brand management,marketing,application,Simple,14,2025-09-05,Brand Management Application,9
61909260,content marketing,marketing,survey,Moderate,13,2025-07-06,Content Marketing Survey,11
61909261,financial modeling,economics,survey,Simple,5,2025-04-17,Financial Modeling Survey,11
61909262,investment planning,economics,application,Complex,14,2024-11-30,Investment Planning Application,6
61909263,content marketing,marketing,application,Complex,11,2025-04-01,Content Marketing Application,8
61909264,cloud computing,it,survey,Moderate,8,2025-10-23,Cloud Computing Survey,9
61909265,investment planning,economics,survey,Moderate,8,2025-09-04,Investment Planning Survey,10
61909266,investment planning,economics,application,Moderate,13,2025-02-05,Investment Planning Application,4
61909267,data science,it,assessment,Complex,13,2025-04-20,Data Science Assessment,9
61909268,portfolio management,economics,assessment,Simple,12,2025-02-06,Portfolio Management Assessment,8
61909269,machine learning,it,application,Simple,12,2025-05-14,Machine Learning Application,10
61909270,machine learning,it,registration,Simple,10,2025-04-06,Machine Learning Registration,9
61909271,social media,marketing,assessment,Moderate,14,2025-05-03,Social Media Assessment,12
61909272,machine learning,it,application,Complex,10,2024-11-02,Machine Learning Application,12
61909273,investment planning,economics,registration,Moderate,7,2025-05-05,Investment Planning Registration,3
61909274,cybersecurity,it,registration,Complex,6,2025-01-29,Cybersecurity Registration,6
61909275,investment planning,economics,assessment,Moderate,11,2025-06-07,Investment Planning Assessment,9
61909276,web development,it,registration,Complex,14,2025-07-20,Web Development Registration,3
61909277,web development,it,registration,Simple,14,2025-01-26,Web Development Registration,10
61909278,portfolio management,economics,survey,Moderate,8,2025-05-25,Portfolio Management Survey,4
61909279,social media,marketing,registration,Moderate,8,2025-02-24,Social Media Registration,6
61909280,financial modeling,economics,survey,Moderate,14,2025-05-22,Financial Modeling Survey,4
61909281,brand management,marketing,survey,Complex,9,2025-05-10,Brand Management Survey,11
61909282,portfolio management,economics,survey,Complex,5,2025-04-06,Portfolio Management Survey,7
61909283,investment planning,economics,survey,Simple,10,2025-06-17,Investment Planning Survey,3
61909284,financial modeling,economics,registration,Moderate,15,2025-07-13,Financial Modeling Registration,5
61909285,cybersecurity,it,survey,Complex,6,2025-08-29,Cybersecurity Survey,9
61909286,investment planning,economics,application,Complex,7,2025-03-18,Investment Planning Application,10
61909287,investment planning,economics,assessment,Simple,14,2025-06-18,Investment Planning Assessment,10
61909288,web development,it,application,Complex,9,2025-10-21,Web Development Application,7
61909289,data science,it,assessment,Simple,10,2025-07-05,Data Science Assessment,12
61909290,machine learning,it,registration,Simple,10,2025-06-23,Machine Learning Registration,12
61909291,brand management,marketing,application,Moderate,13,2025-05-13,Brand Management Application,11
61909292,cybersecurity,it,application,Simple,11,2025-09-23,Cybersecurity Application,3
61909293,portfolio management,economics,survey,Moderate,13,2024-12-27,Portfolio Management Survey,12
61909294,cybersecurity,it,survey,Moderate,10,2024-10-25,Cybersecurity Survey,12
61909295,content marketing,marketing,registration,Moderate,8,2025-09-06,Content Marketing Registration,5
61909296,cybersecurity,it,application,Complex,13,2025-08-11,Cybersecurity Application,8
61909297,social media,marketing,survey,Moderate,13,2025-08-09,Social Media Survey,3
61909298,content marketing,marketing,registration,Moderate,9,2025-05-06,Content Marketing Registration,8
61909299,portfolio management,economics,registration,Moderate,9,2025-07-28,Portfolio Management Registration,12
61909300,portfolio management,economics,assessment,Moderate,8,2024-11-15,Portfolio Management Assessment,6
61909301,social media,marketing,application,Moderate,13,2025-05-12,Social Media Application,6
61909302,data science,it,registration,Simple,10,2025-07-01,Data Science Registration,10
61909303,market analysis,economics,survey,Complex,8,2025-06-05,Market Analysis Survey,7
61909304,web development,it,application,Simple,6,2025-06-19,Web Development Application,6
61909305,investment planning,economics,assessment,Simple,5,2025-08-04,Investment Planning Assessment,10
61909306,portfolio management,economics,registration,Simple,6,2024-11-21,Portfolio Management Registration,4
61909307,digital marketing,marketing,survey,Complex,15,2024-11-22,Digital Marketing Survey,11
61909308,cloud computing,it,registration,Simple,8,2025-07-13,Cloud Computing Registration,7
61909309,social media,marketing,assessment,Complex,14,2025-08-14,Social Media Assessment,11
61909310,digital marketing,marketing,assessment,Simple,7,2025-08-18,Digital Marketing Assessment,9
61909311,data science,it,assessment,Simple,6,2025-03-05,Data Science Assessment,5
61909312,data science,it,assessment,Moderate,11,2025-07-30,Data Science Assessment,7
61909313,financial modeling,economics,assessment,Moderate,11,2025-05-19,Financial Modeling Assessment,12
61909314,financial modeling,economics,survey,Complex,7,2025-06-13,Financial Modeling Survey,5
61909315,portfolio management,economics,registration,Complex,11,2025-04-13,Portfolio Management Registration,11
61909316,cybersecurity,it,registration,Simple,9,2024-12-30,Cybersecurity Registration,5
61909317,investment planning,economics,application,Complex,13,2025-06-02,Investment Planning Application,11
61909318,machine learning,it,assessment,Simple,12,2025-06-19,Machine Learning Assessment,11
61909319,machine learning,it,registration,Simple,7,2025-03-13,Machine Learning Registration,4
61909320,brand management,marketing,assessment,Simple,13,2025-08-12,Brand Management Assessment,10
61909321,web development,it,application,Moderate,12,2025-06-23,Web Development Application,3
61909322,portfolio management,economics,survey,Moderate,5,2025-01-26,Portfolio Management Survey,6
61909323,cybersecurity,it,assessment,Complex,10,2025-07-04,Cybersecurity Assessment,10
61909324,content marketing,marketing,application,Simple,7,2024-11-29,Content Marketing Application,7
61909325,digital marketing,marketing,assessment,Moderate,7,2024-11-18,Digital Marketing Assessment,9
61909326,market analysis,economics,survey,Complex,7,2025-03-06,Market Analysis Survey,5
61909327,investment planning,economics,registration,Complex,5,2025-01-22,Investment Planning Registration,9
61909328,brand management,marketing,application,Complex,14,2025-02-14,Brand Management Application,7
61909329,web development,it,assessment,Simple,12,2025-04-11,Web Development Assessment,6
61909330,market analysis,economics,application,Moderate,9,2024-12-12,Market Analysis Application,8
61909331,market analysis,economics,application,Moderate,6,2025-06-26,Market Analysis Application,6
61909332,social media,marketing,registration,Simple,10,2025-03-02,Social Media Registration,4
61909333,market analysis,economics,registration,Complex,9,2025-09-18,Market Analysis Registration,7
61909334,financial modeling,economics,registration,Complex,15,2025-04-11,Financial Modeling Registration,5
61909335,content marketing,marketing,registration,Simple,15,2025-04-17,Content Marketing Registration,8
61909336,web development,it,assessment,Simple,5,2025-08-27,Web Development Assessment,6
61909337,cloud computing,it,registration,Simple,10,2025-07-19,Cloud Computing Registration,12
61909338,content marketing,marketing,registration,Complex,13,2025-02-02,Content Marketing Registration,3
61909339,brand management,marketing,assessment,Complex,10,2025-06-24,Brand Management Assessment,12
61909340,data science,it,survey,Moderate,13,2025-07-05,Data Science Survey,10
61909341,investment planning,economics,application,Complex,14,2025-10-23,Investment Planning Application,3
61909342,financial modeling,economics,survey,Moderate,6,2025-02-14,Financial Modeling Survey,12
61909343,digital marketing,marketing,registration,Simple,9,2025-10-20,Digital Marketing Registration,4
61909344,investment planning,economics,assessment,Simple,8,2024-11-15,Investment Planning Assessment,10
61909345,brand management,marketing,registration,Simple,13,2025-01-09,Brand Management Registration,7
61909346,brand management,marketing,application,Simple,9,2025-02-13,Brand Management Application,12
61909347,data science,it,assessment,Simple,15,2025-08-02,Data Science Assessment,4
61909348,portfolio management,economics,survey,Moderate,15,2025-10-13,Portfolio Management Survey,3
61909349,cybersecurity,it,assessment,Complex,5,2025-08-19,Cybersecurity Assessment,8
61909350,cybersecurity,it,application,Simple,14,2025-06-30,Cybersecurity Application,10
61909351,financial modeling,economics,survey,Complex,12,2025-07-30,Financial Modeling Survey,11
61909352,social media,marketing,assessment,Moderate,15,2024-11-02,Social Media Assessment,7
61909353,market analysis,economics,assessment,Moderate,12,2024-11-16,Market Analysis Assessment,7
61909354,social media,marketing,assessment,Complex,6,2025-06-21,Social Media Assessment,9
61909355,financial modeling,economics,survey,Complex,13,2025-03-30,Financial Modeling Survey,11
61909356,portfolio management,economics,assessment,Complex,7,2025-06-30,Portfolio Management Assessment,6
61909357,investment planning,economics,survey,Moderate,8,2025-04-19,Investment Planning Survey,4
61909358,digital marketing,marketing,application,Complex,11,2025-02-26,Digital Marketing Application,9
61909359,portfolio management,economics,survey,Complex,8,2025-06-16,Portfolio Management Survey,6
61909360,web development,it,application,Simple,10,2025-09-10,Web Development Application,3
61909361,brand management,marketing,survey,Simple,9,2025-10-15,Brand Management Survey,10
61909362,data science,it,assessment,Simple,5,2025-05-04,Data Science Assessment,6
61909363,content marketing,marketing,assessment,Complex,11,2025-10-07,Content Marketing Assessment,6
61909364,brand management,marketing,registration,Simple,15,2025-04-14,Brand Management Registration,11
61909365,market analysis,economics,assessment,Complex,7,2025-06-11,Market Analysis Assessment,9
61909366,social media,marketing,application,Complex,6,2025-09-15,Social Media Application,5
61909367,financial modeling,economics,survey,Simple,9,2024-10-31,Financial Modeling Survey,4
61909368,financial modeling,economics,application,Moderate,6,2025-07-18,Financial Modeling Application,3
61909369,brand management,marketing,assessment,Simple,7,2024-12-03,Brand Management Assessment,12
61909370,market analysis,economics,registration,Moderate,12,2025-05-13,Market Analysis Registration,8
61909371,financial modeling,economics,application,Moderate,9,2025-10-05,Financial Modeling Application,7
61909372,market analysis,economics,survey,Complex,10,2025-10-16,Market Analysis Survey,8
61909373,data science,it,survey,Moderate,5,2025-10-09,Data Science Survey,3
61909374,brand management,marketing,assessment,Complex,13,2025-10-17,Brand Management Assessment,6
61909375,data science,it,registration,Simple,7,2025-09-28,Data Science Registration,7
61909376,cybersecurity,it,survey,Complex,15,2024-12-10,Cybersecurity Survey,7
61909377,web development,it,application,Simple,10,2025-07-25,Web Development Application,10
61909378,data science,it,survey,Simple,13,2025-08-04,Data Science Survey,6
61909379,cybersecurity,it,assessment,Complex,7,2025-01-26,Cybersecurity Assessment,5
61909380,financial modeling,economics,assessment,Complex,8,2025-04-01,Financial Modeling Assessment,6
61909381,market analysis,economics,registration,Moderate,14,2025-01-11,Market Analysis Registration,8
61909382,financial modeling,economics,registration,Moderate,12,2025-06-15,Financial Modeling Registration,8
61909383,investment planning,economics,registration,Complex,15,2025-10-04,Investment Planning Registration,11
61909384,digital marketing,marketing,assessment,Moderate,11,2025-03-10,Digital Marketing Assessment,4
61909385,market analysis,economics,application,Simple,6,2025-09-07,Market Analysis Application,3
61909386,data science,it,registration,Complex,5,2024-12-18,Data Science Registration,7
61909387,data science,it,survey,Complex,12,2025-10-03,Data Science Survey,7
61909388,cybersecurity,it,assessment,Complex,8,2025-02-25,Cybersecurity Assessment,5
61909389,cloud computing,it,registration,Simple,11,2025-07-11,Cloud Computing Registration,5
61909390,content marketing,marketing,survey,Simple,6,2025-08-31,Content Marketing Survey,10
61909391,investment planning,economics,registration,Complex,15,2025-03-28,Investment Planning Registration,6
61909392,social media,marketing,registration,Simple,14,2024-12-22,Social Media Registration,11
61909393,social media,marketing,registration,Complex,7,2025-01-12,Social Media Registration,3
61909394,financial modeling,economics,survey,Moderate,10,2025-06-13,Financial Modeling Survey,11
61909395,social media,marketing,application,Simple,6,2025-06-09,Social Media Application,8
61909396,social media,marketing,registration,Complex,9,2025-10-03,Social Media Registration,12
61909397,brand management,marketing,survey,Simple,5,2025-01-17,Brand Management Survey,10
61909398,data science,it,registration,Simple,12,2024-10-29,Data Science Registration,12
61909399,web development,it,assessment,Moderate,9,2025-06-20,Web Development Assessment,5
61909400,investment planning,economics,survey,Simple,15,2025-08-21,Investment Planning Survey,11
61909401,data science,it,assessment,Complex,12,2025-04-13,Data Science Assessment,6
61909402,social media,marketing,application,Moderate,15,2025-02-19,Social Media Application,3
61909403,machine learning,it,assessment,Complex,10,2025-10-16,Machine Learning Assessment,9
61909404,cybersecurity,it,survey,Moderate,11,2025-01-11,Cybersecurity Survey,7
61909405,market analysis,economics,registration,Complex,11,2025-07-12,Market Analysis Registration,11
61909406,cloud computing,it,assessment,Complex,13,2025-08-02,Cloud Computing Assessment,10
61909407,digital marketing,marketing,assessment,Complex,9,2025-03-28,Digital Marketing Assessment,10
61909408,social media,marketing,assessment,Simple,5,2025-03-20,Social Media Assessment,6
61909409,machine learning,it,application,Simple,8,2025-09-25,Machine Learning Application,3
61909410,data science,it,application,Simple,9,2025-02-08,Data Science Application,7
61909411,web development,it,registration,Moderate,14,2025-08-22,Web Development Registration,7
61909412,machine learning,it,survey,Simple,13,2025-04-14,Machine Learning Survey,11
61909413,content marketing,marketing,registration,Moderate,7,2025-07-23,Content Marketing Registration,6
61909414,machine learning,it,survey,Moderate,13,2025-04-15,Machine Learning Survey,7
61909415,investment planning,economics,assessment,Moderate,7,2025-01-15,Investment Planning Assessment,9
61909416,brand management,marketing,registration,Moderate,14,2025-08-31,Brand Management Registration,10
61909417,investment planning,economics,registration,Simple,14,2025-09-27,Investment Planning Registration,4
61909418,machine learning,it,assessment,Simple,15,2025-09-14,Machine Learning Assessment,4
61909419,machine learning,it,registration,Complex,13,2025-04-10,Machine Learning Registration,6
61909420,market analysis,economics,application,Moderate,10,2025-06-03,Market Analysis Application,8
61909421,cybersecurity,it,application,Complex,12,2025-04-03,Cybersecurity Application,8
61909422,investment planning,economics,application,Simple,6,2024-11-23,Investment Planning Application,6
61909423,web development,it,application,Simple,14,2025-01-08,Web Development Application,7
61909424,web development,it,registration,Complex,15,2025-06-01,Web Development Registration,5
61909425,portfolio management,economics,assessment,Complex,12,2025-07-14,Portfolio Management Assessment,10
61909426,content marketing,marketing,survey,Moderate,10,2025-02-25,Content Marketing Survey,11
61909427,cloud computing,it,registration,Moderate,13,2025-03-22,Cloud Computing Registration,10
61909428,market analysis,economics,assessment,Moderate,13,2025-06-19,Market Analysis Assessment,8
61909429,financial modeling,economics,application,Moderate,7,2024-11-12,Financial Modeling Application,3
61909430,brand management,marketing,assessment,Moderate,14,2025-02-12,Brand Management Assessment,5
61909431,cybersecurity,it,application,Simple,15,2024-12-30,Cybersecurity Application,12
61909432,cloud computing,it,assessment,Complex,6,2025-06-11,Cloud Computing Assessment,12
61909433,market analysis,economics,application,Moderate,15,2025-07-27,Market Analysis Application,9
61909434,market analysis,economics,registration,Simple,15,2025-04-11,Market Analysis Registration,5
61909435,financial modeling,economics,survey,Simple,14,2025-02-19,Financial Modeling Survey,6
61909436,cybersecurity,it,assessment,Complex,12,2024-10-27,Cybersecurity Assessment,8
61909437,machine learning,it,survey,Simple,8,2025-10-25,Machine Learning Survey,5
61909438,content marketing,marketing,survey,Moderate,14,2025-06-03,Content Marketing Survey,5
61909439,financial modeling,economics,assessment,Simple,12,2025-07-12,Financial Modeling Assessment,11
61909440,market analysis,economics,registration,Simple,13,2025-03-24,Market Analysis Registration,5
61909441,social media,marketing,registration,Simple,15,2025-10-16,Social Media Registration,5
61909442,cloud computing,it,registration,Moderate,12,2025-08-14,Cloud Computing Registration,5
61909443,financial modeling,economics,registration,Moderate,7,2025-10-25,Financial Modeling Registration,11
61909444,social media,marketing,assessment,Complex,9,2025-08-13,Social Media Assessment,8
61909445,web development,it,assessment,Complex,9,2025-07-22,Web Development Assessment,3
61909446,brand management,marketing,assessment,Moderate,15,2025-10-05,Brand Management Assessment,5
61909447,web development,it,survey,Complex,10,2025-09-01,Web Development Survey,5
61909448,market analysis,economics,assessment,Moderate,8,2024-11-08,Market Analysis Assessment,12
61909449,investment planning,economics,survey,Complex,9,2025-10-14,Investment Planning Survey,8
61909450,web development,it,assessment,Moderate,7,2025-08-27,Web Development Assessment,7
61909451,cloud computing,it,survey,Complex,9,2024-11-03,Cloud Computing Survey,9
61909452,content marketing,marketing,assessment,Moderate,12,2025-04-05,Content Marketing Assessment,10
61909453,financial modeling,economics,assessment,Simple,15,2024-11-20,Financial Modeling Assessment,10
61909454,brand management,marketing,registration,Moderate,5,2025-05-12,Brand Management Registration,11
61909455,content marketing,marketing,assessment,Moderate,15,2025-06-13,Content Marketing Assessment,4
61909456,digital marketing,marketing,survey,Complex,14,2024-12-23,Digital Marketing Survey,5
61909457,investment planning,economics,assessment,Moderate,13,2025-01-08,Investment Planning Assessment,6
61909458,data science,it,survey,Complex,9,2025-03-13,Data Science Survey,4
61909459,brand management,marketing,registration,Moderate,6,2025-08-25,Brand Management Registration,4
61909460,portfolio management,economics,application,Moderate,9,2025-08-20,Portfolio Management Application,7
61909461,financial modeling,economics,assessment,Complex,7,2025-08-23,Financial Modeling Assessment,3
61909462,web development,it,survey,Complex,9,2025-07-18,Web Development Survey,12
61909463,investment planning,economics,assessment,Moderate,8,2025-08-09,Investment Planning Assessment,4
61909464,cybersecurity,it,application,Simple,9,2025-03-14,Cybersecurity Application,10
61909465,machine learning,it,application,Simple,10,2025-02-28,Machine Learning Application,12
61909466,content marketing,marketing,assessment,Complex,14,2025-09-05,Content Marketing Assessment,12
61909467,digital marketing,marketing,application,Simple,14,2025-08-26,Digital Marketing Application,12
61909468,content marketing,marketing,assessment,Complex,11,2025-08-19,Content Marketing Assessment,7
61909469,data science,it,survey,Moderate,13,2025-09-07,Data Science Survey,10
61909470,investment planning,economics,survey,Simple,7,2025-06-16,Investment Planning Survey,12
61909471,brand management,marketing,registration,Moderate,6,2025-02-26,Brand Management Registration,4
61909472,machine learning,it,application,Simple,13,2025-03-03,Machine Learning Application,10
61909473,market analysis,economics,assessment,Simple,7,2024-12-10,Market Analysis Assessment,4
61909474,digital marketing,marketing,registration,Simple,10,2025-01-08,Digital Marketing Registration,8
61909475,investment planning,economics,registration,Simple,10,2025-10-14,Investment Planning Registration,12
61909476,content marketing,marketing,registration,Complex,15,2024-12-22,Content Marketing Registration,7
61909477,portfolio management,economics,registration,Moderate,7,2024-12-23,Portfolio Management Registration,12
61909478,machine learning,it,application,Complex,10,2025-07-29,Machine Learning Application,7
61909479,investment planning,economics,application,Moderate,6,2024-12-20,Investment Planning Application,4
61909480,cybersecurity,it,application,Simple,15,2025-02-26,Cybersecurity Application,11
61909481,web development,it,registration,Moderate,6,2025-01-31,Web Development Registration,6
61909482,social media,marketing,assessment,Complex,11,2025-05-12,Social Media Assessment,8
61909483,market analysis,economics,assessment,Moderate,8,2025-04-20,Market Analysis Assessment,6
61909484,digital marketing,marketing,assessment,Moderate,9,2024-12-20,Digital Marketing Assessment,10
61909485,brand management,marketing,registration,Moderate,13,2025-09-09,Brand Management Registration,10
61909486,market analysis,economics,survey,Simple,13,2025-02-27,Market Analysis Survey,8
61909487,portfolio management,economics,application,Moderate,7,2025-08-28,Portfolio Management Application,12
61909488,social media,marketing,survey,Complex,5,2025-08-17,Social Media Survey,12
61909489,investment planning,economics,application,Moderate,8,2024-11-08,Investment Planning Application,6
61909490,digital marketing,marketing,registration,Moderate,12,2025-03-04,Digital Marketing Registration,4
61909491,cybersecurity,it,survey,Simple,5,2025-04-04,Cybersecurity Survey,10
61909492,data science,it,registration,Moderate,15,2025-08-28,Data Science Registration,12
61909493,social media,marketing,assessment,Simple,6,2025-09-03,Social Media Assessment,7
61909494,cybersecurity,it,application,Complex,9,2024-12-05,Cybersecurity Application,9
61909495,web development,it,application,Complex,13,2025-05-16,Web Development Application,5
61909496,machine learning,it,assessment,Simple,12,2025-02-23,Machine Learning Assessment,9
61909497,web development,it,application,Complex,6,2024-11-23,Web Development Application,7
61909498,web development,it,registration,Simple,12,2025-05-08,Web Development Registration,11
61909499,market analysis,economics,registration,Moderate,15,2024-11-23,Market Analysis Registration,10
61909500,data science,it,assessment,Complex,6,2025-09-22,Data Science Assessment,3
61909501,cybersecurity,it,survey,Simple,7,2024-11-30,Cybersecurity Survey,6
61909502,financial modeling,economics,survey,Simple,13,2025-07-02,Financial Modeling Survey,8
61909503,brand management,marketing,assessment,Simple,6,2025-01-25,Brand Management Assessment,6
61909504,content marketing,marketing,application,Simple,11,2024-11-18,Content Marketing Application,8
61909505,portfolio management,economics,application,Simple,7,2025-09-09,Portfolio Management Application,6
61909506,financial modeling,economics,application,Simple,15,2024-12-04,Financial Modeling Application,6
61909507,digital marketing,marketing,registration,Moderate,6,2025-03-04,Digital Marketing Registration,6
61909508,financial modeling,economics,survey,Complex,9,2024-10-30,Financial Modeling Survey,7
61909509,investment planning,economics,registration,Simple,7,2025-08-23,Investment Planning Registration,9
61909510,web development,it,registration,Moderate,9,2025-05-26,Web Development Registration,5
61909511,content marketing,marketing,registration,Moderate,5,2025-01-17,Content Marketing Registration,12
61909512,data science,it,registration,Simple,12,2025-08-24,Data Science Registration,6
61909513,portfolio management,economics,application,Simple,15,2025-07-21,Portfolio Management Application,11
61909514,web development,it,assessment,Moderate,13,2025-08-01,Web Development Assessment,7
61909515,cloud computing,it,application,Complex,15,2025-09-11,Cloud Computing Application,10
61909516,portfolio management,economics,survey,Complex,6,2025-09-07,Portfolio Management Survey,9
61909517,portfolio management,economics,survey,Simple,6,2025-10-09,Portfolio Management Survey,10
61909518,cloud computing,it,survey,Complex,5,2025-09-01,Cloud Computing Survey,12
61909519,market analysis,economics,assessment,Complex,12,2024-11-21,Market Analysis Assessment,4
61909520,investment planning,economics,registration,Complex,13,2025-02-17,Investment Planning Registration,12
61909521,content marketing,marketing,survey,Moderate,11,2025-07-20,Content Marketing Survey,9
61909522,cybersecurity,it,survey,Simple,14,2024-12-07,Cybersecurity Survey,3
61909523,investment planning,economics,registration,Complex,10,2024-11-13,Investment Planning Registration,8
61909524,digital marketing,marketing,assessment,Moderate,7,2025-04-24,Digital Marketing Assessment,6
61909525,data science,it,assessment,Simple,12,2025-01-09,Data Science Assessment,3
61909526,social media,marketing,registration,Complex,11,2025-07-15,Social Media Registration,8
61909527,portfolio management,economics,registration,Simple,8,2025-09-19,Portfolio Management Registration,11
61909528,social media,marketing,assessment,Simple,14,2025-07-29,Social Media Assessment,7
61909529,machine learning,it,application,Complex,14,2025-01-08,Machine Learning Application,9
61909530,data science,it,application,Moderate,6,2025-03-21,Data Science Application,7
61909531,social media,marketing,assessment,Moderate,6,2025-09-19,Social Media Assessment,10
61909532,cloud computing,it,application,Simple,12,2025-07-03,Cloud Computing Application,4
61909533,financial modeling,economics,application,Complex,11,2025-05-23,Financial Modeling Application,9
61909534,market analysis,economics,registration,Complex,10,2025-04-12,Market Analysis Registration,8
61909535,cybersecurity,it,assessment,Simple,6,2025-06-19,Cybersecurity Assessment,9
61909536,cloud computing,it,survey,Simple,10,2025-05-03,Cloud Computing Survey,8
61909537,digital marketing,marketing,survey,Simple,11,2024-12-29,Digital Marketing Survey,10
61909538,portfolio management,economics,registration,Complex,14,2025-09-10,Portfolio Management Registration,7
61909539,web development,it,registration,Moderate,15,2025-05-11,Web Development Registration,8
61909540,investment planning,economics,application,Complex,11,2025-06-24,Investment Planning Application,5
61909541,content marketing,marketing,registration,Simple,7,2025-04-08,Content Marketing Registration,8
61909542,financial modeling,economics,survey,Complex,5,2024-11-09,Financial Modeling Survey,10
61909543,brand management,marketing,survey,Simple,12,2025-03-14,Brand Management Survey,8
61909544,investment planning,economics,assessment,Complex,15,2025-07-01,Investment Planning Assessment,12
61909545,portfolio management,economics,survey,Simple,7,2025-05-11,Portfolio Management Survey,9
61909546,machine learning,it,survey,Complex,5,2024-11-15,Machine Learning Survey,12
61909547,social media,marketing,application,Complex,12,2025-10-23,Social Media Application,3
61909548,web development,it,survey,Simple,9,2024-11-14,Web Development Survey,9
61909549,cybersecurity,it,assessment,Complex,12,2025-06-03,Cybersecurity Assessment,10
61909550,investment planning,economics,assessment,Moderate,14,2025-05-26,Investment Planning Assessment,7
61909551,cybersecurity,it,application,Simple,13,2025-09-02,Cybersecurity Application,10
61909552,market analysis,economics,registration,Complex,8,2025-03-25,Market Analysis Registration,12
61909553,cybersecurity,it,application,Simple,11,2025-08-28,Cybersecurity Application,9
61909554,cybersecurity,it,survey,Complex,12,2025-08-06,Cybersecurity Survey,7
61909555,data science,it,survey,Complex,7,2025-09-17,Data Science Survey,4
61909556,cloud computing,it,assessment,Complex,6,2025-07-10,Cloud Computing Assessment,5
61909557,cloud computing,it,assessment,Moderate,8,2025-02-03,Cloud Computing Assessment,7
61909558,digital marketing,marketing,survey,Moderate,9,2025-09-11,Digital Marketing Survey,5
61909559,financial modeling,economics,application,Simple,15,2025-06-25,Financial Modeling Application,9
61909560,cybersecurity,it,registration,Complex,15,2025-05-20,Cybersecurity Registration,5
61909561,digital marketing,marketing,survey,Moderate,12,2025-09-20,Digital Marketing Survey,6
61909562,portfolio management,economics,assessment,Complex,14,2025-09-19,Portfolio Management Assessment,3
61909563,content marketing,marketing,survey,Complex,15,2025-10-01,Content Marketing Survey,8
61909564,machine learning,it,assessment,Moderate,9,2024-11-26,Machine Learning Assessment,10
61909565,brand management,marketing,assessment,Simple,10,2024-12-01,Brand Management Assessment,8
61909566,data science,it,survey,Moderate,14,2025-08-21,Data Science Survey,3
61909567,portfolio management,economics,application,Simple,14,2024-11-07,Portfolio Management Application,7
61909568,cybersecurity,it,survey,Simple,9,2025-07-22,Cybersecurity Survey,9
61909569,portfolio management,economics,registration,Moderate,13,2024-12-28,Portfolio Management Registration,4
61909570,digital marketing,marketing,assessment,Simple,10,2025-06-19,Digital Marketing Assessment,9
61909571,social media,marketing,application,Simple,6,2025-06-13,Social Media Application,7
61909572,web development,it,registration,Simple,9,2025-08-05,Web Development Registration,6
61909573,web development,it,assessment,Simple,8,2025-07-20,Web Development Assessment,10
61909574,investment planning,economics,assessment,Complex,9,2024-12-18,Investment Planning Assessment,3
61909575,market analysis,economics,application,Moderate,12,2025-07-29,Market Analysis Application,12
61909576,cybersecurity,it,survey,Simple,11,2025-02-20,Cybersecurity Survey,8
61909577,web development,it,registration,Simple,5,2025-08-13,Web Development Registration,5
61909578,machine learning,it,application,Moderate,9,2025-05-18,Machine Learning Application,10
61909579,web development,it,assessment,Simple,12,2025-07-21,Web Development Assessment,4
61909580,content marketing,marketing,assessment,Complex,10,2025-02-02,Content Marketing Assessment,8
61909581,cybersecurity,it,survey,Simple,14,2024-11-14,Cybersecurity Survey,8
61909582,financial modeling,economics,survey,Moderate,11,2025-05-13,Financial Modeling Survey,9
61909583,cloud computing,it,assessment,Simple,15,2024-11-30,Cloud Computing Assessment,4
61909584,brand management,marketing,application,Complex,13,2024-12-17,Brand Management Application,12
61909585,brand management,marketing,assessment,Moderate,7,2025-03-02,Brand Management Assessment,7
61909586,cybersecurity,it,survey,Simple,6,2024-10-26,Cybersecurity Survey,6
61909587,machine learning,it,survey,Simple,11,2025-05-13,Machine Learning Survey,11
61909588,content marketing,marketing,application,Simple,15,2025-10-11,Content Marketing Application,8
61909589,brand management,marketing,application,Simple,9,2025-02-18,Brand Management Application,11
61909590,financial modeling,economics,assessment,Simple,7,2025-06-17,Financial Modeling Assessment,3
61909591,social media,marketing,survey,Simple,8,2025-09-27,Social Media Survey,8
61909592,data science,it,survey,Simple,6,2025-05-29,Data Science Survey,11
61909593,cybersecurity,it,application,Complex,8,2025-05-03,Cybersecurity Application,6
61909594,financial modeling,economics,registration,Moderate,12,2025-05-11,Financial Modeling Registration,3
61909595,cybersecurity,it,assessment,Simple,8,2025-10-25,Cybersecurity Assessment,3
61909596,data science,it,registration,Simple,14,2025-08-04,Data Science Registration,5
61909597,investment planning,economics,assessment,Simple,13,2025-08-15,Investment Planning Assessment,9
61909598,social media,marketing,assessment,Moderate,5,2024-12-26,Social Media Assessment,9
61909599,cloud computing,it,survey,Moderate,14,2025-02-07,Cloud Computing Survey,8
61909600,portfolio management,economics,assessment,Complex,12,2025-03-31,Portfolio Management Assessment,12
61909601,financial modeling,economics,registration,Simple,8,2025-04-08,Financial Modeling Registration,7
61909602,web development,it,application,Complex,6,2025-06-24,Web Development Application,11
61909603,content marketing,marketing,application,Moderate,8,2025-01-18,Content Marketing Application,5
61909604,market analysis,economics,assessment,Complex,6,2025-07-22,Market Analysis Assessment,8
61909605,social media,marketing,application,Complex,6,2024-11-11,Social Media Application,10
61909606,digital marketing,marketing,assessment,Complex,13,2024-12-17,Digital Marketing Assessment,4
61909607,market analysis,economics,application,Complex,9,2025-02-28,Market Analysis Application,3
61909608,machine learning,it,survey,Moderate,7,2025-10-24,Machine Learning Survey,5
61909609,data science,it,assessment,Moderate,10,2025-07-18,Data Science Assessment,9
61909610,content marketing,marketing,application,Simple,9,2025-08-11,Content Marketing Application,5
61909611,financial modeling,economics,assessment,Simple,13,2025-10-02,Financial Modeling Assessment,8
61909612,investment planning,economics,survey,Complex,15,2025-06-17,Investment Planning Survey,6
61909613,web development,it,survey,Moderate,10,2024-12-26,Web Development Survey,7
61909614,digital marketing,marketing,assessment,Simple,8,2025-08-20,Digital Marketing Assessment,6
61909615,cloud computing,it,assessment,Simple,6,2025-08-18,Cloud Computing Assessment,11
61909616,data science,it,assessment,Complex,6,2025-01-03,Data Science Assessment,5
61909617,social media,marketing,assessment,Complex,14,2025-04-22,Social Media Assessment,3
61909618,portfolio management,economics,assessment,Simple,5,2025-05-13,Portfolio Management Assessment,10
61909619,cybersecurity,it,application,Complex,15,2024-11-10,Cybersecurity Application,6
61909620,brand management,marketing,survey,Moderate,8,2025-05-06,Brand Management Survey,4
61909621,brand management,marketing,registration,Simple,5,2024-11-08,Brand Management Registration,4
61909622,brand management,marketing,assessment,Moderate,6,2025-04-24,Brand Management Assessment,12
61909623,data science,it,application,Simple,7,2025-01-20,Data Science Application,10
61909624,investment planning,economics,survey,Simple,15,2025-09-24,Investment Planning Survey,8
61909625,market analysis,economics,assessment,Moderate,15,2024-12-07,Market Analysis Assessment,3
61909626,brand management,marketing,survey,Complex,7,2024-11-04,Brand Management Survey,12
61909627,content marketing,marketing,survey,Simple,10,2024-11-03,Content Marketing Survey,3
61909628,portfolio management,economics,survey,Moderate,6,2024-10-27,Portfolio Management Survey,10
61909629,digital marketing,marketing,application,Complex,13,2025-03-09,Digital Marketing Application,11
61909630,market analysis,economics,application,Moderate,13,2025-06-08,Market Analysis Application,6
61909631,market analysis,economics,application,Complex,9,2025-04-11,Market Analysis Application,12
61909632,machine learning,it,registration,Simple,15,2025-01-06,Machine Learning Registration,6
61909633,content marketing,marketing,assessment,Complex,15,2025-02-01,Content Marketing Assessment,7
61909634,portfolio management,economics,assessment,Simple,10,2025-07-01,Portfolio Management Assessment,10
61909635,content marketing,marketing,registration,Moderate,11,2025-03-04,Content Marketing Registration,10
61909636,investment planning,economics,application,Simple,5,2025-10-15,Investment Planning Application,5
61909637,cybersecurity,it,assessment,Complex,14,2025-03-08,Cybersecurity Assessment,5
61909638,social media,marketing,survey,Complex,15,2025-02-19,Social Media Survey,8
61909639,market analysis,economics,survey,Simple,6,2025-08-18,Market Analysis Survey,4
61909640,portfolio management,economics,survey,Moderate,5,2025-06-07,Portfolio Management Survey,7
61909641,brand management,marketing,survey,Simple,8,2025-06-12,Brand Management Survey,5
61909642,web development,it,application,Complex,14,2025-01-31,Web Development Application,6
61909643,brand management,marketing,survey,Simple,13,2025-10-01,Brand Management Survey,4
61909644,digital marketing,marketing,survey,Moderate,8,2024-12-22,Digital Marketing Survey,3
61909645,investment planning,economics,registration,Simple,7,2024-12-22,Investment Planning Registration,8
61909646,social media,marketing,assessment,Simple,9,2025-05-02,Social Media Assessment,3
61909647,brand management,marketing,application,Complex,15,2025-04-08,Brand Management Application,5
61909648,social media,marketing,survey,Moderate,11,2025-03-06,Social Media Survey,6
61909649,cloud computing,it,application,Complex,10,2025-10-18,Cloud Computing Application,10
61909650,content marketing,marketing,assessment,Complex,6,2025-10-15,Content Marketing Assessment,7
61909651,brand management,marketing,registration,Moderate,14,2025-08-26,Brand Management Registration,9
61909652,data science,it,assessment,Complex,9,2025-07-20,Data Science Assessment,7
61909653,cybersecurity,it,assessment,Complex,15,2025-05-30,Cybersecurity Assessment,6
61909654,investment planning,economics,survey,Moderate,15,2025-09-05,Investment Planning Survey,10
61909655,market analysis,economics,survey,Moderate,15,2025-09-13,Market Analysis Survey,5
61909656,cloud computing,it,registration,Moderate,14,2025-08-19,Cloud Computing Registration,12
61909657,investment planning,economics,assessment,Simple,8,2025-04-15,Investment Planning Assessment,6
61909658,portfolio management,economics,application,Complex,9,2025-10-20,Portfolio Management Application,10
61909659,digital marketing,marketing,survey,Moderate,8,2024-12-01,Digital Marketing Survey,12
61909660,market analysis,economics,application,Simple,11,2025-04-19,Market Analysis Application,12
61909661,portfolio management,economics,registration,Moderate,10,2024-11-28,Portfolio Management Registration,11
61909662,cloud computing,it,survey,Complex,5,2025-02-06,Cloud Computing Survey,3
61909663,web development,it,survey,Simple,14,2025-09-16,Web Development Survey,8
61909664,brand management,marketing,application,Moderate,12,2024-12-22,Brand Management Application,4
61909665,social media,marketing,application,Moderate,12,2024-12-10,Social Media Application,4
61909666,digital marketing,marketing,application,Simple,7,2025-04-04,Digital Marketing Application,5
61909667,financial modeling,economics,assessment,Complex,5,2025-07-31,Financial Modeling Assessment,9
61909668,cybersecurity,it,survey,Simple,6,2025-03-22,Cybersecurity Survey,12
61909669,financial modeling,economics,registration,Moderate,13,2024-12-05,Financial Modeling Registration,7
61909670,financial modeling,economics,assessment,Complex,10,2024-11-17,Financial Modeling Assessment,10
61909671,investment planning,economics,application,Simple,12,2024-12-04,Investment Planning Application,7
61909672,machine learning,it,survey,Complex,6,2024-12-07,Machine Learning Survey,10
61909673,web development,it,survey,Simple,11,2025-05-13,Web Development Survey,4
61909674,financial modeling,economics,assessment,Complex,5,2025-04-15,Financial Modeling Assessment,8
61909675,financial modeling,economics,registration,Simple,9,2025-10-20,Financial Modeling Registration,9
61909676,social media,marketing,registration,Simple,15,2025-04-09,Social Media Registration,3
61909677,content marketing,marketing,survey,Moderate,11,2025-01-12,Content Marketing Survey,9
61909678,data science,it,application,Simple,15,2025-09-21,Data Science Application,5
61909679,market analysis,economics,survey,Simple,13,2025-06-05,Market Analysis Survey,11
61909680,social media,marketing,assessment,Moderate,14,2025-08-29,Social Media Assessment,9
61909681,web development,it,assessment,Complex,8,2024-12-24,Web Development Assessment,11
61909682,market analysis,economics,registration,Complex,13,2025-03-16,Market Analysis Registration,6
61909683,cloud computing,it,survey,Simple,9,2025-07-05,Cloud Computing Survey,6
61909684,machine learning,it,application,Simple,15,2025-02-14,Machine Learning Application,6
61909685,content marketing,marketing,survey,Complex,8,2025-09-05,Content Marketing Survey,10
61909686,cybersecurity,it,assessment,Simple,9,2025-01-09,Cybersecurity Assessment,10
61909687,market analysis,economics,registration,Simple,7,2025-02-28,Market Analysis Registration,3
61909688,investment planning,economics,registration,Moderate,10,2025-06-17,Investment Planning Registration,7
61909689,cybersecurity,it,registration,Simple,9,2024-12-18,Cybersecurity Registration,4
61909690,financial modeling,economics,registration,Complex,11,2025-09-11,Financial Modeling Registration,6
61909691,portfolio management,economics,application,Complex,15,2024-11-08,Portfolio Management Application,9
61909692,portfolio management,economics,survey,Moderate,11,2025-08-14,Portfolio Management Survey,10
61909693,data science,it,registration,Moderate,9,2025-09-18,Data Science Registration,9
61909694,cybersecurity,it,registration,Simple,12,2024-12-03,Cybersecurity Registration,3
61909695,cybersecurity,it,application,Complex,7,2025-03-07,Cybersecurity Application,7
61909696,social media,marketing,registration,Simple,11,2025-04-02,Social Media Registration,3
61909697,financial modeling,economics,survey,Simple,6,2025-07-28,Financial Modeling Survey,10
61909698,financial modeling,economics,survey,Simple,9,2025-09-13,Financial Modeling Survey,9
61909699,data science,it,registration,Moderate,11,2024-12-20,Data Science Registration,5
61909700,investment planning,economics,survey,Simple,8,2025-07-18,Investment Planning Survey,4
61909701,digital marketing,marketing,survey,Simple,6,2025-07-30,Digital Marketing Survey,7
61909702,social media,marketing,assessment,Moderate,7,2025-04-18,Social Media Assessment,3
61909703,investment planning,economics,survey,Moderate,12,2025-04-11,Investment Planning Survey,3
61909704,financial modeling,economics,application,Simple,10,2024-10-25,Financial Modeling Application,8
61909705,web development,it,survey,Complex,7,2024-10-25,Web Development Survey,11
61909706,content marketing,marketing,application,Simple,14,2025-04-18,Content Marketing Application,4
61909707,market analysis,economics,registration,Moderate,5,2025-04-05,Market Analysis Registration,5
61909708,investment planning,economics,assessment,Moderate,8,2025-02-08,Investment Planning Assessment,6
61909709,brand management,marketing,assessment,Complex,8,2024-12-04,Brand Management Assessment,5
61909710,social media,marketing,application,Moderate,15,2025-01-01,Social Media Application,3
61909711,content marketing,marketing,assessment,Moderate,14,2025-04-29,Content Marketing Assessment,5
61909712,investment planning,economics,assessment,Complex,15,2024-11-03,Investment Planning Assessment,7
61909713,cloud computing,it,assessment,Complex,11,2025-02-08,Cloud Computing Assessment,5
61909714,brand management,marketing,application,Complex,5,2025-01-22,Brand Management Application,8
61909715,machine learning,it,application,Simple,5,2025-02-28,Machine Learning Application,11
61909716,web development,it,survey,Complex,6,2025-01-06,Web Development Survey,6
61909717,content marketing,marketing,survey,Complex,5,2024-12-21,Content Marketing Survey,5
61909718,investment planning,economics,survey,Moderate,13,2025-06-28,Investment Planning Survey,4
61909719,content marketing,marketing,assessment,Simple,15,2025-08-04,Content Marketing Assessment,4
61909720,cloud computing,it,application,Complex,6,2025-05-31,Cloud Computing Application,12
61909721,digital marketing,marketing,assessment,Complex,7,2025-01-13,Digital Marketing Assessment,5
61909722,web development,it,assessment,Complex,14,2025-03-08,Web Development Assessment,11
61909723,machine learning,it,application,Simple,15,2025-01-16,Machine Learning Application,8
61909724,investment planning,economics,registration,Simple,6,2025-07-22,Investment Planning Registration,3
61909725,cloud computing,it,registration,Simple,12,2025-09-20,Cloud Computing Registration,4
61909726,cybersecurity,it,survey,Simple,14,2025-07-29,Cybersecurity Survey,12
61909727,investment planning,economics,survey,Complex,6,2024-11-22,Investment Planning Survey,5
61909728,digital marketing,marketing,registration,Moderate,5,2024-12-25,Digital Marketing Registration,8
61909729,digital marketing,marketing,survey,Complex,5,2025-01-25,Digital Marketing Survey,5
61909730,investment planning,economics,survey,Moderate,11,2025-05-19,Investment Planning Survey,4
61909731,investment planning,economics,registration,Complex,15,2025-07-03,Investment Planning Registration,7
61909732,data science,it,application,Complex,13,2025-02-16,Data Science Application,3
61909733,cloud computing,it,survey,Moderate,12,2024-11-06,Cloud Computing Survey,11
61909734,market analysis,economics,survey,Complex,6,2025-03-17,Market Analysis Survey,3
61909735,brand management,marketing,application,Simple,6,2025-02-14,Brand Management Application,8
61909736,data science,it,application,Complex,6,2025-02-11,Data Science Application,10
61909737,market analysis,economics,registration,Simple,14,2025-07-09,Market Analysis Registration,12
61909738,market analysis,economics,registration,Complex,5,2025-01-30,Market Analysis Registration,8
61909739,investment planning,economics,application,Complex,12,2024-12-29,Investment Planning Application,10
61909740,digital marketing,marketing,assessment,Moderate,14,2025-05-21,Digital Marketing Assessment,7
61909741,cloud computing,it,registration,Moderate,11,2024-12-21,Cloud Computing Registration,8
61909742,financial modeling,economics,registration,Simple,11,2025-06-01,Financial Modeling Registration,12
61909743,brand management,marketing,survey,Moderate,9,2025-01-24,Brand Management Survey,6
61909744,cloud computing,it,assessment,Moderate,8,2025-08-20,Cloud Computing Assessment,6
61909745,financial modeling,economics,application,Simple,9,2025-04-30,Financial Modeling Application,9
61909746,web development,it,survey,Moderate,10,2024-11-13,Web Development Survey,8
61909747,market analysis,economics,assessment,Moderate,7,2025-07-21,Market Analysis Assessment,3
61909748,market analysis,economics,assessment,Complex,6,2024-12-24,Market Analysis Assessment,3
61909749,cloud computing,it,registration,Simple,12,2025-04-25,Cloud Computing Registration,11
61909750,investment planning,economics,application,Simple,15,2025-09-28,Investment Planning Application,10
61909751,brand management,marketing,registration,Complex,6,2025-09-09,Brand Management Registration,7
61909752,market analysis,economics,survey,Complex,10,2025-05-04,Market Analysis Survey,12
61909753,web development,it,registration,Complex,8,2025-07-27,Web Development Registration,11
61909754,financial modeling,economics,assessment,Simple,11,2025-01-14,Financial Modeling Assessment,7
61909755,social media,marketing,registration,Moderate,13,2024-12-31,Social Media Registration,10
61909756,financial modeling,economics,registration,Simple,14,2025-01-20,Financial Modeling Registration,3
61909757,cybersecurity,it,application,Complex,15,2024-11-02,Cybersecurity Application,6
61909758,cybersecurity,it,assessment,Complex,11,2025-01-13,Cybersecurity Assessment,4
61909759,digital marketing,marketing,survey,Complex,13,2025-03-31,Digital Marketing Survey,6
61909760,cloud computing,it,survey,Simple,14,2024-12-07,Cloud Computing Survey,12
61909761,brand management,marketing,assessment,Simple,9,2025-09-27,Brand Management Assessment,11
61909762,investment planning,economics,assessment,Moderate,9,2025-03-17,Investment Planning Assessment,5
61909763,digital marketing,marketing,survey,Moderate,7,2025-07-17,Digital Marketing Survey,12
61909764,cloud computing,it,assessment,Complex,11,2025-08-26,Cloud Computing Assessment,10
61909765,digital marketing,marketing,survey,Complex,12,2025-07-31,Digital Marketing Survey,9
61909766,brand management,marketing,assessment,Simple,5,2025-08-27,Brand Management Assessment,3
61909767,brand management,marketing,survey,Moderate,7,2025-09-25,Brand Management Survey,6
61909768,data science,it,application,Simple,14,2025-02-09,Data Science Application,4
61909769,brand management,marketing,application,Complex,8,2024-11-14,Brand Management Application,5
61909770,market analysis,economics,registration,Complex,7,2025-05-10,Market Analysis Registration,12
61909771,digital marketing,marketing,survey,Simple,10,2025-02-14,Digital Marketing Survey,9
61909772,digital marketing,marketing,survey,Complex,15,2024-12-22,Digital Marketing Survey,10
61909773,social media,marketing,registration,Simple,9,2025-02-14,Social Media Registration,10
61909774,web development,it,survey,Simple,7,2025-02-14,Web Development Survey,3
61909775,content marketing,marketing,assessment,Moderate,5,2025-07-03,Content Marketing Assessment,10
61909776,content marketing,marketing,registration,Complex,5,2025-09-14,Content Marketing Registration,7
61909777,machine learning,it,registration,Moderate,13,2025-04-16,Machine Learning Registration,3
61909778,machine learning,it,survey,Simple,10,2025-01-19,Machine Learning Survey,6
61909779,financial modeling,economics,registration,Simple,8,2025-08-23,Financial Modeling Registration,3
61909780,portfolio management,economics,application,Complex,6,2024-12-26,Portfolio Management Application,10
61909781,social media,marketing,survey,Moderate,15,2025-04-16,Social Media Survey,11
61909782,content marketing,marketing,assessment,Complex,11,2025-02-05,Content Marketing Assessment,5
61909783,web development,it,survey,Simple,13,2024-11-23,Web Development Survey,5
61909784,web development,it,assessment,Simple,14,2025-06-09,Web Development Assessment,3
61909785,financial modeling,economics,assessment,Simple,15,2025-02-14,Financial Modeling Assessment,9
61909786,cloud computing,it,survey,Complex,11,2025-02-13,Cloud Computing Survey,11
61909787,web development,it,registration,Simple,11,2024-11-22,Web Development Registration,11
61909788,content marketing,marketing,application,Moderate,10,2024-10-29,Content Marketing Application,5
61909789,market analysis,economics,application,Simple,14,2024-11-02,Market Analysis Application,6
61909790,content marketing,marketing,registration,Moderate,6,2024-11-26,Content Marketing Registration,5
61909791,investment planning,economics,application,Complex,8,2025-04-19,Investment Planning Application,6
61909792,social media,marketing,survey,Complex,6,2025-02-17,Social Media Survey,5
61909793,market analysis,economics,survey,Moderate,9,2025-01-06,Market Analysis Survey,6
61909794,financial modeling,economics,survey,Simple,7,2024-11-22,Financial Modeling Survey,3
61909795,content marketing,marketing,registration,Simple,12,2025-09-08,Content Marketing Registration,3
61909796,portfolio management,economics,assessment,Complex,12,2024-12-20,Portfolio Management Assessment,10
61909797,digital marketing,marketing,assessment,Moderate,12,2025-03-11,Digital Marketing Assessment,5
61909798,content marketing,marketing,assessment,Moderate,6,2025-07-10,Content Marketing Assessment,12
61909799,market analysis,economics,assessment,Simple,6,2025-04-08,Market Analysis Assessment,4
61909800,cloud computing,it,assessment,Simple,10,2025-09-26,Cloud Computing Assessment,6
61909801,machine learning,it,registration,Simple,7,2025-04-02,Machine Learning Registration,10
61909802,cloud computing,it,assessment,Moderate,9,2025-09-18,Cloud Computing Assessment,12
61909803,content marketing,marketing,survey,Complex,9,2024-11-03,Content Marketing Survey,8
61909804,investment planning,economics,survey,Complex,9,2025-02-23,Investment Planning Survey,4
61909805,brand management,marketing,assessment,Complex,13,2024-11-02,Brand Management Assessment,9
61909806,content marketing,marketing,assessment,Complex,9,2024-11-05,Content Marketing Assessment,12
61909807,portfolio management,economics,application,Complex,10,2025-03-26,Portfolio Management Application,9
61909808,cloud computing,it,registration,Complex,14,2024-12-09,Cloud Computing Registration,7
61909809,web development,it,survey,Moderate,13,2025-01-06,Web Development Survey,3
61909810,cybersecurity,it,application,Complex,14,2025-03-30,Cybersecurity Application,10
61909811,market analysis,economics,application,Moderate,14,2025-05-18,Market Analysis Application,11
61909812,content marketing,marketing,application,Simple,10,2025-04-16,Content Marketing Application,5
61909813,cybersecurity,it,registration,Simple,7,2025-03-21,Cybersecurity Registration,6
61909814,data science,it,assessment,Complex,9,2025-08-10,Data Science Assessment,5
61909815,cybersecurity,it,assessment,Complex,5,2025-01-02,Cybersecurity Assessment,4
61909816,cloud computing,it,application,Simple,14,2025-10-18,Cloud Computing Application,11
61909817,investment planning,economics,survey,Simple,8,2025-04-16,Investment Planning Survey,9
61909818,financial modeling,economics,survey,Moderate,10,2025-06-05,Financial Modeling Survey,10
61909819,financial modeling,economics,assessment,Simple,15,2025-01-27,Financial Modeling Assessment,7
61909820,brand management,marketing,registration,Moderate,13,2025-09-29,Brand Management Registration,7
61909821,brand management,marketing,application,Complex,14,2025-10-09,Brand Management Application,4
61909822,content marketing,marketing,application,Complex,12,2025-04-02,Content Marketing Application,10
61909823,market analysis,economics,survey,Complex,15,2025-07-30,Market Analysis Survey,12
61909824,social media,marketing,application,Complex,12,2024-11-20,Social Media Application,3
61909825,financial modeling,economics,assessment,Complex,10,2025-02-03,Financial Modeling Assessment,8
61909826,data science,it,registration,Moderate,9,2025-01-11,Data Science Registration,12
61909827,digital marketing,marketing,assessment,Complex,8,2025-04-20,Digital Marketing Assessment,11
61909828,investment planning,economics,survey,Moderate,8,2024-11-29,Investment Planning Survey,10
61909829,portfolio management,economics,survey,Moderate,6,2025-01-31,Portfolio Management Survey,3
61909830,social media,marketing,assessment,Simple,9,2025-04-24,Social Media Assessment,9
61909831,digital marketing,marketing,survey,Complex,14,2024-11-06,Digital Marketing Survey,5
61909832,portfolio management,economics,application,Simple,13,2025-06-22,Portfolio Management Application,7
61909833,digital marketing,marketing,survey,Moderate,8,2024-12-16,Digital Marketing Survey,4
61909834,web development,it,assessment,Complex,5,2025-06-27,Web Development Assessment,5
61909835,portfolio management,economics,registration,Simple,12,2025-10-14,Portfolio Management Registration,3
61909836,machine learning,it,survey,Simple,6,2025-05-31,Machine Learning Survey,3
61909837,cybersecurity,it,application,Simple,8,2025-02-20,Cybersecurity Application,11
61909838,cloud computing,it,survey,Moderate,8,2025-02-03,Cloud Computing Survey,12
61909839,cloud computing,it,registration,Complex,7,2025-07-15,Cloud Computing Registration,7
61909840,financial modeling,economics,application,Moderate,9,2024-10-29,Financial Modeling Application,11
61909841,cloud computing,it,registration,Simple,13,2024-11-26,Cloud Computing Registration,8
61909842,brand management,marketing,survey,Simple,7,2025-09-08,Brand Management Survey,11
61909843,portfolio management,economics,registration,Simple,9,2025-04-02,Portfolio Management Registration,12
61909844,social media,marketing,assessment,Simple,9,2025-10-25,Social Media Assessment,5
61909845,digital marketing,marketing,survey,Moderate,14,2024-11-29,Digital Marketing Survey,9
61909846,social media,marketing,survey,Simple,15,2025-07-01,Social Media Survey,10
61909847,financial modeling,economics,registration,Complex,13,2025-02-13,Financial Modeling Registration,8
61909848,content marketing,marketing,assessment,Simple,14,2025-05-12,Content Marketing Assessment,10
61909849,digital marketing,marketing,application,Complex,5,2024-11-05,Digital Marketing Application,8
61909850,financial modeling,economics,survey,Simple,8,2025-09-30,Financial Modeling Survey,6
61909851,content marketing,marketing,registration,Simple,15,2025-03-30,Content Marketing Registration,8
61909852,digital marketing,marketing,registration,Simple,8,2025-04-03,Digital Marketing Registration,10
61909853,brand management,marketing,survey,Moderate,15,2025-08-27,Brand Management Survey,10
61909854,brand management,marketing,assessment,Simple,8,2025-08-15,Brand Management Assessment,9
61909855,investment planning,economics,assessment,Simple,7,2025-05-23,Investment Planning Assessment,4
61909856,content marketing,marketing,survey,Moderate,15,2025-08-01,Content Marketing Survey,6
61909857,portfolio management,economics,registration,Moderate,10,2025-08-12,Portfolio Management Registration,6
61909858,digital marketing,marketing,registration,Moderate,10,2025-03-10,Digital Marketing Registration,10
61909859,social media,marketing,registration,Simple,8,2025-02-18,Social Media Registration,7
61909860,portfolio management,economics,application,Simple,9,2025-01-03,Portfolio Management Application,11
61909861,social media,marketing,survey,Moderate,8,2025-08-07,Social Media Survey,12
61909862,digital marketing,marketing,registration,Complex,11,2025-05-08,Digital Marketing Registration,12
61909863,digital marketing,marketing,assessment,Complex,12,2025-05-08,Digital Marketing Assessment,6
61909864,web development,it,registration,Simple,8,2025-04-29,Web Development Registration,11
61909865,brand management,marketing,assessment,Moderate,14,2025-08-24,Brand Management Assessment,4
61909866,web development,it,assessment,Moderate,15,2025-01-29,Web Development Assessment,11
61909867,data science,it,application,Simple,15,2025-10-14,Data Science Application,6
61909868,machine learning,it,application,Complex,5,2024-11-13,Machine Learning Application,3
61909869,content marketing,marketing,assessment,Moderate,10,2025-01-31,Content Marketing Assessment,8
61909870,market analysis,economics,assessment,Moderate,9,2025-08-26,Market Analysis Assessment,6
61909871,machine learning,it,application,Moderate,13,2025-02-14,Machine Learning Application,7
61909872,cloud computing,it,survey,Complex,11,2025-05-06,Cloud Computing Survey,9
61909873,market analysis,economics,assessment,Simple,15,2025-07-03,Market Analysis Assessment,7
61909874,cloud computing,it,registration,Moderate,5,2025-07-26,Cloud Computing Registration,10
61909875,brand management,marketing,registration,Simple,5,2025-09-20,Brand Management Registration,9
61909876,brand management,marketing,survey,Moderate,14,2025-04-13,Brand Management Survey,6
61909877,digital marketing,marketing,application,Simple,11,2024-11-11,Digital Marketing Application,5
61909878,machine learning,it,application,Simple,7,2025-06-06,Machine Learning Application,11
61909879,social media,marketing,registration,Moderate,5,2025-04-25,Social Media Registration,10
61909880,cybersecurity,it,application,Complex,15,2025-02-23,Cybersecurity Application,3
61909881,portfolio management,economics,registration,Simple,7,2025-04-11,Portfolio Management Registration,7
61909882,web development,it,assessment,Moderate,8,2025-10-15,Web Development Assessment,10
61909883,content marketing,marketing,assessment,Moderate,5,2025-02-13,Content Marketing Assessment,8
61909884,social media,marketing,registration,Complex,5,2025-08-06,Social Media Registration,5
61909885,web development,it,application,Moderate,11,2025-04-04,Web Development Application,11
61909886,investment planning,economics,registration,Simple,8,2025-05-10,Investment Planning Registration,5
61909887,social media,marketing,application,Moderate,14,2025-03-13,Social Media Application,9
61909888,brand management,marketing,application,Complex,11,2025-01-20,Brand Management Application,11
61909889,portfolio management,economics,registration,Moderate,7,2025-05-31,Portfolio Management Registration,9
61909890,investment planning,economics,assessment,Moderate,6,2025-10-10,Investment Planning Assessment,5
61909891,financial modeling,economics,survey,Simple,8,2025-04-11,Financial Modeling Survey,3
61909892,cybersecurity,it,survey,Moderate,7,2025-07-08,Cybersecurity Survey,8
61909893,market analysis,economics,registration,Complex,9,2024-11-21,Market Analysis Registration,7
61909894,cybersecurity,it,assessment,Complex,10,2025-05-25,Cybersecurity Assessment,8
61909895,portfolio management,economics,survey,Complex,14,2025-05-27,Portfolio Management Survey,3
61909896,machine learning,it,application,Moderate,11,2024-11-11,Machine Learning Application,12
61909897,cybersecurity,it,registration,Complex,15,2025-09-28,Cybersecurity Registration,4
61909898,brand management,marketing,assessment,Moderate,15,2025-01-23,Brand Management Assessment,4
61909899,cybersecurity,it,registration,Moderate,6,2025-02-01,Cybersecurity Registration,3
61909900,financial modeling,economics,assessment,Moderate,6,2025-08-24,Financial Modeling Assessment,3
61909901,machine learning,it,application,Simple,9,2024-12-16,Machine Learning Application,3
61909902,content marketing,marketing,application,Complex,12,2025-02-05,Content Marketing Application,11
61909903,social media,marketing,registration,Complex,14,2025-06-29,Social Media Registration,12
61909904,digital marketing,marketing,application,Moderate,8,2025-07-10,Digital Marketing Application,5
61909905,investment planning,economics,application,Complex,5,2024-11-23,Investment Planning Application,10
61909906,brand management,marketing,assessment,Moderate,5,2025-08-30,Brand Management Assessment,8
61909907,machine learning,it,assessment,Simple,7,2024-11-30,Machine Learning Assessment,6
61909908,social media,marketing,assessment,Simple,14,2024-11-20,Social Media Assessment,3
61909909,brand management,marketing,application,Complex,6,2025-04-16,Brand Management Application,6
61909910,content marketing,marketing,application,Moderate,12,2025-09-19,Content Marketing Application,9
61909911,financial modeling,economics,registration,Moderate,8,2025-07-13,Financial Modeling Registration,3
61909912,portfolio management,economics,assessment,Simple,10,2025-04-03,Portfolio Management Assessment,12
61909913,content marketing,marketing,application,Complex,11,2024-12-03,Content Marketing Application,3
61909914,market analysis,economics,application,Moderate,15,2025-10-04,Market Analysis Application,3
61909915,digital marketing,marketing,application,Complex,6,2025-09-22,Digital Marketing Application,11
61909916,content marketing,marketing,assessment,Moderate,14,2025-08-13,Content Marketing Assessment,4
61909917,machine learning,it,application,Simple,5,2024-11-18,Machine Learning Application,9
61909918,financial modeling,economics,application,Simple,13,2025-03-11,Financial Modeling Application,5
61909919,cloud computing,it,survey,Simple,5,2025-09-14,Cloud Computing Survey,8
61909920,financial modeling,economics,application,Simple,8,2025-04-09,Financial Modeling Application,10
61909921,machine learning,it,survey,Simple,11,2025-01-10,Machine Learning Survey,9
61909922,content marketing,marketing,application,Complex,8,2025-02-09,Content Marketing Application,5
61909923,brand management,marketing,assessment,Simple,10,2025-10-20,Brand Management Assessment,5
61909924,financial modeling,economics,assessment,Complex,13,2025-08-03,Financial Modeling Assessment,6
61909925,cloud computing,it,application,Simple,5,2024-10-31,Cloud Computing Application,4
61909926,investment planning,economics,registration,Simple,7,2025-08-13,Investment Planning Registration,9
61909927,cloud computing,it,survey,Complex,5,2025-06-21,Cloud Computing Survey,11
61909928,web development,it,survey,Moderate,10,2025-03-02,Web Development Survey,10
61909929,data science,it,application,Simple,8,2025-05-24,Data Science Application,5
61909930,investment planning,economics,registration,Simple,8,2025-06-02,Investment Planning Registration,11
61909931,machine learning,it,assessment,Moderate,8,2025-08-19,Machine Learning Assessment,3
61909932,digital marketing,marketing,registration,Complex,9,2025-05-24,Digital Marketing Registration,12
61909933,investment planning,economics,registration,Moderate,9,2025-04-30,Investment Planning Registration,9
61909934,brand management,marketing,application,Moderate,8,2024-11-15,Brand Management Application,4
61909935,investment planning,economics,survey,Simple,8,2025-03-29,Investment Planning Survey,9
61909936,social media,marketing,assessment,Moderate,13,2025-06-09,Social Media Assessment,4
61909937,brand management,marketing,survey,Moderate,14,2025-07-21,Brand Management Survey,5
61909938,brand management,marketing,application,Moderate,11,2025-08-23,Brand Management Application,4
61909939,digital marketing,marketing,assessment,Complex,7,2025-01-08,Digital Marketing Assessment,12
61909940,market analysis,economics,application,Complex,11,2025-02-24,Market Analysis Application,6
61909941,portfolio management,economics,assessment,Simple,9,2025-05-19,Portfolio Management Assessment,8
61909942,brand management,marketing,application,Simple,14,2025-01-22,Brand Management Application,6
61909943,cybersecurity,it,registration,Moderate,11,2025-04-30,Cybersecurity Registration,8
61909944,content marketing,marketing,application,Simple,12,2025-09-02,Content Marketing Application,10
61909945,social media,marketing,survey,Complex,6,2025-02-05,Social Media Survey,11
61909946,social media,marketing,registration,Simple,15,2025-01-18,Social Media Registration,10
61909947,investment planning,economics,application,Moderate,11,2025-09-10,Investment Planning Application,10
61909948,digital marketing,marketing,assessment,Moderate,7,2025-06-01,Digital Marketing Assessment,10
61909949,social media,marketing,survey,Complex,12,2024-11-28,Social Media Survey,7
61909950,portfolio management,economics,survey,Complex,9,2025-08-17,Portfolio Management Survey,9
61909951,brand management,marketing,registration,Simple,10,2025-07-05,Brand Management Registration,7
61909952,data science,it,assessment,Simple,9,2025-08-02,Data Science Assessment,4
61909953,brand management,marketing,assessment,Moderate,7,2025-06-08,Brand Management Assessment,11
61909954,brand management,marketing,application,Moderate,10,2025-03-31,Brand Management Application,3
61909955,social media,marketing,registration,Simple,8,2025-02-22,Social Media Registration,5
61909956,brand management,marketing,assessment,Simple,13,2025-08-07,Brand Management Assessment,12
61909957,content marketing,marketing,registration,Simple,8,2025-02-08,Content Marketing Registration,11
61909958,data science,it,registration,Simple,5,2025-01-01,Data Science Registration,10
61909959,brand management,marketing,assessment,Moderate,15,2025-03-26,Brand Management Assessment,11
61909960,market analysis,economics,application,Moderate,11,2025-09-20,Market Analysis Application,5
61909961,financial modeling,economics,survey,Complex,7,2025-03-18,Financial Modeling Survey,8
61909962,digital marketing,marketing,application,Simple,9,2025-02-08,Digital Marketing Application,10
61909963,social media,marketing,survey,Simple,6,2024-12-13,Social Media Survey,8
61909964,web development,it,survey,Moderate,14,2025-03-30,Web Development Survey,3
61909965,investment planning,economics,survey,Simple,13,2025-08-02,Investment Planning Survey,8
61909966,machine learning,it,assessment,Complex,15,2025-05-04,Machine Learning Assessment,10
61909967,machine learning,it,registration,Moderate,10,2025-06-04,Machine Learning Registration,10
61909968,cybersecurity,it,application,Simple,6,2025-04-02,Cybersecurity Application,4
61909969,investment planning,economics,registration,Moderate,11,2025-05-29,Investment Planning Registration,12
61909970,cybersecurity,it,assessment,Simple,8,2025-01-13,Cybersecurity Assessment,9
61909971,content marketing,marketing,survey,Moderate,12,2025-10-07,Content Marketing Survey,5
61909972,social media,marketing,application,Complex,14,2025-08-12,Social Media Application,11
61909973,digital marketing,marketing,assessment,Simple,15,2024-12-25,Digital Marketing Assessment,10
61909974,financial modeling,economics,survey,Moderate,13,2025-07-13,Financial Modeling Survey,10
61909975,machine learning,it,application,Complex,6,2025-06-30,Machine Learning Application,9
61909976,web development,it,application,Complex,15,2024-11-16,Web Development Application,9
61909977,investment planning,economics,assessment,Complex,8,2025-08-23,Investment Planning Assessment,4
61909978,cloud computing,it,assessment,Moderate,6,2025-01-21,Cloud Computing Assessment,5
61909979,social media,marketing,assessment,Simple,6,2025-08-05,Social Media Assessment,5
61909980,digital marketing,marketing,assessment,Complex,12,2024-11-24,Digital Marketing Assessment,3
61909981,investment planning,economics,registration,Moderate,14,2025-02-08,Investment Planning Registration,8
61909982,cybersecurity,it,assessment,Simple,5,2025-09-02,Cybersecurity Assessment,12
61909983,portfolio management,economics,survey,Complex,15,2025-02-06,Portfolio Management Survey,9
61909984,cybersecurity,it,registration,Moderate,12,2025-01-12,Cybersecurity Registration,6
61909985,machine learning,it,survey,Moderate,5,2025-02-15,Machine Learning Survey,4
61909986,portfolio management,economics,application,Simple,11,2025-06-15,Portfolio Management Application,12
61909987,financial modeling,economics,assessment,Simple,15,2025-07-12,Financial Modeling Assessment,9
61909988,data science,it,assessment,Complex,8,2025-10-14,Data Science Assessment,8
61909989,content marketing,marketing,registration,Simple,13,2024-12-05,Content Marketing Registration,8
61909990,content marketing,marketing,assessment,Simple,9,2025-05-16,Content Marketing Assessment,3
61909991,cloud computing,it,application,Simple,9,2025-09-21,Cloud Computing Application,9
61909992,content marketing,marketing,application,Simple,11,2025-01-05,Content Marketing Application,11
61909993,portfolio management,economics,registration,Moderate,8,2025-06-21,Portfolio Management Registration,9
61909994,investment planning,economics,assessment,Simple,11,2025-09-09,Investment Planning Assessment,8
61909995,digital marketing,marketing,assessment,Simple,13,2025-04-01,Digital Marketing Assessment,11
61909996,web development,it,survey,Simple,9,2024-12-11,Web Development Survey,6
61909997,market analysis,economics,application,Moderate,7,2025-09-24,Market Analysis Application,9
61909998,portfolio management,economics,survey,Moderate,14,2025-09-16,Portfolio Management Survey,9
61909999,portfolio management,economics,survey,Complex,5,2025-04-15,Portfolio Management Survey,8
61910000,content marketing,marketing,survey,Moderate,8,2025-02-13,Content Marketing Survey,5
61910001,digital marketing,marketing,survey,Simple,13,2025-06-22,Digital Marketing Survey,4
61910002,brand management,marketing,assessment,Complex,14,2025-07-06,Brand Management Assessment,12
61910003,cybersecurity,it,registration,Moderate,8,2025-07-28,Cybersecurity Registration,5
61910004,social media,marketing,survey,Simple,11,2025-01-11,Social Media Survey,9
61910005,cybersecurity,it,survey,Moderate,6,2025-08-12,Cybersecurity Survey,10
61910006,social media,marketing,registration,Simple,14,2025-09-08,Social Media Registration,4
61910007,investment planning,economics,assessment,Simple,10,2025-07-12,Investment Planning Assessment,3
61910008,cybersecurity,it,assessment,Simple,6,2024-10-25,Cybersecurity Assessment,5
61910009,digital marketing,marketing,survey,Simple,7,2024-11-12,Digital Marketing Survey,9
61910010,content marketing,marketing,application,Complex,9,2025-06-15,Content Marketing Application,11
61910011,financial modeling,economics,survey,Complex,14,2025-07-13,Financial Modeling Survey,10
61910012,portfolio management,economics,survey,Simple,7,2025-09-26,Portfolio Management Survey,3
61910013,financial modeling,economics,survey,Simple,14,2024-11-17,Financial Modeling Survey,8
61910014,market analysis,economics,registration,Moderate,15,2025-01-06,Market Analysis Registration,10
61910015,brand management,marketing,assessment,Simple,8,2025-07-02,Brand Management Assessment,10
61910016,market analysis,economics,application,Simple,12,2025-04-09,Market Analysis Application,4
61910017,investment planning,economics,survey,Moderate,15,2024-11-08,Investment Planning Survey,3
61910018,web development,it,survey,Moderate,14,2025-02-27,Web Development Survey,3
61910019,portfolio management,economics,registration,Moderate,13,2025-04-05,Portfolio Management Registration,12
61910020,market analysis,economics,survey,Moderate,11,2025-06-21,Market Analysis Survey,5
61910021,web development,it,registration,Complex,14,2025-06-09,Web Development Registration,4
61910022,cybersecurity,it,assessment,Moderate,14,2024-11-18,Cybersecurity Assessment,5
61910023,brand management,marketing,application,Simple,12,2025-07-07,Brand Management Application,4
61910024,content marketing,marketing,registration,Complex,10,2025-02-22,Content Marketing Registration,11
61910025,market analysis,economics,application,Moderate,8,2025-03-03,Market Analysis Application,11
61910026,content marketing,marketing,assessment,Simple,15,2025-05-16,Content Marketing Assessment,5
61910027,digital marketing,marketing,assessment,Moderate,5,2025-09-01,Digital Marketing Assessment,4
61910028,portfolio management,economics,registration,Simple,6,2025-09-29,Portfolio Management Registration,6
61910029,social media,marketing,application,Complex,11,2025-02-16,Social Media Application,7
61910030,portfolio management,economics,assessment,Moderate,6,2025-04-07,Portfolio Management Assessment,5
61910031,cloud computing,it,assessment,Moderate,12,2025-04-25,Cloud Computing Assessment,10
61910032,market analysis,economics,registration,Moderate,5,2025-04-08,Market Analysis Registration,12
61910033,data science,it,application,Simple,8,2025-02-12,Data Science Application,12
61910034,financial modeling,economics,assessment,Complex,15,2025-05-27,Financial Modeling Assessment,8
61910035,portfolio management,economics,application,Moderate,5,2025-05-21,Portfolio Management Application,12
61910036,cybersecurity,it,application,Moderate,11,2025-10-24,Cybersecurity Application,12
61910037,market analysis,economics,survey,Simple,12,2025-05-31,Market Analysis Survey,3
61910038,investment planning,economics,survey,Complex,14,2025-04-08,Investment Planning Survey,8
61910039,social media,marketing,assessment,Moderate,6,2025-02-06,Social Media Assessment,6
61910040,web development,it,application,Complex,15,2025-05-26,Web Development Application,5
61910041,social media,marketing,assessment,Moderate,6,2025-07-27,Social Media Assessment,4
61910042,content marketing,marketing,registration,Moderate,6,2025-06-11,Content Marketing Registration,12
61910043,cybersecurity,it,assessment,Moderate,7,2025-05-22,Cybersecurity Assessment,10
61910044,brand management,marketing,assessment,Simple,13,2025-09-08,Brand Management Assessment,10
61910045,cloud computing,it,assessment,Complex,9,2024-10-30,Cloud Computing Assessment,4
61910046,web development,it,survey,Simple,8,2024-12-15,Web Development Survey,7
61910047,data science,it,registration,Simple,13,2025-02-04,Data Science Registration,5
61910048,brand management,marketing,application,Simple,8,2025-02-03,Brand Management Application,9
61910049,market analysis,economics,survey,Simple,5,2025-06-23,Market Analysis Survey,6
61910050,web development,it,registration,Complex,10,2025-05-09,Web Development Registration,10
61910051,investment planning,economics,survey,Moderate,10,2025-10-07,Investment Planning Survey,12
61910052,web development,it,survey,Simple,14,2024-11-05,Web Development Survey,10
61910053,data science,it,registration,Complex,15,2025-06-06,Data Science Registration,3
61910054,cloud computing,it,registration,Simple,9,2025-08-26,Cloud Computing Registration,6
61910055,digital marketing,marketing,survey,Simple,5,2025-08-02,Digital Marketing Survey,10
61910056,portfolio management,economics,survey,Complex,10,2025-02-06,Portfolio Management Survey,4
61910057,cloud computing,it,registration,Moderate,5,2025-02-09,Cloud Computing Registration,8
61910058,content marketing,marketing,survey,Complex,13,2025-03-13,Content Marketing Survey,11
61910059,content marketing,marketing,registration,Moderate,15,2024-12-09,Content Marketing Registration,8
61910060,content marketing,marketing,application,Complex,10,2024-11-15,Content Marketing Application,7
61910061,investment planning,economics,survey,Moderate,10,2025-04-17,Investment Planning Survey,8
61910062,machine learning,it,registration,Simple,10,2024-11-08,Machine Learning Registration,6
61910063,financial modeling,economics,assessment,Simple,11,2025-04-29,Financial Modeling Assessment,7
61910064,data science,it,registration,Simple,9,2024-12-17,Data Science Registration,12
61910065,digital marketing,marketing,registration,Simple,12,2025-08-19,Digital Marketing Registration,7
61910066,web development,it,application,Complex,10,2025-08-14,Web Development Application,4
61910067,cloud computing,it,application,Complex,6,2025-08-31,Cloud Computing Application,12
61910068,social media,marketing,assessment,Complex,7,2025-09-09,Social Media Assessment,3
61910069,machine learning,it,registration,Simple,12,2024-11-03,Machine Learning Registration,4
61910070,social media,marketing,assessment,Simple,5,2025-08-07,Social Media Assessment,6
61910071,data science,it,registration,Complex,9,2025-07-26,Data Science Registration,4
61910072,data science,it,application,Complex,8,2025-03-18,Data Science Application,11
61910073,portfolio management,economics,assessment,Moderate,9,2025-02-05,Portfolio Management Assessment,10
61910074,social media,marketing,survey,Complex,14,2024-12-16,Social Media Survey,3
61910075,investment planning,economics,application,Moderate,7,2025-08-15,Investment Planning Application,4
61910076,cybersecurity,it,assessment,Moderate,7,2025-01-19,Cybersecurity Assessment,12
61910077,digital marketing,marketing,survey,Moderate,6,2025-01-09,Digital Marketing Survey,9
61910078,cloud computing,it,application,Complex,14,2025-10-25,Cloud Computing Application,4
61910079,cybersecurity,it,assessment,Complex,7,2025-06-25,Cybersecurity Assessment,4
61910080,investment planning,economics,assessment,Simple,6,2025-09-27,Investment Planning Assessment,6
61910081,portfolio management,economics,registration,Moderate,7,2024-11-30,Portfolio Management Registration,7
61910082,web development,it,assessment,Complex,8,2025-02-01,Web Development Assessment,5
61910083,investment planning,economics,application,Complex,10,2025-10-08,Investment Planning Application,8
61910084,market analysis,economics,assessment,Moderate,15,2024-12-10,Market Analysis Assessment,9
61910085,cybersecurity,it,survey,Simple,5,2024-10-29,Cybersecurity Survey,11
61910086,content marketing,marketing,assessment,Complex,10,2025-01-05,Content Marketing Assessment,6
61910087,portfolio management,economics,registration,Complex,5,2025-08-31,Portfolio Management Registration,4
61910088,digital marketing,marketing,registration,Simple,6,2025-10-17,Digital Marketing Registration,8
61910089,content marketing,marketing,registration,Moderate,8,2025-10-07,Content Marketing Registration,3
61910090,financial modeling,economics,assessment,Complex,13,2024-12-18,Financial Modeling Assessment,3
61910091,digital marketing,marketing,application,Complex,8,2025-01-07,Digital Marketing Application,3
61910092,portfolio management,economics,application,Complex,12,2025-08-27,Portfolio Management Application,8
61910093,social media,marketing,registration,Complex,12,2025-06-28,Social Media Registration,5
61910094,market analysis,economics,survey,Simple,12,2025-06-27,Market Analysis Survey,4
61910095,brand management,marketing,application,Complex,12,2025-08-21,Brand Management Application,3
61910096,portfolio management,economics,assessment,Moderate,6,2025-05-29,Portfolio Management Assessment,3
61910097,social media,marketing,application,Moderate,11,2025-03-23,Social Media Application,8
61910098,social media,marketing,registration,Moderate,15,2025-03-14,Social Media Registration,10
61910099,investment planning,economics,registration,Moderate,14,2025-01-10,Investment Planning Registration,7
61910100,market analysis,economics,survey,Complex,12,2025-01-07,Market Analysis Survey,4
61910101,portfolio management,economics,registration,Complex,8,2025-04-27,Portfolio Management Registration,8
61910102,digital marketing,marketing,survey,Moderate,9,2025-06-04,Digital Marketing Survey,4
61910103,machine learning,it,survey,Moderate,9,2025-05-14,Machine Learning Survey,8
61910104,investment planning,economics,application,Complex,8,2025-03-08,Investment Planning Application,3
61910105,web development,it,survey,Simple,14,2025-01-28,Web Development Survey,7
61910106,content marketing,marketing,application,Simple,11,2025-04-06,Content Marketing Application,9
61910107,market analysis,economics,assessment,Moderate,5,2025-06-08,Market Analysis Assessment,3
61910108,social media,marketing,assessment,Complex,11,2025-05-08,Social Media Assessment,12
61910109,social media,marketing,registration,Simple,6,2025-01-02,Social Media Registration,6
61910110,portfolio management,economics,assessment,Simple,7,2024-12-30,Portfolio Management Assessment,10
61910111,cybersecurity,it,registration,Simple,8,2024-12-25,Cybersecurity Registration,9
61910112,machine learning,it,survey,Complex,12,2025-04-25,Machine Learning Survey,7
61910113,digital marketing,marketing,assessment,Simple,7,2025-02-23,Digital Marketing Assessment,4
61910114,portfolio management,economics,registration,Simple,9,2025-05-29,Portfolio Management Registration,5
61910115,financial modeling,economics,registration,Complex,15,2025-07-02,Financial Modeling Registration,4
61910116,investment planning,economics,survey,Complex,15,2025-09-29,Investment Planning Survey,8
61910117,digital marketing,marketing,application,Simple,5,2025-10-15,Digital Marketing Application,9
61910118,data science,it,assessment,Complex,6,2025-10-19,Data Science Assessment,10
61910119,machine learning,it,registration,Complex,14,2025-08-10,Machine Learning Registration,11
61910120,cloud computing,it,application,Complex,15,2025-06-07,Cloud Computing Application,12
61910121,digital marketing,marketing,assessment,Moderate,7,2025-01-03,Digital Marketing Assessment,5
61910122,market analysis,economics,registration,Moderate,10,2025-07-13,Market Analysis Registration,7
61910123,portfolio management,economics,registration,Moderate,10,2024-11-05,Portfolio Management Registration,11
61910124,cloud computing,it,assessment,Moderate,15,2025-04-03,Cloud Computing Assessment,7
61910125,web development,it,survey,Moderate,13,2025-03-28,Web Development Survey,8
61910126,market analysis,economics,assessment,Simple,11,2025-06-01,Market Analysis Assessment,3
61910127,content marketing,marketing,application,Moderate,8,2025-02-18,Content Marketing Application,12
61910128,cloud computing,it,assessment,Complex,14,2025-02-05,Cloud Computing Assessment,3
61910129,market analysis,economics,assessment,Simple,7,2025-02-03,Market Analysis Assessment,4
61910130,cloud computing,it,registration,Simple,7,2025-10-16,Cloud Computing Registration,6
61910131,portfolio management,economics,survey,Complex,14,2025-08-24,Portfolio Management Survey,12
61910132,cloud computing,it,survey,Moderate,9,2025-09-12,Cloud Computing Survey,12
61910133,social media,marketing,application,Simple,15,2025-06-21,Social Media Application,5
61910134,machine learning,it,survey,Moderate,5,2025-07-05,Machine Learning Survey,10
61910135,market analysis,economics,survey,Simple,12,2024-11-18,Market Analysis Survey,5
61910136,digital marketing,marketing,registration,Moderate,11,2025-04-03,Digital Marketing Registration,9
61910137,digital marketing,marketing,assessment,Moderate,5,2024-12-18,Digital Marketing Assessment,8
61910138,content marketing,marketing,registration,Simple,11,2024-11-25,Content Marketing Registration,3
61910139,machine learning,it,assessment,Complex,14,2025-01-21,Machine Learning Assessment,9
61910140,brand management,marketing,registration,Simple,14,2025-10-07,Brand Management Registration,7
61910141,cybersecurity,it,survey,Moderate,12,2025-02-21,Cybersecurity Survey,11
61910142,machine learning,it,registration,Complex,10,2025-05-12,Machine Learning Registration,4
61910143,investment planning,economics,application,Simple,15,2025-01-23,Investment Planning Application,8
61910144,financial modeling,economics,survey,Moderate,10,2025-05-26,Financial Modeling Survey,9
61910145,portfolio management,economics,assessment,Simple,14,2025-04-02,Portfolio Management Assessment,3
61910146,brand management,marketing,application,Complex,9,2025-01-01,Brand Management Application,8
61910147,market analysis,economics,assessment,Complex,15,2025-09-08,Market Analysis Assessment,11
61910148,digital marketing,marketing,registration,Moderate,12,2025-03-20,Digital Marketing Registration,8
61910149,market analysis,economics,survey,Moderate,9,2025-05-30,Market Analysis Survey,3
61910150,cloud computing,it,application,Simple,12,2025-05-05,Cloud Computing Application,4
61910151,social media,marketing,survey,Complex,7,2025-04-25,Social Media Survey,11
61910152,financial modeling,economics,survey,Simple,6,2025-06-03,Financial Modeling Survey,4
61910153,portfolio management,economics,assessment,Simple,11,2025-02-16,Portfolio Management Assessment,12
61910154,content marketing,marketing,registration,Moderate,6,2025-03-20,Content Marketing Registration,8
61910155,financial modeling,economics,registration,Complex,13,2025-01-03,Financial Modeling Registration,12
61910156,digital marketing,marketing,application,Complex,11,2025-01-15,Digital Marketing Application,8
61910157,brand management,marketing,assessment,Moderate,8,2025-03-22,Brand Management Assessment,8
61910158,portfolio management,economics,registration,Moderate,6,2024-12-18,Portfolio Management Registration,10
61910159,cloud computing,it,application,Simple,10,2025-10-08,Cloud Computing Application,10
61910160,portfolio management,economics,registration,Complex,9,2025-08-06,Portfolio Management Registration,8
61910161,cloud computing,it,registration,Moderate,12,2025-07-30,Cloud Computing Registration,7
61910162,digital marketing,marketing,registration,Complex,12,2025-02-10,Digital Marketing Registration,8
61910163,investment planning,economics,assessment,Simple,14,2024-11-15,Investment Planning Assessment,9
61910164,machine learning,it,application,Complex,14,2025-02-06,Machine Learning Application,7
61910165,cybersecurity,it,assessment,Simple,6,2024-11-05,Cybersecurity Assessment,11
61910166,data science,it,assessment,Complex,15,2025-05-23,Data Science Assessment,7
61910167,social media,marketing,application,Simple,10,2025-05-03,Social Media Application,11
61910168,web development,it,assessment,Simple,6,2025-09-20,Web Development Assessment,8
61910169,portfolio management,economics,application,Moderate,6,2025-10-18,Portfolio Management Application,8
61910170,investment planning,economics,application,Simple,5,2025-07-28,Investment Planning Application,11
61910171,content marketing,marketing,survey,Complex,7,2025-07-01,Content Marketing Survey,6
61910172,content marketing,marketing,registration,Moderate,13,2025-01-14,Content Marketing Registration,3
61910173,social media,marketing,survey,Moderate,14,2025-07-30,Social Media Survey,12
61910174,cybersecurity,it,registration,Complex,13,2025-04-10,Cybersecurity Registration,4
61910175,portfolio management,economics,registration,Simple,11,2025-01-07,Portfolio Management Registration,12
61910176,social media,marketing,application,Complex,15,2025-04-01,Social Media Application,12
61910177,social media,marketing,survey,Simple,13,2025-03-09,Social Media Survey,4
61910178,cybersecurity,it,registration,Simple,11,2025-03-14,Cybersecurity Registration,7
61910179,cloud computing,it,assessment,Simple,14,2025-03-09,Cloud Computing Assessment,11
61910180,data science,it,assessment,Simple,7,2025-03-02,Data Science Assessment,8
61910181,social media,marketing,survey,Complex,11,2025-08-23,Social Media Survey,4
61910182,content marketing,marketing,registration,Simple,5,2025-05-31,Content Marketing Registration,7
61910183,market analysis,economics,application,Moderate,5,2025-02-24,Market Analysis Application,4
61910184,investment planning,economics,registration,Moderate,11,2025-07-19,Investment Planning Registration,12
61910185,machine learning,it,application,Complex,15,2025-01-03,Machine Learning Application,8
61910186,cybersecurity,it,application,Simple,14,2025-02-25,Cybersecurity Application,9
61910187,content marketing,marketing,registration,Simple,8,2025-02-20,Content Marketing Registration,3
61910188,web development,it,registration,Moderate,14,2024-12-16,Web Development Registration,5
61910189,digital marketing,marketing,assessment,Simple,15,2024-10-25,Digital Marketing Assessment,11
61910190,social media,marketing,assessment,Simple,8,2025-01-22,Social Media Assessment,8
61910191,machine learning,it,application,Complex,11,2025-04-26,Machine Learning Application,12
61910192,portfolio management,economics,assessment,Complex,7,2024-11-21,Portfolio Management Assessment,8
61910193,cloud computing,it,assessment,Simple,12,2025-06-18,Cloud Computing Assessment,5
61910194,investment planning,economics,assessment,Complex,8,2025-05-18,Investment Planning Assessment,8
61910195,social media,marketing,assessment,Simple,9,2025-05-24,Social Media Assessment,8
61910196,investment planning,economics,assessment,Complex,12,2024-11-16,Investment Planning Assessment,10
61910197,cloud computing,it,survey,Moderate,9,2025-05-19,Cloud Computing Survey,5
61910198,financial modeling,economics,registration,Moderate,14,2024-11-04,Financial Modeling Registration,11
61910199,data science,it,assessment,Simple,5,2025-04-09,Data Science Assessment,10
61910200,social media,marketing,survey,Complex,14,2025-07-24,Social Media Survey,7
61910201,social media,marketing,assessment,Complex,6,2025-06-17,Social Media Assessment,8
61910202,data science,it,registration,Complex,9,2024-12-17,Data Science Registration,12
61910203,web development,it,assessment,Complex,11,2025-08-03,Web Development Assessment,11
61910204,digital marketing,marketing,application,Moderate,10,2025-02-25,Digital Marketing Application,11
61910205,portfolio management,economics,survey,Complex,6,2025-10-11,Portfolio Management Survey,10
61910206,content marketing,marketing,assessment,Complex,13,2025-01-20,Content Marketing Assessment,12
61910207,cybersecurity,it,registration,Complex,13,2025-05-08,Cybersecurity Registration,10
61910208,digital marketing,marketing,registration,Simple,6,2025-01-28,Digital Marketing Registration,9
61910209,social media,marketing,registration,Simple,7,2025-09-27,Social Media Registration,8
61910210,machine learning,it,registration,Simple,14,2024-12-08,Machine Learning Registration,7
61910211,cloud computing,it,application,Moderate,10,2025-06-08,Cloud Computing Application,3
61910212,machine learning,it,survey,Moderate,15,2025-02-14,Machine Learning Survey,5
61910213,market analysis,economics,application,Simple,13,2025-05-15,Market Analysis Application,3
61910214,financial modeling,economics,application,Moderate,10,2024-11-10,Financial Modeling Application,11
61910215,financial modeling,economics,assessment,Simple,13,2025-03-11,Financial Modeling Assessment,5
61910216,social media,marketing,survey,Moderate,11,2025-10-03,Social Media Survey,11
61910217,machine learning,it,assessment,Simple,5,2025-01-02,Machine Learning Assessment,10
61910218,brand management,marketing,assessment,Complex,12,2025-02-25,Brand Management Assessment,6
61910219,data science,it,application,Simple,12,2024-12-30,Data Science Application,3
61910220,content marketing,marketing,survey,Simple,13,2025-04-03,Content Marketing Survey,11
61910221,portfolio management,economics,application,Complex,11,2025-09-17,Portfolio Management Application,3
61910222,financial modeling,economics,registration,Moderate,9,2024-12-05,Financial Modeling Registration,9
61910223,social media,marketing,application,Complex,13,2025-08-16,Social Media Application,10
61910224,financial modeling,economics,survey,Simple,13,2025-05-29,Financial Modeling Survey,4
61910225,content marketing,marketing,application,Simple,6,2024-11-19,Content Marketing Application,3
61910226,market analysis,economics,survey,Moderate,5,2025-06-02,Market Analysis Survey,9
61910227,digital marketing,marketing,survey,Complex,9,2025-05-18,Digital Marketing Survey,10
61910228,cloud computing,it,registration,Simple,11,2025-08-09,Cloud Computing Registration,6
61910229,machine learning,it,application,Simple,8,2025-10-07,Machine Learning Application,12
61910230,investment planning,economics,registration,Moderate,14,2024-11-22,Investment Planning Registration,10
61910231,machine learning,it,survey,Moderate,14,2024-12-27,Machine Learning Survey,11
61910232,investment planning,economics,survey,Moderate,11,2025-07-01,Investment Planning Survey,6
61910233,content marketing,marketing,assessment,Moderate,12,2025-06-30,Content Marketing Assessment,5
61910234,brand management,marketing,assessment,Moderate,10,2025-09-03,Brand Management Assessment,9
61910235,portfolio management,economics,assessment,Complex,10,2025-07-18,Portfolio Management Assessment,8
61910236,portfolio management,economics,survey,Complex,8,2025-03-17,Portfolio Management Survey,3
61910237,cloud computing,it,survey,Complex,15,2024-12-23,Cloud Computing Survey,12
61910238,cloud computing,it,assessment,Simple,9,2025-08-09,Cloud Computing Assessment,9
61910239,portfolio management,economics,application,Moderate,14,2025-08-23,Portfolio Management Application,12
61910240,digital marketing,marketing,registration,Complex,10,2025-06-03,Digital Marketing Registration,5
61910241,cloud computing,it,registration,Simple,6,2024-12-03,Cloud Computing Registration,5
61910242,investment planning,economics,survey,Moderate,8,2025-02-13,Investment Planning Survey,10
61910243,market analysis,economics,registration,Complex,10,2025-02-03,Market Analysis Registration,11
61910244,cloud computing,it,survey,Moderate,14,2025-01-14,Cloud Computing Survey,6
61910245,financial modeling,economics,registration,Complex,5,2025-07-07,Financial Modeling Registration,4
61910246,financial modeling,economics,survey,Complex,11,2025-04-20,Financial Modeling Survey,9
61910247,market analysis,economics,survey,Simple,11,2025-04-26,Market Analysis Survey,4
61910248,portfolio management,economics,registration,Moderate,12,2025-03-08,Portfolio Management Registration,7
61910249,portfolio management,economics,registration,Simple,12,2025-09-15,Portfolio Management Registration,4
61910250,machine learning,it,application,Complex,9,2024-12-11,Machine Learning Application,4
61910251,cloud computing,it,application,Moderate,15,2024-12-07,Cloud Computing Application,7
61910252,digital marketing,marketing,application,Simple,9,2025-09-24,Digital Marketing Application,5
61910253,machine learning,it,application,Moderate,10,2024-12-25,Machine Learning Application,3
61910254,cloud computing,it,application,Moderate,10,2024-10-25,Cloud Computing Application,6
61910255,investment planning,economics,survey,Moderate,10,2025-06-15,Investment Planning Survey,11
61910256,web development,it,application,Complex,15,2024-11-13,Web Development Application,5
61910257,content marketing,marketing,assessment,Moderate,12,2025-05-07,Content Marketing Assessment,12
61910258,cloud computing,it,registration,Moderate,12,2025-09-26,Cloud Computing Registration,12
61910259,investment planning,economics,registration,Complex,5,2025-06-13,Investment Planning Registration,12
61910260,brand management,marketing,assessment,Simple,13,2025-06-29,Brand Management Assessment,6
61910261,content marketing,marketing,survey,Moderate,12,2025-10-02,Content Marketing Survey,4
61910262,cloud computing,it,survey,Moderate,12,2025-09-03,Cloud Computing Survey,5
61910263,cybersecurity,it,registration,Moderate,11,2025-06-14,Cybersecurity Registration,4
61910264,social media,marketing,registration,Moderate,13,2024-12-25,Social Media Registration,9
61910265,portfolio management,economics,assessment,Simple,7,2025-07-25,Portfolio Management Assessment,3
61910266,investment planning,economics,survey,Simple,11,2025-02-15,Investment Planning Survey,5
61910267,web development,it,survey,Complex,14,2025-10-11,Web Development Survey,11
61910268,cloud computing,it,assessment,Complex,14,2025-09-27,Cloud Computing Assessment,6
61910269,market analysis,economics,assessment,Moderate,14,2025-04-19,Market Analysis Assessment,10
61910270,financial modeling,economics,registration,Simple,13,2025-02-25,Financial Modeling Registration,11
61910271,social media,marketing,survey,Simple,7,2025-02-12,Social Media Survey,10
61910272,cybersecurity,it,registration,Simple,15,2025-09-22,Cybersecurity Registration,10
61910273,financial modeling,economics,assessment,Complex,11,2025-05-18,Financial Modeling Assessment,3
61910274,web development,it,application,Moderate,7,2025-01-25,Web Development Application,4
61910275,machine learning,it,survey,Complex,9,2025-03-24,Machine Learning Survey,10
61910276,cybersecurity,it,survey,Moderate,5,2025-05-19,Cybersecurity Survey,11
61910277,digital marketing,marketing,registration,Moderate,9,2025-04-17,Digital Marketing Registration,5
61910278,cybersecurity,it,registration,Simple,5,2025-05-22,Cybersecurity Registration,3
61910279,cloud computing,it,assessment,Complex,9,2025-08-02,Cloud Computing Assessment,10
61910280,portfolio management,economics,survey,Moderate,8,2025-09-06,Portfolio Management Survey,11
61910281,portfolio management,economics,assessment,Complex,15,2025-09-04,Portfolio Management Assessment,9
61910282,web development,it,assessment,Complex,11,2024-11-17,Web Development Assessment,3
61910283,machine learning,it,survey,Moderate,11,2024-11-24,Machine Learning Survey,7
61910284,cloud computing,it,survey,Complex,10,2025-08-14,Cloud Computing Survey,8
61910285,market analysis,economics,application,Simple,10,2024-11-10,Market Analysis Application,7
61910286,web development,it,assessment,Complex,6,2024-12-20,Web Development Assessment,12
61910287,market analysis,economics,application,Simple,11,2024-12-13,Market Analysis Application,6
61910288,digital marketing,marketing,assessment,Simple,13,2024-12-29,Digital Marketing Assessment,5
61910289,content marketing,marketing,registration,Simple,8,2024-11-19,Content Marketing Registration,8
61910290,cybersecurity,it,assessment,Complex,10,2025-10-24,Cybersecurity Assessment,11
61910291,machine learning,it,survey,Simple,14,2025-07-22,Machine Learning Survey,12
61910292,brand management,marketing,registration,Simple,9,2024-12-04,Brand Management Registration,6
61910293,investment planning,economics,assessment,Moderate,11,2025-08-14,Investment Planning Assessment,8
61910294,social media,marketing,application,Complex,9,2025-07-09,Social Media Application,8
61910295,social media,marketing,application,Complex,6,2024-12-02,Social Media Application,7
61910296,social media,marketing,assessment,Simple,12,2025-09-25,Social Media Assessment,4
61910297,market analysis,economics,application,Complex,13,2025-02-14,Market Analysis Application,4
61910298,portfolio management,economics,application,Complex,14,2025-03-31,Portfolio Management Application,4
61910299,cloud computing,it,application,Moderate,11,2025-03-29,Cloud Computing Application,4
61910300,cybersecurity,it,assessment,Simple,12,2025-08-19,Cybersecurity Assessment,9
61910301,investment planning,economics,application,Moderate,8,2025-02-15,Investment Planning Application,12
61910302,digital marketing,marketing,application,Complex,11,2025-09-29,Digital Marketing Application,12
61910303,web development,it,registration,Complex,15,2025-08-09,Web Development Registration,4
61910304,brand management,marketing,registration,Moderate,11,2025-09-28,Brand Management Registration,3
61910305,brand management,marketing,application,Complex,9,2025-07-24,Brand Management Application,11
61910306,social media,marketing,registration,Simple,12,2025-04-04,Social Media Registration,8
61910307,web development,it,registration,Simple,10,2025-08-04,Web Development Registration,8
61910308,digital marketing,marketing,survey,Simple,11,2024-12-21,Digital Marketing Survey,7
61910309,digital marketing,marketing,assessment,Simple,9,2025-02-18,Digital Marketing Assessment,3
61910310,financial modeling,economics,registration,Complex,9,2025-09-22,Financial Modeling Registration,5
61910311,machine learning,it,survey,Simple,6,2024-12-19,Machine Learning Survey,9
61910312,machine learning,it,survey,Complex,11,2025-08-31,Machine Learning Survey,5
61910313,content marketing,marketing,registration,Moderate,15,2025-05-17,Content Marketing Registration,11
61910314,web development,it,application,Moderate,8,2025-08-25,Web Development Application,12
61910315,brand management,marketing,registration,Complex,13,2025-04-21,Brand Management Registration,5
61910316,investment planning,economics,assessment,Simple,10,2025-02-05,Investment Planning Assessment,4
61910317,content marketing,marketing,application,Simple,8,2024-11-03,Content Marketing Application,4
61910318,brand management,marketing,survey,Moderate,8,2025-02-14,Brand Management Survey,12
61910319,data science,it,application,Complex,8,2025-01-25,Data Science Application,8
61910320,investment planning,economics,assessment,Simple,5,2025-01-15,Investment Planning Assessment,10
61910321,portfolio management,economics,survey,Simple,6,2025-04-08,Portfolio Management Survey,9
61910322,web development,it,registration,Moderate,5,2025-02-20,Web Development Registration,11
61910323,brand management,marketing,application,Complex,11,2025-02-26,Brand Management Application,10
61910324,digital marketing,marketing,assessment,Moderate,5,2025-08-24,Digital Marketing Assessment,10
61910325,content marketing,marketing,registration,Simple,10,2025-01-20,Content Marketing Registration,6
61910326,financial modeling,economics,assessment,Moderate,9,2025-03-11,Financial Modeling Assessment,9
61910327,portfolio management,economics,survey,Complex,8,2025-03-26,Portfolio Management Survey,9
61910328,brand management,marketing,registration,Moderate,15,2024-12-12,Brand Management Registration,9
61910329,brand management,marketing,assessment,Moderate,15,2025-06-24,Brand Management Assessment,10
61910330,cybersecurity,it,assessment,Complex,7,2025-10-20,Cybersecurity Assessment,11
61910331,portfolio management,economics,survey,Moderate,5,2025-06-24,Portfolio Management Survey,6
61910332,brand management,marketing,assessment,Simple,5,2025-05-01,Brand Management Assessment,12
61910333,web development,it,survey,Complex,6,2025-05-13,Web Development Survey,5
61910334,portfolio management,economics,survey,Complex,7,2025-10-11,Portfolio Management Survey,4
61910335,brand management,marketing,survey,Simple,13,2025-01-15,Brand Management Survey,5
61910336,social media,marketing,assessment,Complex,9,2025-01-04,Social Media Assessment,11
61910337,financial modeling,economics,registration,Simple,6,2024-12-30,Financial Modeling Registration,12
61910338,financial modeling,economics,registration,Simple,13,2025-08-31,Financial Modeling Registration,3
61910339,cloud computing,it,assessment,Simple,6,2024-12-19,Cloud Computing Assessment,11
61910340,data science,it,application,Moderate,13,2025-07-30,Data Science Application,7
61910341,cloud computing,it,assessment,Moderate,8,2025-05-25,Cloud Computing Assessment,5
61910342,social media,marketing,registration,Complex,15,2025-03-20,Social Media Registration,6
61910343,investment planning,economics,application,Simple,8,2025-03-20,Investment Planning Application,3
61910344,financial modeling,economics,survey,Moderate,8,2025-06-27,Financial Modeling Survey,7
61910345,cybersecurity,it,application,Moderate,5,2025-04-21,Cybersecurity Application,10
61910346,content marketing,marketing,survey,Moderate,10,2025-03-18,Content Marketing Survey,5
61910347,machine learning,it,application,Complex,14,2025-10-01,Machine Learning Application,8
61910348,cloud computing,it,application,Moderate,13,2025-07-29,Cloud Computing Application,8
61910349,investment planning,economics,survey,Moderate,6,2025-09-05,Investment Planning Survey,9
61910350,investment planning,economics,survey,Moderate,7,2025-03-10,Investment Planning Survey,10
61910351,content marketing,marketing,assessment,Complex,10,2024-11-06,Content Marketing Assessment,7
61910352,investment planning,economics,registration,Complex,8,2025-05-23,Investment Planning Registration,11
61910353,digital marketing,marketing,registration,Simple,10,2025-05-16,Digital Marketing Registration,9
61910354,machine learning,it,application,Moderate,11,2025-06-10,Machine Learning Application,11
61910355,cybersecurity,it,application,Complex,6,2025-08-19,Cybersecurity Application,9
61910356,cloud computing,it,application,Simple,5,2025-03-31,Cloud Computing Application,6
61910357,investment planning,economics,survey,Simple,10,2025-06-09,Investment Planning Survey,9
61910358,cybersecurity,it,registration,Simple,7,2025-05-19,Cybersecurity Registration,11
61910359,data science,it,survey,Complex,9,2024-11-27,Data Science Survey,6
61910360,financial modeling,economics,registration,Complex,10,2025-07-04,Financial Modeling Registration,4
61910361,data science,it,survey,Moderate,15,2024-11-22,Data Science Survey,6
61910362,cloud computing,it,registration,Moderate,9,2025-07-11,Cloud Computing Registration,12
61910363,digital marketing,marketing,assessment,Simple,5,2025-08-29,Digital Marketing Assessment,11
61910364,digital marketing,marketing,assessment,Simple,8,2025-09-12,Digital Marketing Assessment,7
61910365,financial modeling,economics,registration,Simple,10,2024-12-19,Financial Modeling Registration,4
61910366,digital marketing,marketing,registration,Simple,6,2025-05-14,Digital Marketing Registration,8
61910367,portfolio management,economics,application,Simple,14,2025-03-08,Portfolio Management Application,6
61910368,portfolio management,economics,application,Simple,11,2025-10-24,Portfolio Management Application,4
61910369,machine learning,it,assessment,Complex,12,2025-08-18,Machine Learning Assessment,9
61910370,cybersecurity,it,assessment,Moderate,5,2025-07-30,Cybersecurity Assessment,7
61910371,brand management,marketing,assessment,Complex,15,2025-10-15,Brand Management Assessment,6
61910372,web development,it,assessment,Simple,11,2025-03-30,Web Development Assessment,6
61910373,portfolio management,economics,assessment,Moderate,9,2025-04-28,Portfolio Management Assessment,6
61910374,content marketing,marketing,assessment,Moderate,10,2025-05-29,Content Marketing Assessment,3
61910375,web development,it,survey,Complex,13,2025-05-12,Web Development Survey,7
61910376,machine learning,it,registration,Complex,13,2025-09-18,Machine Learning Registration,9
61910377,web development,it,registration,Moderate,10,2025-01-12,Web Development Registration,5
61910378,financial modeling,economics,application,Moderate,6,2025-10-19,Financial Modeling Application,4
61910379,machine learning,it,application,Moderate,13,2025-07-18,Machine Learning Application,6
61910380,brand management,marketing,assessment,Simple,14,2024-12-12,Brand Management Assessment,5
61910381,market analysis,economics,survey,Moderate,7,2024-12-04,Market Analysis Survey,9
61910382,market analysis,economics,application,Simple,5,2025-06-03,Market Analysis Application,12
61910383,content marketing,marketing,registration,Moderate,9,2025-07-01,Content Marketing Registration,5
61910384,financial modeling,economics,registration,Complex,7,2024-12-03,Financial Modeling Registration,10
61910385,financial modeling,economics,assessment,Simple,7,2025-05-03,Financial Modeling Assessment,10
61910386,digital marketing,marketing,survey,Simple,14,2024-12-16,Digital Marketing Survey,10
61910387,machine learning,it,application,Complex,14,2025-02-10,Machine Learning Application,3
61910388,social media,marketing,registration,Simple,10,2024-12-25,Social Media Registration,7
61910389,digital marketing,marketing,registration,Complex,9,2025-02-03,Digital Marketing Registration,9
61910390,financial modeling,economics,survey,Complex,8,2025-02-15,Financial Modeling Survey,12
61910391,financial modeling,economics,application,Complex,8,2025-08-23,Financial Modeling Application,11
61910392,investment planning,economics,assessment,Simple,6,2025-06-20,Investment Planning Assessment,11
61910393,web development,it,assessment,Simple,8,2024-12-30,Web Development Assessment,3
61910394,content marketing,marketing,application,Simple,12,2025-02-14,Content Marketing Application,3
61910395,market analysis,economics,registration,Complex,10,2025-01-08,Market Analysis Registration,5
61910396,data science,it,survey,Simple,12,2025-06-27,Data Science Survey,5
61910397,brand management,marketing,survey,Moderate,6,2025-02-05,Brand Management Survey,4
61910398,digital marketing,marketing,application,Complex,6,2025-07-04,Digital Marketing Application,9
61910399,web development,it,survey,Moderate,11,2025-09-30,Web Development Survey,8
61910400,web development,it,registration,Simple,12,2025-09-05,Web Development Registration,7
61910401,market analysis,economics,application,Complex,15,2025-10-21,Market Analysis Application,8
61910402,portfolio management,economics,application,Moderate,5,2024-12-30,Portfolio Management Application,9
61910403,cybersecurity,it,survey,Complex,12,2025-01-16,Cybersecurity Survey,3
61910404,data science,it,survey,Simple,9,2025-03-12,Data Science Survey,12
61910405,digital marketing,marketing,registration,Moderate,10,2025-02-21,Digital Marketing Registration,9
61910406,web development,it,survey,Moderate,9,2025-05-16,Web Development Survey,4
61910407,market analysis,economics,survey,Moderate,14,2025-09-09,Market Analysis Survey,10
61910408,investment planning,economics,application,Simple,12,2025-10-14,Investment Planning Application,6
61910409,market analysis,economics,registration,Simple,5,2025-01-04,Market Analysis Registration,11
61910410,digital marketing,marketing,survey,Complex,13,2025-10-20,Digital Marketing Survey,3
61910411,web development,it,application,Complex,8,2025-05-20,Web Development Application,10
61910412,machine learning,it,assessment,Moderate,10,2025-07-29,Machine Learning Assessment,11
61910413,market analysis,economics,registration,Moderate,11,2025-10-08,Market Analysis Registration,12
61910414,investment planning,economics,assessment,Simple,14,2025-08-06,Investment Planning Assessment,9
61910415,cloud computing,it,assessment,Moderate,12,2025-04-09,Cloud Computing Assessment,6
61910416,brand management,marketing,survey,Simple,7,2025-04-10,Brand Management Survey,3
61910417,brand management,marketing,application,Moderate,12,2025-06-11,Brand Management Application,11
61910418,brand management,marketing,registration,Moderate,12,2025-10-19,Brand Management Registration,3
61910419,financial modeling,economics,application,Simple,7,2025-02-21,Financial Modeling Application,8
61910420,cloud computing,it,survey,Simple,9,2024-12-17,Cloud Computing Survey,5
61910421,digital marketing,marketing,registration,Moderate,11,2025-03-05,Digital Marketing Registration,8
61910422,data science,it,registration,Moderate,6,2025-03-28,Data Science Registration,8
61910423,portfolio management,economics,assessment,Complex,9,2025-04-22,Portfolio Management Assessment,9
61910424,portfolio management,economics,registration,Simple,10,2025-05-22,Portfolio Management Registration,8
61910425,portfolio management,economics,registration,Moderate,15,2025-09-25,Portfolio Management Registration,3
61910426,brand management,marketing,application,Simple,9,2025-05-26,Brand Management Application,3
61910427,brand management,marketing,registration,Simple,13,2025-09-18,Brand Management Registration,11
61910428,digital marketing,marketing,survey,Complex,8,2025-03-05,Digital Marketing Survey,4
61910429,content marketing,marketing,application,Simple,15,2025-02-16,Content Marketing Application,7
61910430,brand management,marketing,application,Moderate,15,2025-03-09,Brand Management Application,10
61910431,market analysis,economics,survey,Moderate,6,2025-05-06,Market Analysis Survey,3
61910432,investment planning,economics,application,Moderate,8,2025-06-27,Investment Planning Application,4
61910433,cloud computing,it,survey,Simple,15,2024-11-15,Cloud Computing Survey,7
61910434,cybersecurity,it,assessment,Moderate,10,2025-05-25,Cybersecurity Assessment,5
61910435,cybersecurity,it,assessment,Moderate,6,2025-09-08,Cybersecurity Assessment,4
61910436,content marketing,marketing,registration,Moderate,5,2024-10-30,Content Marketing Registration,7
61910437,cloud computing,it,survey,Simple,7,2024-12-22,Cloud Computing Survey,12
61910438,cybersecurity,it,registration,Simple,13,2025-01-16,Cybersecurity Registration,7
61910439,digital marketing,marketing,registration,Simple,15,2024-11-23,Digital Marketing Registration,4
61910440,cloud computing,it,assessment,Moderate,15,2025-09-01,Cloud Computing Assessment,7
61910441,data science,it,registration,Moderate,14,2025-02-10,Data Science Registration,11
61910442,web development,it,assessment,Moderate,10,2025-07-06,Web Development Assessment,5
61910443,market analysis,economics,application,Moderate,12,2024-12-19,Market Analysis Application,8
61910444,digital marketing,marketing,survey,Complex,12,2025-05-17,Digital Marketing Survey,11
61910445,content marketing,marketing,application,Simple,7,2025-10-05,Content Marketing Application,5
61910446,cybersecurity,it,assessment,Complex,11,2025-03-11,Cybersecurity Assessment,10
61910447,content marketing,marketing,assessment,Simple,9,2025-05-28,Content Marketing Assessment,8
61910448,market analysis,economics,assessment,Simple,12,2025-03-01,Market Analysis Assessment,12
61910449,digital marketing,marketing,application,Simple,7,2025-04-07,Digital Marketing Application,9
61910450,investment planning,economics,application,Moderate,11,2025-06-03,Investment Planning Application,8
61910451,investment planning,economics,application,Moderate,13,2025-07-04,Investment Planning Application,6
61910452,market analysis,economics,assessment,Complex,13,2025-10-04,Market Analysis Assessment,7
61910453,brand management,marketing,registration,Moderate,10,2024-12-26,Brand Management Registration,10
61910454,social media,marketing,assessment,Moderate,6,2025-05-28,Social Media Assessment,8
61910455,brand management,marketing,assessment,Moderate,5,2025-09-05,Brand Management Assessment,6
61910456,digital marketing,marketing,registration,Moderate,7,2025-04-16,Digital Marketing Registration,12
61910457,brand management,marketing,survey,Moderate,6,2025-01-29,Brand Management Survey,3
61910458,social media,marketing,survey,Moderate,8,2024-12-27,Social Media Survey,10
61910459,brand management,marketing,application,Complex,6,2025-02-17,Brand Management Application,6
61910460,financial modeling,economics,registration,Simple,9,2025-07-20,Financial Modeling Registration,7
61910461,portfolio management,economics,assessment,Complex,8,2024-11-16,Portfolio Management Assessment,7
61910462,cloud computing,it,survey,Moderate,14,2025-09-25,Cloud Computing Survey,8
61910463,web development,it,application,Complex,14,2025-02-28,Web Development Application,6
61910464,web development,it,application,Simple,14,2025-01-07,Web Development Application,12
61910465,social media,marketing,assessment,Simple,6,2025-04-21,Social Media Assessment,12
61910466,web development,it,application,Moderate,7,2024-11-14,Web Development Application,5
61910467,machine learning,it,registration,Complex,14,2025-06-18,Machine Learning Registration,11
61910468,financial modeling,economics,assessment,Moderate,11,2025-02-18,Financial Modeling Assessment,11
61910469,digital marketing,marketing,application,Simple,11,2024-11-12,Digital Marketing Application,5
61910470,cloud computing,it,survey,Complex,8,2025-09-23,Cloud Computing Survey,12
61910471,web development,it,application,Moderate,5,2025-05-15,Web Development Application,3
61910472,portfolio management,economics,survey,Moderate,8,2025-09-20,Portfolio Management Survey,10
61910473,portfolio management,economics,registration,Complex,14,2024-12-09,Portfolio Management Registration,6
61910474,portfolio management,economics,application,Complex,14,2025-05-05,Portfolio Management Application,3
61910475,data science,it,assessment,Complex,5,2025-04-04,Data Science Assessment,4
61910476,web development,it,assessment,Simple,7,2025-07-08,Web Development Assessment,6
61910477,cloud computing,it,assessment,Moderate,15,2025-04-06,Cloud Computing Assessment,4
61910478,market analysis,economics,registration,Simple,6,2025-07-17,Market Analysis Registration,7
61910479,web development,it,registration,Complex,7,2025-09-19,Web Development Registration,12
61910480,financial modeling,economics,survey,Complex,13,2025-05-07,Financial Modeling Survey,5
61910481,web development,it,registration,Simple,15,2024-12-24,Web Development Registration,5
61910482,brand management,marketing,registration,Complex,10,2025-04-12,Brand Management Registration,12
61910483,machine learning,it,application,Simple,10,2025-07-31,Machine Learning Application,3
61910484,machine learning,it,survey,Complex,12,2025-03-05,Machine Learning Survey,10
61910485,portfolio management,economics,assessment,Simple,10,2024-11-21,Portfolio Management Assessment,7
61910486,digital marketing,marketing,assessment,Complex,6,2025-07-07,Digital Marketing Assessment,12
61910487,brand management,marketing,application,Complex,6,2025-05-11,Brand Management Application,10
61910488,portfolio management,economics,application,Moderate,6,2025-10-06,Portfolio Management Application,10
61910489,market analysis,economics,registration,Simple,15,2025-09-16,Market Analysis Registration,6
61910490,cybersecurity,it,survey,Complex,14,2025-04-13,Cybersecurity Survey,6
61910491,digital marketing,marketing,application,Simple,11,2024-11-29,Digital Marketing Application,12
61910492,social media,marketing,application,Simple,9,2025-04-03,Social Media Application,6
61910493,digital marketing,marketing,survey,Complex,7,2025-04-15,Digital Marketing Survey,10
61910494,web development,it,registration,Moderate,8,2024-12-23,Web Development Registration,6
61910495,brand management,marketing,survey,Simple,10,2025-03-19,Brand Management Survey,11
61910496,cloud computing,it,survey,Simple,9,2025-03-26,Cloud Computing Survey,11
61910497,data science,it,registration,Simple,13,2025-06-23,Data Science Registration,7
61910498,cybersecurity,it,application,Simple,14,2025-08-17,Cybersecurity Application,5
61910499,content marketing,marketing,survey,Moderate,8,2024-12-03,Content Marketing Survey,6
61910500,investment planning,economics,survey,Simple,7,2025-04-21,Investment Planning Survey,7
61910501,investment planning,economics,assessment,Moderate,6,2025-02-05,Investment Planning Assessment,6
61910502,digital marketing,marketing,application,Complex,15,2025-01-22,Digital Marketing Application,8
61910503,social media,marketing,survey,Simple,12,2025-05-31,Social Media Survey,7
61910504,content marketing,marketing,assessment,Simple,11,2025-06-05,Content Marketing Assessment,4
61910505,digital marketing,marketing,survey,Simple,14,2025-02-16,Digital Marketing Survey,10
61910506,brand management,marketing,registration,Moderate,7,2025-05-30,Brand Management Registration,7
61910507,social media,marketing,application,Simple,7,2025-09-09,Social Media Application,5
61910508,market analysis,economics,registration,Complex,6,2024-12-11,Market Analysis Registration,5
61910509,financial modeling,economics,application,Simple,9,2025-10-14,Financial Modeling Application,4
61910510,brand management,marketing,assessment,Moderate,13,2025-10-21,Brand Management Assessment,6
61910511,brand management,marketing,application,Complex,15,2025-03-10,Brand Management Application,6
61910512,market analysis,economics,survey,Moderate,15,2025-04-25,Market Analysis Survey,9
61910513,digital marketing,marketing,registration,Complex,14,2025-04-23,Digital Marketing Registration,12
61910514,cloud computing,it,application,Moderate,12,2024-12-21,Cloud Computing Application,5
61910515,social media,marketing,application,Complex,12,2024-11-03,Social Media Application,6
61910516,portfolio management,economics,registration,Simple,5,2025-05-24,Portfolio Management Registration,10
61910517,market analysis,economics,assessment,Complex,8,2025-04-15,Market Analysis Assessment,9
61910518,financial modeling,economics,registration,Simple,13,2025-01-27,Financial Modeling Registration,3
61910519,market analysis,economics,registration,Simple,7,2025-09-19,Market Analysis Registration,12
61910520,web development,it,application,Simple,10,2025-10-23,Web Development Application,8
61910521,machine learning,it,survey,Moderate,5,2025-08-25,Machine Learning Survey,5
61910522,investment planning,economics,survey,Complex,15,2025-05-01,Investment Planning Survey,7
61910523,machine learning,it,application,Simple,14,2025-05-16,Machine Learning Application,4
61910524,data science,it,application,Moderate,12,2025-10-08,Data Science Application,9
61910525,cloud computing,it,registration,Complex,9,2025-08-09,Cloud Computing Registration,9
61910526,web development,it,survey,Moderate,11,2025-10-08,Web Development Survey,3
61910527,data science,it,application,Complex,14,2025-03-05,Data Science Application,4
61910528,digital marketing,marketing,assessment,Complex,11,2025-02-19,Digital Marketing Assessment,9
61910529,data science,it,application,Complex,14,2025-01-22,Data Science Application,3
61910530,investment planning,economics,assessment,Complex,14,2025-05-13,Investment Planning Assessment,5
61910531,portfolio management,economics,assessment,Simple,10,2024-12-03,Portfolio Management Assessment,12
61910532,data science,it,application,Simple,10,2024-12-17,Data Science Application,11
61910533,financial modeling,economics,registration,Simple,12,2024-11-23,Financial Modeling Registration,6
61910534,social media,marketing,assessment,Moderate,5,2025-01-22,Social Media Assessment,5
61910535,portfolio management,economics,registration,Moderate,6,2025-01-12,Portfolio Management Registration,6
61910536,data science,it,survey,Moderate,14,2025-05-16,Data Science Survey,12
61910537,cybersecurity,it,survey,Moderate,14,2025-07-28,Cybersecurity Survey,10
61910538,market analysis,economics,registration,Complex,14,2025-08-19,Market Analysis Registration,11
61910539,portfolio management,economics,survey,Moderate,15,2025-10-14,Portfolio Management Survey,8
61910540,content marketing,marketing,assessment,Complex,13,2025-04-13,Content Marketing Assessment,3
61910541,market analysis,economics,assessment,Complex,11,2025-03-18,Market Analysis Assessment,6
61910542,cybersecurity,it,application,Complex,8,2024-11-14,Cybersecurity Application,10
61910543,investment planning,economics,assessment,Complex,5,2025-07-23,Investment Planning Assessment,5
61910544,investment planning,economics,registration,Simple,15,2025-02-06,Investment Planning Registration,4
61910545,machine learning,it,survey,Simple,6,2025-01-31,Machine Learning Survey,12
61910546,portfolio management,economics,registration,Complex,5,2025-02-03,Portfolio Management Registration,5
61910547,portfolio management,economics,registration,Complex,12,2025-07-05,Portfolio Management Registration,11
61910548,machine learning,it,survey,Simple,5,2024-11-27,Machine Learning Survey,5
61910549,portfolio management,economics,assessment,Simple,6,2025-08-10,Portfolio Management Assessment,5
61910550,content marketing,marketing,survey,Moderate,11,2025-10-14,Content Marketing Survey,7
61910551,portfolio management,economics,application,Moderate,7,2025-05-08,Portfolio Management Application,3
61910552,web development,it,application,Complex,7,2024-12-30,Web Development Application,9
61910553,market analysis,economics,survey,Moderate,10,2025-02-25,Market Analysis Survey,12
61910554,portfolio management,economics,survey,Moderate,14,2025-06-02,Portfolio Management Survey,4
61910555,portfolio management,economics,application,Moderate,14,2025-06-23,Portfolio Management Application,8
61910556,portfolio management,economics,survey,Moderate,13,2025-06-02,Portfolio Management Survey,9
61910557,brand management,marketing,application,Complex,13,2025-02-28,Brand Management Application,12
61910558,brand management,marketing,assessment,Complex,8,2025-09-15,Brand Management Assessment,6
61910559,market analysis,economics,survey,Complex,11,2025-01-28,Market Analysis Survey,5
61910560,portfolio management,economics,survey,Complex,15,2025-01-09,Portfolio Management Survey,3
61910561,cybersecurity,it,application,Simple,5,2024-12-22,Cybersecurity Application,7
61910562,cloud computing,it,registration,Simple,8,2025-10-14,Cloud Computing Registration,5
61910563,data science,it,registration,Moderate,9,2025-09-03,Data Science Registration,12
61910564,web development,it,registration,Simple,14,2025-03-30,Web Development Registration,4
61910565,market analysis,economics,survey,Moderate,14,2025-03-07,Market Analysis Survey,12
61910566,content marketing,marketing,survey,Complex,7,2025-03-28,Content Marketing Survey,11
61910567,market analysis,economics,application,Moderate,11,2025-02-23,Market Analysis Application,3
61910568,content marketing,marketing,registration,Simple,10,2025-03-15,Content Marketing Registration,8
61910569,machine learning,it,survey,Moderate,13,2025-01-02,Machine Learning Survey,4
61910570,machine learning,it,survey,Simple,12,2025-09-07,Machine Learning Survey,12
61910571,data science,it,application,Simple,13,2025-05-12,Data Science Application,8
61910572,data science,it,survey,Complex,12,2025-06-17,Data Science Survey,12
61910573,machine learning,it,registration,Simple,10,2025-08-21,Machine Learning Registration,3
61910574,web development,it,survey,Moderate,15,2024-11-15,Web Development Survey,5
61910575,financial modeling,economics,application,Moderate,15,2025-08-01,Financial Modeling Application,9
61910576,portfolio management,economics,application,Simple,15,2025-03-04,Portfolio Management Application,4
61910577,investment planning,economics,application,Moderate,15,2025-07-06,Investment Planning Application,10
61910578,brand management,marketing,survey,Complex,8,2025-02-21,Brand Management Survey,7
61910579,investment planning,economics,application,Moderate,10,2025-05-05,Investment Planning Application,5
61910580,digital marketing,marketing,application,Complex,11,2025-10-15,Digital Marketing Application,12
61910581,investment planning,economics,application,Moderate,8,2025-02-17,Investment Planning Application,5
61910582,cloud computing,it,registration,Simple,10,2025-02-12,Cloud Computing Registration,7
61910583,social media,marketing,survey,Complex,12,2024-12-07,Social Media Survey,12
61910584,cloud computing,it,assessment,Simple,6,2024-12-06,Cloud Computing Assessment,5
61910585,machine learning,it,application,Simple,9,2025-08-07,Machine Learning Application,3
61910586,market analysis,economics,registration,Simple,8,2025-08-12,Market Analysis Registration,6
61910587,market analysis,economics,assessment,Simple,10,2024-12-23,Market Analysis Assessment,5
61910588,market analysis,economics,survey,Complex,10,2025-01-28,Market Analysis Survey,10
61910589,machine learning,it,registration,Complex,11,2025-09-17,Machine Learning Registration,11
61910590,market analysis,economics,registration,Complex,15,2025-08-17,Market Analysis Registration,7
61910591,web development,it,assessment,Simple,6,2025-02-04,Web Development Assessment,6
61910592,brand management,marketing,registration,Complex,12,2025-01-23,Brand Management Registration,7
61910593,brand management,marketing,application,Moderate,11,2025-09-13,Brand Management Application,10
61910594,social media,marketing,registration,Simple,13,2024-11-14,Social Media Registration,6
61910595,investment planning,economics,application,Moderate,7,2025-09-26,Investment Planning Application,8
61910596,cybersecurity,it,assessment,Moderate,6,2024-12-14,Cybersecurity Assessment,7
61910597,cybersecurity,it,registration,Simple,12,2025-06-09,Cybersecurity Registration,5
61910598,content marketing,marketing,application,Moderate,12,2025-02-19,Content Marketing Application,9
61910599,content marketing,marketing,application,Moderate,7,2025-02-02,Content Marketing Application,3
61910600,portfolio management,economics,survey,Moderate,5,2024-12-28,Portfolio Management Survey,12
61910601,financial modeling,economics,assessment,Complex,7,2024-10-25,Financial Modeling Assessment,7
61910602,digital marketing,marketing,registration,Complex,5,2025-02-28,Digital Marketing Registration,10
61910603,brand management,marketing,registration,Moderate,15,2025-06-10,Brand Management Registration,11
61910604,market analysis,economics,application,Complex,7,2025-06-16,Market Analysis Application,11
61910605,investment planning,economics,registration,Moderate,9,2024-12-26,Investment Planning Registration,7
61910606,portfolio management,economics,registration,Moderate,5,2025-03-25,Portfolio Management Registration,8
61910607,market analysis,economics,registration,Complex,14,2025-02-15,Market Analysis Registration,4
61910608,data science,it,assessment,Moderate,15,2025-07-08,Data Science Assessment,3
61910609,cybersecurity,it,assessment,Complex,10,2025-03-02,Cybersecurity Assessment,10
61910610,financial modeling,economics,survey,Complex,11,2025-04-08,Financial Modeling Survey,7
61910611,data science,it,survey,Simple,7,2025-08-19,Data Science Survey,6
61910612,brand management,marketing,survey,Moderate,11,2024-11-21,Brand Management Survey,5
61910613,web development,it,assessment,Complex,11,2025-01-31,Web Development Assessment,3
61910614,machine learning,it,survey,Complex,12,2025-03-09,Machine Learning Survey,12
61910615,data science,it,survey,Complex,10,2024-11-17,Data Science Survey,12
61910616,investment planning,economics,assessment,Simple,7,2025-10-23,Investment Planning Assessment,5
61910617,digital marketing,marketing,assessment,Simple,8,2025-02-02,Digital Marketing Assessment,4
61910618,market analysis,economics,survey,Complex,14,2025-09-13,Market Analysis Survey,5
61910619,digital marketing,marketing,registration,Complex,9,2025-08-08,Digital Marketing Registration,4
61910620,brand management,marketing,registration,Simple,10,2025-06-26,Brand Management Registration,11
61910621,portfolio management,economics,registration,Simple,12,2025-08-17,Portfolio Management Registration,8
61910622,web development,it,survey,Complex,7,2025-10-24,Web Development Survey,8
61910623,data science,it,assessment,Complex,15,2025-07-15,Data Science Assessment,7
61910624,brand management,marketing,application,Simple,15,2025-07-09,Brand Management Application,4
61910625,digital marketing,marketing,assessment,Simple,5,2025-03-04,Digital Marketing Assessment,10
61910626,social media,marketing,assessment,Simple,13,2025-05-31,Social Media Assessment,12
61910627,social media,marketing,assessment,Complex,9,2024-12-04,Social Media Assessment,5
61910628,data science,it,survey,Complex,15,2025-06-12,Data Science Survey,9
61910629,portfolio management,economics,application,Moderate,5,2025-10-05,Portfolio Management Application,3
61910630,social media,marketing,survey,Simple,6,2024-10-30,Social Media Survey,9
61910631,market analysis,economics,registration,Complex,12,2024-11-18,Market Analysis Registration,9
61910632,digital marketing,marketing,application,Complex,9,2025-05-01,Digital Marketing Application,8
61910633,market analysis,economics,registration,Simple,15,2025-03-13,Market Analysis Registration,4
61910634,content marketing,marketing,assessment,Simple,9,2025-05-19,Content Marketing Assessment,8
61910635,portfolio management,economics,survey,Moderate,6,2025-05-27,Portfolio Management Survey,7
61910636,market analysis,economics,assessment,Simple,9,2025-04-14,Market Analysis Assessment,8
61910637,market analysis,economics,assessment,Moderate,13,2025-06-07,Market Analysis Assessment,9
61910638,data science,it,registration,Complex,11,2025-05-07,Data Science Registration,4
61910639,cybersecurity,it,survey,Moderate,11,2025-08-21,Cybersecurity Survey,8
61910640,market analysis,economics,survey,Complex,8,2025-03-04,Market Analysis Survey,12
61910641,digital marketing,marketing,survey,Complex,10,2025-03-18,Digital Marketing Survey,5
61910642,investment planning,economics,application,Simple,10,2024-12-29,Investment Planning Application,11
61910643,investment planning,economics,assessment,Simple,6,2025-01-06,Investment Planning Assessment,10
61910644,investment planning,economics,application,Moderate,5,2025-09-29,Investment Planning Application,9
61910645,machine learning,it,assessment,Complex,10,2025-03-23,Machine Learning Assessment,12
61910646,data science,it,application,Moderate,6,2024-11-14,Data Science Application,8
61910647,financial modeling,economics,assessment,Complex,13,2024-11-21,Financial Modeling Assessment,8
61910648,brand management,marketing,registration,Simple,12,2024-11-06,Brand Management Registration,3
61910649,brand management,marketing,registration,Simple,11,2025-09-26,Brand Management Registration,4
61910650,web development,it,survey,Complex,8,2025-04-25,Web Development Survey,9
61910651,machine learning,it,application,Simple,6,2025-03-19,Machine Learning Application,7
61910652,portfolio management,economics,assessment,Simple,5,2025-07-28,Portfolio Management Assessment,10
61910653,data science,it,assessment,Moderate,5,2025-02-14,Data Science Assessment,10
61910654,content marketing,marketing,registration,Complex,15,2025-03-15,Content Marketing Registration,12
61910655,data science,it,assessment,Simple,10,2025-03-29,Data Science Assessment,8
61910656,portfolio management,economics,registration,Moderate,14,2025-07-09,Portfolio Management Registration,10
61910657,social media,marketing,registration,Moderate,6,2024-11-04,Social Media Registration,12
61910658,digital marketing,marketing,application,Simple,6,2025-04-12,Digital Marketing Application,6
61910659,brand management,marketing,application,Moderate,11,2025-04-24,Brand Management Application,6
61910660,web development,it,assessment,Simple,11,2025-06-15,Web Development Assessment,10
61910661,brand management,marketing,registration,Complex,12,2024-12-17,Brand Management Registration,10
61910662,content marketing,marketing,assessment,Moderate,8,2025-06-02,Content Marketing Assessment,11
61910663,digital marketing,marketing,application,Moderate,8,2024-11-07,Digital Marketing Application,3
61910664,social media,marketing,registration,Complex,5,2025-10-14,Social Media Registration,8
61910665,social media,marketing,assessment,Complex,10,2024-11-14,Social Media Assessment,5
61910666,digital marketing,marketing,registration,Moderate,10,2024-11-17,Digital Marketing Registration,7
61910667,web development,it,survey,Simple,10,2025-06-03,Web Development Survey,8
61910668,investment planning,economics,assessment,Simple,5,2025-03-04,Investment Planning Assessment,3
61910669,machine learning,it,registration,Complex,10,2025-04-20,Machine Learning Registration,5
61910670,digital marketing,marketing,survey,Complex,5,2025-03-18,Digital Marketing Survey,8
61910671,social media,marketing,assessment,Complex,13,2025-08-03,Social Media Assessment,3
61910672,brand management,marketing,application,Simple,9,2025-04-10,Brand Management Application,8
61910673,content marketing,marketing,survey,Simple,12,2025-07-23,Content Marketing Survey,12
61910674,investment planning,economics,registration,Moderate,5,2025-05-03,Investment Planning Registration,8
61910675,investment planning,economics,application,Simple,10,2025-10-08,Investment Planning Application,9
61910676,portfolio management,economics,application,Simple,13,2025-08-13,Portfolio Management Application,3
61910677,machine learning,it,assessment,Simple,13,2025-03-06,Machine Learning Assessment,3
61910678,cybersecurity,it,registration,Simple,7,2025-08-23,Cybersecurity Registration,4
61910679,digital marketing,marketing,survey,Moderate,7,2025-03-29,Digital Marketing Survey,5
61910680,digital marketing,marketing,survey,Moderate,14,2025-10-24,Digital Marketing Survey,7
61910681,cybersecurity,it,registration,Complex,10,2025-05-03,Cybersecurity Registration,11
61910682,social media,marketing,survey,Simple,12,2025-05-30,Social Media Survey,4
61910683,market analysis,economics,assessment,Moderate,10,2025-10-12,Market Analysis Assessment,12
61910684,brand management,marketing,application,Moderate,12,2025-09-30,Brand Management Application,12
61910685,market analysis,economics,assessment,Simple,10,2025-03-15,Market Analysis Assessment,3
61910686,web development,it,application,Simple,14,2025-04-16,Web Development Application,12
61910687,social media,marketing,registration,Simple,11,2025-07-04,Social Media Registration,12
61910688,digital marketing,marketing,survey,Complex,14,2025-10-05,Digital Marketing Survey,9
61910689,digital marketing,marketing,application,Complex,9,2025-10-16,Digital Marketing Application,5
61910690,content marketing,marketing,application,Simple,7,2024-12-19,Content Marketing Application,10
61910691,machine learning,it,assessment,Moderate,6,2025-03-11,Machine Learning Assessment,12
61910692,data science,it,application,Complex,5,2025-09-18,Data Science Application,5
61910693,web development,it,application,Simple,8,2025-08-09,Web Development Application,10
61910694,content marketing,marketing,application,Simple,14,2025-07-10,Content Marketing Application,10
61910695,content marketing,marketing,registration,Complex,13,2024-11-13,Content Marketing Registration,10
61910696,financial modeling,economics,application,Simple,6,2025-08-16,Financial Modeling Application,9
61910697,content marketing,marketing,registration,Complex,15,2025-02-24,Content Marketing Registration,7
61910698,machine learning,it,application,Moderate,8,2024-11-18,Machine Learning Application,11
61910699,investment planning,economics,survey,Moderate,15,2025-05-11,Investment Planning Survey,9
61910700,cloud computing,it,registration,Complex,15,2024-11-26,Cloud Computing Registration,10
61910701,market analysis,economics,survey,Simple,10,2025-10-10,Market Analysis Survey,7
61910702,web development,it,registration,Simple,5,2025-02-04,Web Development Registration,6
61910703,social media,marketing,registration,Complex,8,2025-05-11,Social Media Registration,5
61910704,cloud computing,it,assessment,Moderate,10,2025-10-25,Cloud Computing Assessment,10
61910705,data science,it,registration,Complex,7,2025-05-05,Data Science Registration,11
61910706,data science,it,application,Simple,11,2024-11-20,Data Science Application,8
61910707,machine learning,it,survey,Complex,8,2025-03-23,Machine Learning Survey,6
61910708,web development,it,survey,Moderate,6,2025-04-22,Web Development Survey,11
61910709,content marketing,marketing,application,Simple,5,2025-02-22,Content Marketing Application,10
61910710,portfolio management,economics,survey,Moderate,13,2025-05-09,Portfolio Management Survey,10
61910711,digital marketing,marketing,survey,Complex,5,2025-10-01,Digital Marketing Survey,12
61910712,cloud computing,it,survey,Complex,8,2024-11-14,Cloud Computing Survey,8
61910713,machine learning,it,assessment,Complex,11,2025-06-22,Machine Learning Assessment,8
61910714,data science,it,registration,Complex,12,2025-09-03,Data Science Registration,4
61910715,content marketing,marketing,registration,Moderate,8,2025-03-08,Content Marketing Registration,9
61910716,brand management,marketing,registration,Complex,10,2024-12-02,Brand Management Registration,12
61910717,brand management,marketing,assessment,Complex,6,2025-01-24,Brand Management Assessment,3
61910718,machine learning,it,assessment,Simple,13,2025-04-10,Machine Learning Assessment,11
61910719,social media,marketing,assessment,Simple,13,2025-03-06,Social Media Assessment,12
61910720,brand management,marketing,assessment,Simple,6,2025-05-11,Brand Management Assessment,3
61910721,social media,marketing,assessment,Complex,15,2025-03-13,Social Media Assessment,10
61910722,web development,it,application,Simple,8,2025-09-25,Web Development Application,12
61910723,financial modeling,economics,registration,Simple,15,2025-02-11,Financial Modeling Registration,12
61910724,financial modeling,economics,registration,Simple,13,2025-01-01,Financial Modeling Registration,9
61910725,digital marketing,marketing,application,Complex,14,2025-03-31,Digital Marketing Application,9
61910726,financial modeling,economics,survey,Simple,15,2025-01-26,Financial Modeling Survey,9
61910727,content marketing,marketing,assessment,Moderate,12,2024-12-21,Content Marketing Assessment,12
61910728,digital marketing,marketing,application,Complex,14,2025-09-14,Digital Marketing Application,3
61910729,data science,it,registration,Moderate,5,2024-12-04,Data Science Registration,6
61910730,digital marketing,marketing,assessment,Moderate,8,2025-05-02,Digital Marketing Assessment,12
61910731,brand management,marketing,application,Complex,13,2025-07-27,Brand Management Application,10
61910732,market analysis,economics,registration,Moderate,11,2025-04-09,Market Analysis Registration,10
61910733,brand management,marketing,application,Complex,13,2025-03-14,Brand Management Application,6
61910734,web development,it,assessment,Complex,10,2025-09-13,Web Development Assessment,12
61910735,portfolio management,economics,registration,Complex,7,2025-08-19,Portfolio Management Registration,7
61910736,portfolio management,economics,application,Simple,6,2025-06-12,Portfolio Management Application,11
61910737,cloud computing,it,assessment,Complex,11,2025-03-05,Cloud Computing Assessment,12
61910738,machine learning,it,assessment,Moderate,12,2025-05-06,Machine Learning Assessment,4
61910739,portfolio management,economics,assessment,Moderate,8,2025-01-29,Portfolio Management Assessment,9
61910740,investment planning,economics,registration,Simple,13,2025-06-03,Investment Planning Registration,6
61910741,digital marketing,marketing,application,Moderate,12,2025-06-26,Digital Marketing Application,9
61910742,brand management,marketing,registration,Moderate,7,2024-10-28,Brand Management Registration,7
61910743,investment planning,economics,survey,Moderate,5,2025-05-09,Investment Planning Survey,11
61910744,cybersecurity,it,survey,Moderate,14,2025-08-16,Cybersecurity Survey,9
61910745,financial modeling,economics,application,Simple,9,2025-08-18,Financial Modeling Application,3
61910746,investment planning,economics,survey,Simple,10,2025-05-30,Investment Planning Survey,7
61910747,financial modeling,economics,survey,Simple,12,2025-05-16,Financial Modeling Survey,8
61910748,digital marketing,marketing,application,Simple,6,2025-06-03,Digital Marketing Application,3
61910749,social media,marketing,assessment,Simple,5,2025-10-20,Social Media Assessment,4
61910750,machine learning,it,registration,Simple,13,2025-10-08,Machine Learning Registration,3
61910751,financial modeling,economics,application,Moderate,13,2024-12-25,Financial Modeling Application,9
61910752,digital marketing,marketing,application,Simple,7,2025-09-07,Digital Marketing Application,7
61910753,digital marketing,marketing,registration,Moderate,15,2024-11-07,Digital Marketing Registration,10
61910754,brand management,marketing,registration,Simple,13,2025-09-12,Brand Management Registration,10
61910755,portfolio management,economics,assessment,Moderate,8,2025-06-24,Portfolio Management Assessment,6
61910756,financial modeling,economics,survey,Complex,12,2025-03-06,Financial Modeling Survey,11
61910757,machine learning,it,assessment,Moderate,15,2025-05-21,Machine Learning Assessment,3
61910758,cybersecurity,it,assessment,Complex,8,2025-10-05,Cybersecurity Assessment,7
61910759,brand management,marketing,registration,Moderate,7,2025-09-30,Brand Management Registration,6
61910760,brand management,marketing,application,Complex,13,2025-06-01,Brand Management Application,12
61910761,brand management,marketing,registration,Complex,9,2025-03-07,Brand Management Registration,10
61910762,portfolio management,economics,survey,Complex,8,2024-11-27,Portfolio Management Survey,11
61910763,web development,it,registration,Complex,13,2025-08-22,Web Development Registration,8
61910764,machine learning,it,survey,Complex,12,2024-11-28,Machine Learning Survey,10
61910765,cloud computing,it,application,Simple,11,2025-08-13,Cloud Computing Application,7
61910766,investment planning,economics,assessment,Complex,9,2025-06-08,Investment Planning Assessment,3
61910767,machine learning,it,registration,Simple,5,2025-04-17,Machine Learning Registration,6
61910768,financial modeling,economics,application,Moderate,14,2025-01-01,Financial Modeling Application,4
61910769,investment planning,economics,assessment,Simple,14,2025-02-08,Investment Planning Assessment,7
61910770,market analysis,economics,application,Moderate,7,2025-04-13,Market Analysis Application,9
61910771,cybersecurity,it,registration,Complex,7,2025-09-12,Cybersecurity Registration,4
61910772,cybersecurity,it,survey,Moderate,13,2025-03-22,Cybersecurity Survey,11
61910773,web development,it,application,Moderate,6,2025-04-22,Web Development Application,6
61910774,digital marketing,marketing,survey,Moderate,6,2025-02-20,Digital Marketing Survey,11
61910775,financial modeling,economics,registration,Complex,10,2024-11-09,Financial Modeling Registration,4
61910776,brand management,marketing,assessment,Moderate,10,2025-07-24,Brand Management Assessment,9
61910777,brand management,marketing,assessment,Complex,9,2025-03-03,Brand Management Assessment,5
61910778,web development,it,application,Simple,7,2025-04-10,Web Development Application,6
61910779,investment planning,economics,application,Simple,5,2024-11-07,Investment Planning Application,4
61910780,machine learning,it,application,Simple,15,2025-01-03,Machine Learning Application,6
61910781,brand management,marketing,assessment,Complex,13,2024-11-28,Brand Management Assessment,4
61910782,data science,it,assessment,Complex,12,2025-02-07,Data Science Assessment,4
61910783,web development,it,registration,Complex,9,2025-09-01,Web Development Registration,8
61910784,portfolio management,economics,application,Simple,10,2025-01-07,Portfolio Management Application,8
61910785,digital marketing,marketing,assessment,Simple,14,2025-04-19,Digital Marketing Assessment,10
61910786,brand management,marketing,application,Moderate,11,2025-01-20,Brand Management Application,3
61910787,data science,it,application,Simple,6,2024-11-04,Data Science Application,9
61910788,social media,marketing,survey,Moderate,13,2024-10-27,Social Media Survey,4
61910789,web development,it,registration,Moderate,6,2025-09-29,Web Development Registration,8
61910790,web development,it,survey,Moderate,14,2024-11-17,Web Development Survey,12
61910791,machine learning,it,assessment,Simple,5,2025-01-26,Machine Learning Assessment,5
61910792,cybersecurity,it,application,Simple,8,2025-10-21,Cybersecurity Application,12
61910793,cybersecurity,it,assessment,Complex,9,2025-03-18,Cybersecurity Assessment,8
61910794,investment planning,economics,application,Moderate,5,2025-07-15,Investment Planning Application,8
61910795,cybersecurity,it,survey,Complex,12,2025-02-25,Cybersecurity Survey,10
61910796,market analysis,economics,registration,Simple,10,2024-12-25,Market Analysis Registration,7
61910797,portfolio management,economics,assessment,Moderate,15,2025-06-07,Portfolio Management Assessment,8
61910798,social media,marketing,application,Moderate,11,2024-11-17,Social Media Application,5
61910799,content marketing,marketing,assessment,Simple,9,2025-01-14,Content Marketing Assessment,9
61910800,web development,it,assessment,Moderate,9,2024-12-28,Web Development Assessment,3
61910801,market analysis,economics,survey,Simple,9,2025-08-09,Market Analysis Survey,10
61910802,portfolio management,economics,assessment,Moderate,7,2025-10-02,Portfolio Management Assessment,4
61910803,cloud computing,it,assessment,Simple,10,2025-02-02,Cloud Computing Assessment,4
61910804,cloud computing,it,assessment,Complex,15,2025-04-28,Cloud Computing Assessment,6
61910805,digital marketing,marketing,application,Complex,13,2024-11-19,Digital Marketing Application,7
61910806,digital marketing,marketing,registration,Complex,7,2025-06-14,Digital Marketing Registration,11
61910807,social media,marketing,application,Complex,15,2025-08-22,Social Media Application,9
61910808,machine learning,it,survey,Complex,10,2025-09-04,Machine Learning Survey,9
61910809,web development,it,application,Complex,11,2024-11-23,Web Development Application,6
61910810,digital marketing,marketing,assessment,Moderate,11,2025-09-20,Digital Marketing Assessment,3
61910811,content marketing,marketing,survey,Moderate,8,2025-04-11,Content Marketing Survey,7
61910812,data science,it,registration,Complex,10,2025-05-30,Data Science Registration,11
61910813,portfolio management,economics,survey,Complex,11,2025-08-09,Portfolio Management Survey,8
61910814,social media,marketing,survey,Moderate,7,2025-02-13,Social Media Survey,4
61910815,portfolio management,economics,survey,Complex,13,2025-05-06,Portfolio Management Survey,3
61910816,investment planning,economics,survey,Complex,13,2025-04-11,Investment Planning Survey,5
61910817,brand management,marketing,application,Simple,6,2025-10-20,Brand Management Application,9
61910818,machine learning,it,application,Moderate,10,2024-12-13,Machine Learning Application,10
61910819,brand management,marketing,survey,Moderate,13,2025-08-06,Brand Management Survey,10
61910820,cloud computing,it,application,Simple,10,2025-08-20,Cloud Computing Application,11
61910821,machine learning,it,survey,Complex,10,2024-11-16,Machine Learning Survey,5
61910822,market analysis,economics,assessment,Moderate,10,2024-11-09,Market Analysis Assessment,7
61910823,cybersecurity,it,survey,Moderate,5,2024-12-27,Cybersecurity Survey,10
61910824,financial modeling,economics,assessment,Moderate,12,2024-12-28,Financial Modeling Assessment,7
61910825,data science,it,survey,Complex,5,2025-08-18,Data Science Survey,5
61910826,social media,marketing,survey,Complex,12,2025-07-20,Social Media Survey,11
61910827,machine learning,it,application,Simple,10,2025-09-13,Machine Learning Application,11
61910828,portfolio management,economics,assessment,Moderate,11,2025-09-20,Portfolio Management Assessment,6
61910829,cloud computing,it,registration,Moderate,14,2025-06-12,Cloud Computing Registration,5
61910830,content marketing,marketing,assessment,Complex,8,2025-09-01,Content Marketing Assessment,7
61910831,cloud computing,it,application,Complex,11,2025-09-18,Cloud Computing Application,11
61910832,market analysis,economics,survey,Simple,7,2025-08-07,Market Analysis Survey,11
61910833,data science,it,application,Moderate,8,2025-02-22,Data Science Application,3
61910834,market analysis,economics,application,Complex,15,2025-09-07,Market Analysis Application,5
61910835,data science,it,assessment,Complex,10,2025-02-03,Data Science Assessment,3
61910836,machine learning,it,registration,Complex,7,2025-06-28,Machine Learning Registration,8
61910837,digital marketing,marketing,registration,Complex,13,2025-06-24,Digital Marketing Registration,10
61910838,social media,marketing,application,Simple,9,2025-06-07,Social Media Application,10
61910839,financial modeling,economics,application,Moderate,9,2025-03-08,Financial Modeling Application,9
61910840,web development,it,assessment,Simple,5,2024-12-15,Web Development Assessment,3
61910841,data science,it,survey,Complex,9,2025-04-17,Data Science Survey,3
61910842,web development,it,registration,Moderate,5,2025-01-30,Web Development Registration,6
61910843,investment planning,economics,assessment,Complex,6,2025-04-16,Investment Planning Assessment,7
61910844,brand management,marketing,assessment,Simple,11,2025-10-10,Brand Management Assessment,8
61910845,digital marketing,marketing,survey,Moderate,8,2025-08-26,Digital Marketing Survey,4
61910846,brand management,marketing,survey,Moderate,9,2025-10-17,Brand Management Survey,10
61910847,digital marketing,marketing,assessment,Simple,10,2025-10-22,Digital Marketing Assessment,10
61910848,brand management,marketing,registration,Complex,6,2025-10-14,Brand Management Registration,3
61910849,market analysis,economics,assessment,Simple,8,2025-04-04,Market Analysis Assessment,11
61910850,digital marketing,marketing,assessment,Moderate,15,2025-02-26,Digital Marketing Assessment,3
61910851,cloud computing,it,survey,Complex,5,2025-09-14,Cloud Computing Survey,7
61910852,web development,it,assessment,Moderate,8,2025-10-25,Web Development Assessment,11
61910853,market analysis,economics,application,Simple,13,2025-09-13,Market Analysis Application,11
61910854,cloud computing,it,registration,Moderate,9,2025-05-29,Cloud Computing Registration,8
61910855,financial modeling,economics,application,Moderate,12,2025-10-19,Financial Modeling Application,6
61910856,data science,it,application,Moderate,15,2025-04-04,Data Science Application,3
61910857,market analysis,economics,survey,Moderate,9,2025-04-08,Market Analysis Survey,10
61910858,content marketing,marketing,assessment,Simple,11,2025-05-14,Content Marketing Assessment,11
61910859,cloud computing,it,assessment,Moderate,5,2025-03-14,Cloud Computing Assessment,4
61910860,web development,it,assessment,Complex,9,2025-02-03,Web Development Assessment,3
61910861,financial modeling,economics,registration,Moderate,14,2025-04-04,Financial Modeling Registration,7
61910862,brand management,marketing,application,Moderate,12,2025-07-01,Brand Management Application,5
61910863,portfolio management,economics,registration,Simple,9,2025-10-22,Portfolio Management Registration,5
61910864,content marketing,marketing,assessment,Simple,7,2025-02-03,Content Marketing Assessment,8
61910865,market analysis,economics,survey,Simple,8,2025-01-19,Market Analysis Survey,3
61910866,brand management,marketing,registration,Moderate,10,2025-09-09,Brand Management Registration,5
61910867,investment planning,economics,assessment,Moderate,11,2024-11-18,Investment Planning Assessment,4
61910868,investment planning,economics,assessment,Moderate,11,2025-07-02,Investment Planning Assessment,6
61910869,market analysis,economics,assessment,Simple,8,2025-07-04,Market Analysis Assessment,4
61910870,machine learning,it,application,Simple,8,2025-08-11,Machine Learning Application,4
61910871,investment planning,economics,survey,Moderate,14,2025-02-28,Investment Planning Survey,5
61910872,social media,marketing,assessment,Complex,5,2025-09-08,Social Media Assessment,8
61910873,digital marketing,marketing,survey,Complex,10,2025-08-26,Digital Marketing Survey,4
61910874,financial modeling,economics,assessment,Simple,7,2025-05-29,Financial Modeling Assessment,6
61910875,machine learning,it,registration,Simple,12,2025-10-15,Machine Learning Registration,12
61910876,web development,it,application,Complex,15,2025-07-06,Web Development Application,12
61910877,data science,it,assessment,Simple,7,2024-12-16,Data Science Assessment,12
61910878,content marketing,marketing,registration,Simple,9,2024-11-15,Content Marketing Registration,4
61910879,cloud computing,it,application,Simple,9,2025-02-07,Cloud Computing Application,8
61910880,investment planning,economics,registration,Moderate,5,2025-05-20,Investment Planning Registration,8
61910881,cybersecurity,it,registration,Complex,15,2025-03-27,Cybersecurity Registration,7
61910882,digital marketing,marketing,survey,Moderate,6,2024-11-25,Digital Marketing Survey,7
61910883,financial modeling,economics,registration,Complex,15,2025-07-15,Financial Modeling Registration,4
61910884,cybersecurity,it,survey,Complex,8,2025-03-01,Cybersecurity Survey,9
61910885,portfolio management,economics,assessment,Moderate,8,2024-10-25,Portfolio Management Assessment,3
61910886,brand management,marketing,registration,Simple,12,2025-06-17,Brand Management Registration,4
61910887,digital marketing,marketing,registration,Complex,14,2024-12-22,Digital Marketing Registration,10
61910888,investment planning,economics,assessment,Moderate,7,2025-05-08,Investment Planning Assessment,3
61910889,cloud computing,it,application,Simple,11,2024-12-20,Cloud Computing Application,11
61910890,content marketing,marketing,assessment,Moderate,8,2025-06-25,Content Marketing Assessment,8
61910891,social media,marketing,registration,Simple,9,2025-07-15,Social Media Registration,8
61910892,financial modeling,economics,registration,Moderate,5,2025-06-12,Financial Modeling Registration,7
61910893,social media,marketing,survey,Simple,10,2025-09-02,Social Media Survey,11
61910894,investment planning,economics,application,Complex,8,2025-09-02,Investment Planning Application,11
61910895,market analysis,economics,application,Moderate,13,2024-12-01,Market Analysis Application,6
61910896,web development,it,application,Simple,10,2025-05-14,Web Development Application,7
61910897,machine learning,it,assessment,Moderate,8,2025-06-22,Machine Learning Assessment,11
61910898,content marketing,marketing,registration,Simple,6,2025-04-16,Content Marketing Registration,3
61910899,portfolio management,economics,registration,Complex,7,2025-10-04,Portfolio Management Registration,7
61910900,web development,it,assessment,Complex,5,2025-04-09,Web Development Assessment,8
61910901,brand management,marketing,survey,Complex,13,2025-02-17,Brand Management Survey,7
61910902,cloud computing,it,survey,Complex,9,2025-10-02,Cloud Computing Survey,9
61910903,portfolio management,economics,registration,Complex,7,2025-02-28,Portfolio Management Registration,3
61910904,web development,it,registration,Complex,15,2024-12-12,Web Development Registration,11
61910905,web development,it,survey,Simple,14,2025-07-18,Web Development Survey,4
61910906,cybersecurity,it,application,Simple,8,2024-10-30,Cybersecurity Application,5
61910907,investment planning,economics,assessment,Complex,14,2025-02-16,Investment Planning Assessment,7
61910908,investment planning,economics,assessment,Complex,14,2025-06-25,Investment Planning Assessment,4
61910909,brand management,marketing,survey,Complex,7,2024-12-06,Brand Management Survey,7
61910910,content marketing,marketing,survey,Simple,5,2025-01-01,Content Marketing Survey,10
61910911,content marketing,marketing,assessment,Simple,14,2025-03-10,Content Marketing Assessment,6
61910912,investment planning,economics,assessment,Moderate,11,2025-08-07,Investment Planning Assessment,4
61910913,market analysis,economics,application,Simple,8,2025-03-23,Market Analysis Application,7
61910914,data science,it,registration,Simple,15,2025-05-05,Data Science Registration,11
61910915,web development,it,survey,Moderate,11,2025-09-18,Web Development Survey,5
61910916,cybersecurity,it,registration,Complex,8,2025-09-22,Cybersecurity Registration,3
61910917,machine learning,it,application,Moderate,6,2025-08-29,Machine Learning Application,8
61910918,market analysis,economics,application,Moderate,11,2025-08-12,Market Analysis Application,7
61910919,financial modeling,economics,registration,Complex,13,2025-04-26,Financial Modeling Registration,10
61910920,cybersecurity,it,application,Simple,12,2025-06-24,Cybersecurity Application,10
61910921,social media,marketing,survey,Moderate,13,2025-04-16,Social Media Survey,8
61910922,portfolio management,economics,registration,Simple,12,2024-12-22,Portfolio Management Registration,5
61910923,digital marketing,marketing,application,Simple,11,2025-03-14,Digital Marketing Application,5
61910924,market analysis,economics,assessment,Moderate,14,2025-05-09,Market Analysis Assessment,12
61910925,data science,it,survey,Moderate,7,2025-07-17,Data Science Survey,4
61910926,market analysis,economics,application,Moderate,11,2025-06-26,Market Analysis Application,12
61910927,content marketing,marketing,registration,Complex,9,2025-03-09,Content Marketing Registration,12
61910928,data science,it,survey,Moderate,13,2025-06-03,Data Science Survey,10
61910929,digital marketing,marketing,assessment,Moderate,8,2025-01-30,Digital Marketing Assessment,11
61910930,data science,it,survey,Moderate,12,2025-05-13,Data Science Survey,4
61910931,digital marketing,marketing,assessment,Simple,11,2025-08-17,Digital Marketing Assessment,7
61910932,machine learning,it,application,Simple,10,2025-03-28,Machine Learning Application,9
61910933,web development,it,assessment,Simple,15,2025-05-23,Web Development Assessment,3
61910934,cybersecurity,it,survey,Complex,14,2025-04-13,Cybersecurity Survey,11
61910935,investment planning,economics,registration,Simple,6,2025-09-21,Investment Planning Registration,12
61910936,portfolio management,economics,assessment,Simple,15,2025-01-19,Portfolio Management Assessment,9
61910937,machine learning,it,assessment,Complex,14,2025-04-04,Machine Learning Assessment,5
61910938,cybersecurity,it,survey,Moderate,15,2025-05-15,Cybersecurity Survey,7
61910939,cybersecurity,it,registration,Moderate,6,2025-04-03,Cybersecurity Registration,7
61910940,digital marketing,marketing,assessment,Simple,6,2025-10-25,Digital Marketing Assessment,11
61910941,content marketing,marketing,registration,Moderate,10,2025-05-24,Content Marketing Registration,5
61910942,content marketing,marketing,survey,Simple,5,2025-06-29,Content Marketing Survey,6
61910943,data science,it,registration,Simple,11,2025-03-24,Data Science Registration,4
61910944,cloud computing,it,assessment,Simple,9,2025-04-05,Cloud Computing Assessment,4
61910945,investment planning,economics,application,Complex,5,2025-03-13,Investment Planning Application,9
61910946,data science,it,application,Complex,