record_id,keyword,category,question,question_type,difficulty_level,answer_outline,tags,estimated_read_time,target_audience,related_topics,question_length,word_count,created_date,language,source_template,engagement_score,complexity_score,popularity_score
8600001,portfolio management,economics,What timeline is realistic for portfolio management returns?,best_practice,Beginner,"[""Introduction to portfolio management"", ""Key points and analysis"", ""Practical examples"", ""Expert insights"", ""Action items"", ""Conclusion""]","[""finance"", ""portfolio"", ""best_practice"", ""management"", ""business"", ""economics""]",4,Students & New Investors,"[""financial modeling"", ""market analysis"", ""investment planning""]",60,8,2025-10-25 21:09:19,en,What timeline is realistic for {keyword} returns?,0.8,0.4525022048111102,0.87
8600002,machine learning,it,What are the best practices for machine learning development?,comparison,Intermediate,"[""Introduction to machine learning"", ""Key concepts and definitions"", ""Main categories or types"", ""Examples and case studies"", ""Benefits and advantages"", ""Summary and recommendations""]","[""software"", ""it"", ""comparison"", ""programming"", ""learning"", ""machine""]",6,Junior to Mid-level Developers,"[""cybersecurity"", ""cloud computing"", ""web development"", ""data science""]",61,9,2025-10-25 21:09:19,en,What are the best practices for {keyword} development?,0.66,0.6169964699969285,0.44
8600003,brand management,marketing,How do you create a brand management roadmap?,analysis,Intermediate,"[""Overview of brand management"", ""Step-by-step implementation"", ""Best practices and tips"", ""Common challenges and solutions"", ""Tools and resources needed"", ""Conclusion and next steps""]","[""analysis"", ""promotion"", ""marketing"", ""management"", ""digital"", ""brand""]",6,Marketing Coordinators & Specialists,"[""content marketing"", ""digital marketing"", ""social media""]",45,8,2025-10-25 21:09:19,en,How do you create a {keyword} roadmap?,0.68,0.6789860269540076,0.36
8600004,brand management,marketing,How do you optimize brand management for mobile users?,implementation,Beginner,"[""Overview of brand management"", ""Step-by-step implementation"", ""Best practices and tips"", ""Common challenges and solutions"", ""Tools and resources needed"", ""Conclusion and next steps""]","[""implementation"", ""promotion"", ""marketing"", ""management"", ""advertising"", ""brand""]",6,Marketing Students & Interns,"[""content marketing"", ""social media"", ""digital marketing""]",54,9,2025-10-25 21:09:19,en,How do you optimize {keyword} for mobile users?,0.79,0.4872637959903362,0.56
8600005,data science,it,How do you optimize data science for different platforms?,how_to,Advanced,"[""Overview of data science"", ""Step-by-step implementation"", ""Best practices and tips"", ""Common challenges and solutions"", ""Tools and resources needed"", ""Conclusion and next steps""]","[""how_to"", ""software"", ""it"", ""programming"", ""science"", ""data""]",6,Senior Developers & Tech Leads,"[""cloud computing"", ""web development"", ""cybersecurity"", ""machine learning""]",57,9,2025-10-25 21:09:19,en,How do you optimize {keyword} for different platforms?,0.72,0.8099800459269118,0.83
8600006,portfolio management,economics,What factors should be considered when evaluating portfolio management?,implementation,Advanced,"[""Introduction to portfolio management"", ""Key points and analysis"", ""Practical examples"", ""Expert insights"", ""Action items"", ""Conclusion""]","[""finance"", ""implementation"", ""portfolio"", ""management"", ""market"", ""economics""]",4,Professional Investors & Advisors,"[""market analysis"", ""financial modeling"", ""investment planning""]",71,9,2025-10-25 21:09:19,en,What factors should be considered when evaluating {keyword}?,0.74,0.8098235146680657,0.3
8600007,financial modeling,economics,What factors should be considered when evaluating financial modeling?,analysis,Beginner,"[""Introduction to financial modeling"", ""Key points and analysis"", ""Practical examples"", ""Expert insights"", ""Action items"", ""Conclusion""]","[""investment"", ""analysis"", ""modeling"", ""financial"", ""business"", ""economics""]",4,Students & New Investors,"[""investment planning"", ""market analysis"", ""portfolio management""]",69,9,2025-10-25 21:09:19,en,What factors should be considered when evaluating {keyword}?,0.89,0.3601826723392622,0.87
8600008,cybersecurity,it,What career opportunities exist in cybersecurity?,analysis,Intermediate,"[""Introduction to cybersecurity"", ""Key points and analysis"", ""Practical examples"", ""Expert insights"", ""Action items"", ""Conclusion""]","[""software"", ""analysis"", ""it"", ""programming"", ""cybersecurity""]",4,Junior to Mid-level Developers,"[""data science"", ""web development"", ""cloud computing"", ""machine learning""]",49,6,2025-10-25 21:09:19,en,What career opportunities exist in {keyword}?,0.71,0.7777451977565257,0.64
8600009,web development,it,How can web development improve system performance and scalability?,best_practice,Expert,"[""Introduction to web development"", ""Key points and analysis"", ""Practical examples"", ""Expert insights"", ""Action items"", ""Conclusion""]","[""technology"", ""development"", ""it"", ""best_practice"", ""programming"", ""web""]",4,Architects & Technical Directors,"[""cloud computing"", ""data science"", ""cybersecurity"", ""machine learning""]",67,9,2025-10-25 21:09:19,en,How can {keyword} improve system performance and scalability?,0.64,1.0,0.66
8600010,digital marketing,marketing,What budget should be allocated to digital marketing?,comparison,Intermediate,"[""Introduction to digital marketing"", ""Key points and analysis"", ""Practical examples"", ""Expert insights"", ""Action items"", ""Conclusion""]","[""promotion"", ""comparison"", ""marketing"", ""digital"", ""branding""]",4,Marketing Coordinators & Specialists,"[""brand management"", ""content marketing"", ""social media""]",53,8,2025-10-25 21:09:19,en,What budget should be allocated to {keyword}?,0.92,0.7043212685773024,0.42
8600011,portfolio management,economics,How does global economics impact portfolio management?,best_practice,Expert,"[""Introduction to portfolio management"", ""Key points and analysis"", ""Practical examples"", ""Expert insights"", ""Action items"", ""Conclusion""]","[""portfolio"", ""best_practice"", ""management"", ""market"", ""business"", ""economics""]",4,Portfolio Managers & Financial Experts,"[""market analysis"", ""financial modeling"", ""investment planning""]",54,7,2025-10-25 21:09:19,en,How does global economics impact {keyword}?,0.75,1.0,0.39
8600012,social media,marketing,How do you automate social media processes?,implementation,Beginner,"[""Overview of social media"", ""Step-by-step implementation"", ""Best practices and tips"", ""Common challenges and solutions"", ""Tools and resources needed"", ""Conclusion and next steps""]","[""media"", ""implementation"", ""promotion"", ""marketing"", ""social"", ""branding""]",6,Marketing Students & Interns,"[""content marketing"", ""brand management"", ""digital marketing""]",43,7,2025-10-25 21:09:19,en,How do you automate {keyword} processes?,0.78,0.4230096664368384,0.58
8600013,market analysis,economics,How do you measure market analysis performance?,analysis,Beginner,"[""Overview of market analysis"", ""Step-by-step implementation"", ""Best practices and tips"", ""Common challenges and solutions"", ""Tools and resources needed"", ""Conclusion and next steps""]","[""finance"", ""analysis"", ""market"", ""business"", ""economics""]",6,Students & New Investors,"[""portfolio management"", ""investment planning"", ""financial modeling""]",47,7,2025-10-25 21:09:19,en,How do you measure {keyword} performance?,0.79,0.43706502588965257,0.47
8600014,digital marketing,marketing,What A/B tests should you run for digital marketing?,planning,Advanced,"[""Introduction to digital marketing"", ""Key points and analysis"", ""Practical examples"", ""Expert insights"", ""Action items"", ""Conclusion""]","[""planning"", ""promotion"", ""marketing"", ""digital"", ""branding""]",4,Marketing Managers & Strategists,"[""brand management"", ""social media"", ""content marketing""]",52,9,2025-10-25 21:09:19,en,What A/B tests should you run for {keyword}?,0.72,0.9722025431120992,0.79
8600015,content marketing,marketing,What timing strategies work for content marketing?,implementation,Advanced,"[""Introduction to content marketing"", ""Key points and analysis"", ""Practical examples"", ""Expert insights"", ""Action items"", ""Conclusion""]","[""content"", ""implementation"", ""marketing"", ""advertising"", ""branding""]",4,Marketing Managers & Strategists,"[""digital marketing"", ""brand management"", ""social media""]",50,7,2025-10-25 21:09:19,en,What timing strategies work for {keyword}?,0.67,0.9165514058052457,0.6
8600016,data science,it,How do you troubleshoot common issues with data science?,planning,Advanced,"[""Overview of data science"", ""Step-by-step implementation"", ""Best practices and tips"", ""Common challenges and solutions"", ""Tools and resources needed"", ""Conclusion and next steps""]","[""technology"", ""planning"", ""development"", ""it"", ""science"", ""data""]",6,Senior Developers & Tech Leads,"[""web development"", ""machine learning"", ""cybersecurity"", ""cloud computing""]",56,9,2025-10-25 21:09:19,en,How do you troubleshoot common issues with {keyword}?,0.65,0.917724409648745,0.35
8600017,financial modeling,economics,How do you assess and manage financial modeling risks?,best_practice,Beginner,"[""Overview of financial modeling"", ""Step-by-step implementation"", ""Best practices and tips"", ""Common challenges and solutions"", ""Tools and resources needed"", ""Conclusion and next steps""]","[""investment"", ""best_practice"", ""modeling"", ""financial"", ""business"", ""economics""]",6,Students & New Investors,"[""investment planning"", ""portfolio management"", ""market analysis""]",54,9,2025-10-25 21:09:19,en,How do you assess and manage {keyword} risks?,0.74,0.3736772477284521,0.65
8600018,web development,it,How do you integrate web development with existing systems?,planning,Intermediate,"[""Overview of web development"", ""Step-by-step implementation"", ""Best practices and tips"", ""Common challenges and solutions"", ""Tools and resources needed"", ""Conclusion and next steps""]","[""planning"", ""development"", ""web"", ""it"", ""technology""]",6,Junior to Mid-level Developers,"[""machine learning"", ""cloud computing"", ""data science"", ""cybersecurity""]",59,9,2025-10-25 21:09:19,en,How do you integrate {keyword} with existing systems?,0.83,0.726906257291948,0.5
8600019,investment planning,economics,What metrics are most important for investment planning?,planning,Expert,"[""Introduction to investment planning"", ""Key points and analysis"", ""Practical examples"", ""Expert insights"", ""Action items"", ""Conclusion""]","[""investment"", ""economics"", ""planning"", ""business""]",4,Portfolio Managers & Financial Experts,"[""market analysis"", ""financial modeling"", ""portfolio management""]",56,8,2025-10-25 21:09:19,en,What metrics are most important for {keyword}?,0.62,1.0,0.31
8600020,social media,marketing,How do you personalize social media for different segments?,strategy,Advanced,"[""Overview of social media"", ""Step-by-step implementation"", ""Best practices and tips"", ""Common challenges and solutions"", ""Tools and resources needed"", ""Conclusion and next steps""]","[""media"", ""marketing"", ""digital"", ""social"", ""advertising"", ""strategy""]",6,Marketing Managers & Strategists,"[""content marketing"", ""digital marketing"", ""brand management""]",59,9,2025-10-25 21:09:19,en,How do you personalize {keyword} for different segments?,0.95,0.8240202979031696,0.7
8600021,web development,it,What tools are essential for web development development?,troubleshooting,Expert,"[""Introduction to web development"", ""Key points and analysis"", ""Practical examples"", ""Expert insights"", ""Action items"", ""Conclusion""]","[""software"", ""development"", ""it"", ""programming"", ""troubleshooting"", ""web""]",4,Architects & Technical Directors,"[""machine learning"", ""cloud computing"", ""cybersecurity"", ""data science""]",57,8,2025-10-25 21:09:19,en,What tools are essential for {keyword} development?,0.83,1.0,0.49
8600022,cybersecurity,it,Which frameworks support cybersecurity implementation?,strategy,Advanced,"[""Introduction to cybersecurity"", ""Key points and analysis"", ""Practical examples"", ""Expert insights"", ""Action items"", ""Conclusion""]","[""software"", ""it"", ""programming"", ""strategy"", ""cybersecurity""]",4,Senior Developers & Tech Leads,"[""data science"", ""machine learning"", ""cloud computing"", ""web development""]",54,5,2025-10-25 21:09:19,en,Which frameworks support {keyword} implementation?,0.87,0.8706510374689963,0.67
8600023,portfolio management,economics,How does global economics impact portfolio management?,comparison,Expert,"[""Introduction to portfolio management"", ""Key points and analysis"", ""Practical examples"", ""Expert insights"", ""Action items"", ""Conclusion""]","[""investment"", ""finance"", ""portfolio"", ""comparison"", ""management"", ""economics""]",4,Portfolio Managers & Financial Experts,"[""investment planning"", ""market analysis"", ""financial modeling""]",54,7,2025-10-25 21:09:19,en,How does global economics impact {keyword}?,0.95,1.0,0.58
8600024,market analysis,economics,What exit strategies should be considered for market analysis?,best_practice,Advanced,"[""Introduction to market analysis"", ""Key points and analysis"", ""Practical examples"", ""Expert insights"", ""Action items"", ""Conclusion""]","[""finance"", ""analysis"", ""best_practice"", ""market"", ""economics""]",4,Professional Investors & Advisors,"[""portfolio management"", ""investment planning"", ""financial modeling""]",62,9,2025-10-25 21:09:19,en,What exit strategies should be considered for {keyword}?,0.74,0.8537154010798406,0.42
8600025,web development,it,What skills are needed to master web development?,analysis,Advanced,"[""Introduction to web development"", ""Key points and analysis"", ""Practical examples"", ""Expert insights"", ""Action items"", ""Conclusion""]","[""development"", ""web"", ""analysis"", ""it"", ""technology""]",4,Senior Developers & Tech Leads,"[""machine learning"", ""data science"", ""cybersecurity"", ""cloud computing""]",49,8,2025-10-25 21:09:19,en,What skills are needed to master {keyword}?,0.82,0.8724141876615765,0.43
8600026,data science,it,Which frameworks support data science implementation?,implementation,Beginner,"[""Introduction to data science"", ""Key points and analysis"", ""Practical examples"", ""Expert insights"", ""Action items"", ""Conclusion""]","[""development"", ""it"", ""implementation"", ""programming"", ""science"", ""data""]",4,Students & Entry-level Developers,"[""cybersecurity"", ""machine learning"", ""web development"", ""cloud computing""]",53,6,2025-10-25 21:09:19,en,Which frameworks support {keyword} implementation?,0.7,0.3216851966277268,0.71
8600027,machine learning,it,How do you choose the right technology stack for machine learning?,analysis,Beginner,"[""Overview of machine learning"", ""Step-by-step implementation"", ""Best practices and tips"", ""Common challenges and solutions"", ""Tools and resources needed"", ""Conclusion and next steps""]","[""software"", ""analysis"", ""it"", ""development"", ""learning"", ""machine""]",6,Students & Entry-level Developers,"[""cybersecurity"", ""data science"", ""web development"", ""cloud computing""]",66,11,2025-10-25 21:09:19,en,How do you choose the right technology stack for {keyword}?,0.82,0.4721910948363025,0.9
8600028,investment planning,economics,How do you protect your investment planning investments?,troubleshooting,Intermediate,"[""Overview of investment planning"", ""Step-by-step implementation"", ""Best practices and tips"", ""Common challenges and solutions"", ""Tools and resources needed"", ""Conclusion and next steps""]","[""investment"", ""planning"", ""troubleshooting"", ""market"", ""business"", ""economics""]",6,Individual Investors & Analysts,"[""financial modeling"", ""market analysis"", ""portfolio management""]",56,8,2025-10-25 21:09:19,en,How do you protect your {keyword} investments?,0.68,0.6370899700274024,0.55
8600029,portfolio management,economics,How do you diversify your portfolio using portfolio management?,how_to,Expert,"[""Overview of portfolio management"", ""Step-by-step implementation"", ""Best practices and tips"", ""Common challenges and solutions"", ""Tools and resources needed"", ""Conclusion and next steps""]","[""how_to"", ""finance"", ""portfolio"", ""management"", ""business"", ""economics""]",6,Portfolio Managers & Financial Experts,"[""market analysis"", ""financial modeling"", ""investment planning""]",63,9,2025-10-25 21:09:19,en,How do you diversify your portfolio using {keyword}?,0.78,1.0,0.64
8600030,financial modeling,economics,What exit strategies should be considered for financial modeling?,planning,Advanced,"[""Introduction to financial modeling"", ""Key points and analysis"", ""Practical examples"", ""Expert insights"", ""Action items"", ""Conclusion""]","[""investment"", ""planning"", ""finance"", ""modeling"", ""financial"", ""economics""]",4,Professional Investors & Advisors,"[""investment planning"", ""market analysis"", ""portfolio management""]",65,9,2025-10-25 21:09:19,en,What exit strategies should be considered for {keyword}?,0.83,0.8396619599321651,0.54
8600031,investment planning,economics,How do economic conditions affect investment planning performance?,troubleshooting,Beginner,"[""Introduction to investment planning"", ""Key points and analysis"", ""Practical examples"", ""Expert insights"", ""Action items"", ""Conclusion""]","[""investment"", ""planning"", ""troubleshooting"", ""business"", ""economics""]",4,Students & New Investors,"[""portfolio management"", ""market analysis"", ""financial modeling""]",66,8,2025-10-25 21:09:19,en,How do economic conditions affect {keyword} performance?,0.69,0.4599501476243343,0.36
8600032,brand management,marketing,What KPIs are most important for brand management?,troubleshooting,Intermediate,"[""Introduction to brand management"", ""Key points and analysis"", ""Practical examples"", ""Expert insights"", ""Action items"", ""Conclusion""]","[""troubleshooting"", ""marketing"", ""management"", ""advertising"", ""digital"", ""brand""]",4,Marketing Coordinators & Specialists,"[""digital marketing"", ""social media"", ""content marketing""]",50,8,2025-10-25 21:09:19,en,What KPIs are most important for {keyword}?,0.74,0.769963806763727,0.53
8600033,market analysis,economics,How do economic conditions affect market analysis performance?,strategy,Expert,"[""Introduction to market analysis"", ""Key points and analysis"", ""Practical examples"", ""Expert insights"", ""Action items"", ""Conclusion""]","[""finance"", ""analysis"", ""business"", ""market"", ""strategy"", ""economics""]",4,Portfolio Managers & Financial Experts,"[""financial modeling"", ""investment planning"", ""portfolio management""]",62,8,2025-10-25 21:09:19,en,How do economic conditions affect {keyword} performance?,0.73,1.0,0.32
8600034,investment planning,economics,How do you adjust your investment planning strategy during volatility?,strategy,Advanced,"[""Overview of investment planning"", ""Step-by-step implementation"", ""Best practices and tips"", ""Common challenges and solutions"", ""Tools and resources needed"", ""Conclusion and next steps""]","[""investment"", ""planning"", ""business"", ""strategy"", ""economics""]",6,Professional Investors & Advisors,"[""financial modeling"", ""market analysis"", ""portfolio management""]",70,10,2025-10-25 21:09:19,en,How do you adjust your {keyword} strategy during volatility?,0.67,0.9543916916509904,0.33
8600035,social media,marketing,How do you improve social media conversion rates?,evaluation,Advanced,"[""Overview of social media"", ""Step-by-step implementation"", ""Best practices and tips"", ""Common challenges and solutions"", ""Tools and resources needed"", ""Conclusion and next steps""]","[""media"", ""promotion"", ""marketing"", ""social"", ""branding"", ""evaluation""]",6,Marketing Managers & Strategists,"[""brand management"", ""content marketing"", ""digital marketing""]",49,8,2025-10-25 21:09:19,en,How do you improve {keyword} conversion rates?,0.87,0.9337897713263639,0.45
8600036,cybersecurity,it,What ROI can be expected from cybersecurity implementation?,comparison,Beginner,"[""Introduction to cybersecurity"", ""Key points and analysis"", ""Practical examples"", ""Expert insights"", ""Action items"", ""Conclusion""]","[""it"", ""comparison"", ""programming"", ""cybersecurity"", ""technology""]",4,Students & Entry-level Developers,"[""machine learning"", ""cloud computing"", ""web development"", ""data science""]",59,8,2025-10-25 21:09:19,en,What ROI can be expected from {keyword} implementation?,0.82,0.4258444849148705,0.35
8600037,cybersecurity,it,How can cybersecurity improve system performance and scalability?,comparison,Expert,"[""Introduction to cybersecurity"", ""Key points and analysis"", ""Practical examples"", ""Expert insights"", ""Action items"", ""Conclusion""]","[""it"", ""comparison"", ""programming"", ""cybersecurity"", ""technology""]",4,Architects & Technical Directors,"[""web development"", ""cloud computing"", ""machine learning"", ""data science""]",65,8,2025-10-25 21:09:19,en,How can {keyword} improve system performance and scalability?,0.63,1.0,0.84
8600038,brand management,marketing,How is AI changing brand management approaches?,troubleshooting,Beginner,"[""Introduction to brand management"", ""Key points and analysis"", ""Practical examples"", ""Expert insights"", ""Action items"", ""Conclusion""]","[""troubleshooting"", ""marketing"", ""management"", ""advertising"", ""digital"", ""brand""]",4,Marketing Students & Interns,"[""digital marketing"", ""social media"", ""content marketing""]",47,7,2025-10-25 21:09:19,en,How is AI changing {keyword} approaches?,0.83,0.47870735051727376,0.65
8600039,investment planning,economics,What are the seasonal patterns in investment planning?,best_practice,Beginner,"[""Introduction to investment planning"", ""Key concepts and definitions"", ""Main categories or types"", ""Examples and case studies"", ""Benefits and advantages"", ""Summary and recommendations""]","[""investment"", ""planning"", ""best_practice"", ""market"", ""economics""]",6,Students & New Investors,"[""portfolio management"", ""market analysis"", ""financial modeling""]",54,8,2025-10-25 21:09:19,en,What are the seasonal patterns in {keyword}?,0.89,0.4527950006420604,0.73
8600040,market analysis,economics,How do you analyze market trends in market analysis?,troubleshooting,Intermediate,"[""Overview of market analysis"", ""Step-by-step implementation"", ""Best practices and tips"", ""Common challenges and solutions"", ""Tools and resources needed"", ""Conclusion and next steps""]","[""investment"", ""analysis"", ""troubleshooting"", ""market"", ""economics""]",6,Individual Investors & Analysts,"[""financial modeling"", ""portfolio management"", ""investment planning""]",52,9,2025-10-25 21:09:19,en,How do you analyze market trends in {keyword}?,0.62,0.7485899497243478,0.53
8600041,machine learning,it,How do you measure the success of machine learning projects?,evaluation,Intermediate,"[""Overview of machine learning"", ""Step-by-step implementation"", ""Best practices and tips"", ""Common challenges and solutions"", ""Tools and resources needed"", ""Conclusion and next steps""]","[""software"", ""development"", ""it"", ""learning"", ""evaluation"", ""machine""]",6,Junior to Mid-level Developers,"[""cloud computing"", ""cybersecurity"", ""web development"", ""data science""]",60,10,2025-10-25 21:09:19,en,How do you measure the success of {keyword} projects?,0.75,0.6102063593656952,0.57
8600042,social media,marketing,What are the latest trends in social media?,strategy,Expert,"[""Introduction to social media"", ""Key concepts and definitions"", ""Main categories or types"", ""Examples and case studies"", ""Benefits and advantages"", ""Summary and recommendations""]","[""media"", ""marketing"", ""digital"", ""social"", ""advertising"", ""strategy""]",6,Marketing Directors & CMOs,"[""digital marketing"", ""content marketing"", ""brand management""]",43,8,2025-10-25 21:09:19,en,What are the latest trends in {keyword}?,0.85,1.0,0.86
8600043,portfolio management,economics,What metrics are most important for portfolio management?,analysis,Beginner,"[""Introduction to portfolio management"", ""Key points and analysis"", ""Practical examples"", ""Expert insights"", ""Action items"", ""Conclusion""]","[""analysis"", ""finance"", ""portfolio"", ""management"", ""market"", ""economics""]",4,Students & New Investors,"[""investment planning"", ""market analysis"", ""financial modeling""]",57,8,2025-10-25 21:09:19,en,What metrics are most important for {keyword}?,0.91,0.47623883008662315,0.38
8600044,data science,it,What skills are needed to master data science?,implementation,Advanced,"[""Introduction to data science"", ""Key points and analysis"", ""Practical examples"", ""Expert insights"", ""Action items"", ""Conclusion""]","[""technology"", ""it"", ""implementation"", ""programming"", ""science"", ""data""]",4,Senior Developers & Tech Leads,"[""cloud computing"", ""cybersecurity"", ""web development"", ""machine learning""]",46,8,2025-10-25 21:09:19,en,What skills are needed to master {keyword}?,0.94,0.8855611002590185,0.75
8600045,portfolio management,economics,What insurance options are available for portfolio management?,optimization,Beginner,"[""Introduction to portfolio management"", ""Key points and analysis"", ""Practical examples"", ""Expert insights"", ""Action items"", ""Conclusion""]","[""investment"", ""finance"", ""portfolio"", ""management"", ""optimization"", ""economics""]",4,Students & New Investors,"[""market analysis"", ""investment planning"", ""financial modeling""]",62,8,2025-10-25 21:09:19,en,What insurance options are available for {keyword}?,0.69,0.39858620777477166,0.51
8600046,social media,marketing,What channels are most effective for social media?,best_practice,Expert,"[""Introduction to social media"", ""Key points and analysis"", ""Practical examples"", ""Expert insights"", ""Action items"", ""Conclusion""]","[""media"", ""best_practice"", ""marketing"", ""social"", ""advertising"", ""branding""]",4,Marketing Directors & CMOs,"[""brand management"", ""digital marketing"", ""content marketing""]",50,8,2025-10-25 21:09:19,en,What channels are most effective for {keyword}?,0.91,1.0,0.43
8600047,market analysis,economics,What timeline is realistic for market analysis returns?,optimization,Advanced,"[""Introduction to market analysis"", ""Key points and analysis"", ""Practical examples"", ""Expert insights"", ""Action items"", ""Conclusion""]","[""finance"", ""analysis"", ""market"", ""optimization"", ""economics""]",4,Professional Investors & Advisors,"[""investment planning"", ""financial modeling"", ""portfolio management""]",55,8,2025-10-25 21:09:19,en,What timeline is realistic for {keyword} returns?,0.74,0.9024337974534287,0.55
8600048,financial modeling,economics,How do you assess and manage financial modeling risks?,best_practice,Beginner,"[""Overview of financial modeling"", ""Step-by-step implementation"", ""Best practices and tips"", ""Common challenges and solutions"", ""Tools and resources needed"", ""Conclusion and next steps""]","[""best_practice"", ""modeling"", ""financial"", ""market"", ""business"", ""economics""]",6,Students & New Investors,"[""portfolio management"", ""investment planning"", ""market analysis""]",54,9,2025-10-25 21:09:19,en,How do you assess and manage {keyword} risks?,0.9,0.4356890308629742,0.74
8600049,portfolio management,economics,How does global economics impact portfolio management?,strategy,Advanced,"[""Introduction to portfolio management"", ""Key points and analysis"", ""Practical examples"", ""Expert insights"", ""Action items"", ""Conclusion""]","[""finance"", ""portfolio"", ""management"", ""business"", ""strategy"", ""economics""]",4,Professional Investors & Advisors,"[""financial modeling"", ""investment planning"", ""market analysis""]",54,7,2025-10-25 21:09:19,en,How does global economics impact {keyword}?,0.89,0.9518898171541552,0.79
8600050,digital marketing,marketing,How do you identify the right audience for digital marketing?,troubleshooting,Expert,"[""Overview of digital marketing"", ""Step-by-step implementation"", ""Best practices and tips"", ""Common challenges and solutions"", ""Tools and resources needed"", ""Conclusion and next steps""]","[""marketing"", ""advertising"", ""troubleshooting"", ""digital""]",6,Marketing Directors & CMOs,"[""brand management"", ""content marketing"", ""social media""]",61,10,2025-10-25 21:09:19,en,How do you identify the right audience for {keyword}?,0.75,1.0,0.47
8600051,financial modeling,economics,What indicators predict financial modeling market movements?,best_practice,Expert,"[""Introduction to financial modeling"", ""Key points and analysis"", ""Practical examples"", ""Expert insights"", ""Action items"", ""Conclusion""]","[""best_practice"", ""modeling"", ""financial"", ""market"", ""business"", ""economics""]",4,Portfolio Managers & Financial Experts,"[""market analysis"", ""investment planning"", ""portfolio management""]",60,7,2025-10-25 21:09:19,en,What indicators predict {keyword} market movements?,0.87,1.0,0.78
8600052,cloud computing,it,What skills are needed to master cloud computing?,troubleshooting,Advanced,"[""Introduction to cloud computing"", ""Key points and analysis"", ""Practical examples"", ""Expert insights"", ""Action items"", ""Conclusion""]","[""computing"", ""development"", ""it"", ""programming"", ""troubleshooting"", ""cloud""]",4,Senior Developers & Tech Leads,"[""data science"", ""machine learning"", ""web development"", ""cybersecurity""]",49,8,2025-10-25 21:09:19,en,What skills are needed to master {keyword}?,0.67,0.8078105863638276,0.44
8600053,digital marketing,marketing,What timing strategies work for digital marketing?,optimization,Beginner,"[""Introduction to digital marketing"", ""Key points and analysis"", ""Practical examples"", ""Expert insights"", ""Action items"", ""Conclusion""]","[""marketing"", ""optimization"", ""advertising"", ""digital""]",4,Marketing Students & Interns,"[""content marketing"", ""social media"", ""brand management""]",50,7,2025-10-25 21:09:19,en,What timing strategies work for {keyword}?,0.86,0.4653711008474012,0.71
8600054,investment planning,economics,What are the seasonal patterns in investment planning?,optimization,Advanced,"[""Introduction to investment planning"", ""Key concepts and definitions"", ""Main categories or types"", ""Examples and case studies"", ""Benefits and advantages"", ""Summary and recommendations""]","[""investment"", ""planning"", ""market"", ""optimization"", ""economics""]",6,Professional Investors & Advisors,"[""market analysis"", ""financial modeling"", ""portfolio management""]",54,8,2025-10-25 21:09:19,en,What are the seasonal patterns in {keyword}?,0.92,0.8382130102355384,0.89
8600055,digital marketing,marketing,What does the future hold for digital marketing?,evaluation,Expert,"[""Introduction to digital marketing"", ""Key points and analysis"", ""Practical examples"", ""Expert insights"", ""Action items"", ""Conclusion""]","[""promotion"", ""marketing"", ""digital"", ""branding"", ""evaluation""]",4,Marketing Directors & CMOs,"[""social media"", ""content marketing"", ""brand management""]",48,8,2025-10-25 21:09:19,en,What does the future hold for {keyword}?,0.64,1.0,0.56
8600056,digital marketing,marketing,What KPIs are most important for digital marketing?,how_to,Expert,"[""Introduction to digital marketing"", ""Key points and analysis"", ""Practical examples"", ""Expert insights"", ""Action items"", ""Conclusion""]","[""how_to"", ""promotion"", ""marketing"", ""digital"", ""branding""]",4,Marketing Directors & CMOs,"[""content marketing"", ""brand management"", ""social media""]",51,8,2025-10-25 21:09:19,en,What KPIs are most important for {keyword}?,0.77,1.0,0.77
8600057,digital marketing,marketing,How do you optimize digital marketing for mobile users?,strategy,Advanced,"[""Overview of digital marketing"", ""Step-by-step implementation"", ""Best practices and tips"", ""Common challenges and solutions"", ""Tools and resources needed"", ""Conclusion and next steps""]","[""marketing"", ""strategy"", ""promotion"", ""digital""]",6,Marketing Managers & Strategists,"[""content marketing"", ""social media"", ""brand management""]",55,9,2025-10-25 21:09:19,en,How do you optimize {keyword} for mobile users?,0.81,0.9011914174170738,0.36
8600058,digital marketing,marketing,What timing strategies work for digital marketing?,evaluation,Beginner,"[""Introduction to digital marketing"", ""Key points and analysis"", ""Practical examples"", ""Expert insights"", ""Action items"", ""Conclusion""]","[""evaluation"", ""marketing"", ""branding"", ""digital""]",4,Marketing Students & Interns,"[""content marketing"", ""social media"", ""brand management""]",50,7,2025-10-25 21:09:19,en,What timing strategies work for {keyword}?,0.77,0.45765061255105,0.51
8600059,portfolio management,economics,What tools help analyze portfolio management data?,comparison,Intermediate,"[""Introduction to portfolio management"", ""Key points and analysis"", ""Practical examples"", ""Expert insights"", ""Action items"", ""Conclusion""]","[""finance"", ""portfolio"", ""comparison"", ""management"", ""market"", ""economics""]",4,Individual Investors & Analysts,"[""financial modeling"", ""market analysis"", ""investment planning""]",50,7,2025-10-25 21:09:19,en,What tools help analyze {keyword} data?,0.7,0.6792630457784332,0.47
8600060,financial modeling,economics,How do you adjust your financial modeling strategy during volatility?,implementation,Beginner,"[""Overview of financial modeling"", ""Step-by-step implementation"", ""Best practices and tips"", ""Common challenges and solutions"", ""Tools and resources needed"", ""Conclusion and next steps""]","[""investment"", ""implementation"", ""modeling"", ""financial"", ""business"", ""economics""]",6,Students & New Investors,"[""market analysis"", ""investment planning"", ""portfolio management""]",69,10,2025-10-25 21:09:19,en,How do you adjust your {keyword} strategy during volatility?,0.83,0.49023562138265686,0.52
8600061,data science,it,What are the latest trends in data science technology?,best_practice,Expert,"[""Introduction to data science"", ""Key concepts and definitions"", ""Main categories or types"", ""Examples and case studies"", ""Benefits and advantages"", ""Summary and recommendations""]","[""software"", ""development"", ""it"", ""best_practice"", ""science"", ""data""]",6,Architects & Technical Directors,"[""web development"", ""cloud computing"", ""machine learning"", ""cybersecurity""]",54,9,2025-10-25 21:09:19,en,What are the latest trends in {keyword} technology?,0.92,1.0,0.35
8600062,data science,it,How do you get started with data science as a beginner?,implementation,Expert,"[""Overview of data science"", ""Step-by-step implementation"", ""Best practices and tips"", ""Common challenges and solutions"", ""Tools and resources needed"", ""Conclusion and next steps""]","[""technology"", ""it"", ""implementation"", ""programming"", ""science"", ""data""]",6,Architects & Technical Directors,"[""cloud computing"", ""web development"", ""machine learning"", ""cybersecurity""]",55,11,2025-10-25 21:09:19,en,How do you get started with {keyword} as a beginner?,0.94,1.0,0.52
8600063,financial modeling,economics,What are the seasonal patterns in financial modeling?,troubleshooting,Advanced,"[""Introduction to financial modeling"", ""Key concepts and definitions"", ""Main categories or types"", ""Examples and case studies"", ""Benefits and advantages"", ""Summary and recommendations""]","[""finance"", ""troubleshooting"", ""modeling"", ""financial"", ""business"", ""economics""]",6,Professional Investors & Advisors,"[""portfolio management"", ""investment planning"", ""market analysis""]",53,8,2025-10-25 21:09:19,en,What are the seasonal patterns in {keyword}?,0.88,0.8578984077137416,0.7
8600064,investment planning,economics,How do you diversify your portfolio using investment planning?,implementation,Beginner,"[""Overview of investment planning"", ""Step-by-step implementation"", ""Best practices and tips"", ""Common challenges and solutions"", ""Tools and resources needed"", ""Conclusion and next steps""]","[""investment"", ""planning"", ""implementation"", ""market"", ""economics""]",6,Students & New Investors,"[""market analysis"", ""financial modeling"", ""portfolio management""]",62,9,2025-10-25 21:09:19,en,How do you diversify your portfolio using {keyword}?,0.68,0.45356118732269957,0.72
8600065,machine learning,it,How do you implement machine learning in a production environment?,planning,Beginner,"[""Overview of machine learning"", ""Step-by-step implementation"", ""Best practices and tips"", ""Common challenges and solutions"", ""Tools and resources needed"", ""Conclusion and next steps""]","[""planning"", ""it"", ""programming"", ""learning"", ""machine"", ""technology""]",6,Students & Entry-level Developers,"[""data science"", ""cloud computing"", ""cybersecurity"", ""web development""]",66,10,2025-10-25 21:09:19,en,How do you implement {keyword} in a production environment?,0.9,0.31455642865407796,0.38
8600066,investment planning,economics,What is the optimal allocation for investment planning in a portfolio?,how_to,Intermediate,"[""Introduction to investment planning"", ""Key points and analysis"", ""Practical examples"", ""Expert insights"", ""Action items"", ""Conclusion""]","[""investment"", ""how_to"", ""planning"", ""finance"", ""business"", ""economics""]",4,Individual Investors & Analysts,"[""portfolio management"", ""financial modeling"", ""market analysis""]",70,11,2025-10-25 21:09:19,en,What is the optimal allocation for {keyword} in a portfolio?,0.84,0.6903957861554465,0.66
8600067,investment planning,economics,How do you adjust your investment planning strategy during volatility?,strategy,Advanced,"[""Overview of investment planning"", ""Step-by-step implementation"", ""Best practices and tips"", ""Common challenges and solutions"", ""Tools and resources needed"", ""Conclusion and next steps""]","[""investment"", ""planning"", ""finance"", ""strategy"", ""economics""]",6,Professional Investors & Advisors,"[""portfolio management"", ""financial modeling"", ""market analysis""]",70,10,2025-10-25 21:09:19,en,How do you adjust your {keyword} strategy during volatility?,0.83,0.9976703982363672,0.73
8600068,investment planning,economics,What is the optimal allocation for investment planning in a portfolio?,troubleshooting,Expert,"[""Introduction to investment planning"", ""Key points and analysis"", ""Practical examples"", ""Expert insights"", ""Action items"", ""Conclusion""]","[""investment"", ""planning"", ""finance"", ""troubleshooting"", ""economics""]",4,Portfolio Managers & Financial Experts,"[""portfolio management"", ""financial modeling"", ""market analysis""]",70,11,2025-10-25 21:09:19,en,What is the optimal allocation for {keyword} in a portfolio?,0.76,1.0,0.32
8600069,brand management,marketing,What A/B tests should you run for brand management?,how_to,Beginner,"[""Introduction to brand management"", ""Key points and analysis"", ""Practical examples"", ""Expert insights"", ""Action items"", ""Conclusion""]","[""how_to"", ""marketing"", ""management"", ""advertising"", ""branding"", ""brand""]",4,Marketing Students & Interns,"[""content marketing"", ""digital marketing"", ""social media""]",51,9,2025-10-25 21:09:19,en,What A/B tests should you run for {keyword}?,0.87,0.41541156116790956,0.76
8600070,data science,it,How does data science impact business operations?,implementation,Intermediate,"[""Introduction to data science"", ""Key points and analysis"", ""Practical examples"", ""Expert insights"", ""Action items"", ""Conclusion""]","[""development"", ""it"", ""implementation"", ""programming"", ""science"", ""data""]",4,Junior to Mid-level Developers,"[""cloud computing"", ""machine learning"", ""cybersecurity"", ""web development""]",49,7,2025-10-25 21:09:19,en,How does {keyword} impact business operations?,0.91,0.6941114045656194,0.75
8600071,market analysis,economics,How do you adjust your market analysis strategy during volatility?,troubleshooting,Advanced,"[""Overview of market analysis"", ""Step-by-step implementation"", ""Best practices and tips"", ""Common challenges and solutions"", ""Tools and resources needed"", ""Conclusion and next steps""]","[""investment"", ""analysis"", ""troubleshooting"", ""market"", ""business"", ""economics""]",6,Professional Investors & Advisors,"[""portfolio management"", ""financial modeling"", ""investment planning""]",66,10,2025-10-25 21:09:19,en,How do you adjust your {keyword} strategy during volatility?,0.84,0.8614979207352504,0.9
8600072,social media,marketing,What KPIs are most important for social media?,analysis,Expert,"[""Introduction to social media"", ""Key points and analysis"", ""Practical examples"", ""Expert insights"", ""Action items"", ""Conclusion""]","[""analysis"", ""media"", ""promotion"", ""marketing"", ""social"", ""advertising""]",4,Marketing Directors & CMOs,"[""content marketing"", ""digital marketing"", ""brand management""]",46,8,2025-10-25 21:09:19,en,What KPIs are most important for {keyword}?,0.91,1.0,0.83
8600073,financial modeling,economics,What indicators predict financial modeling market movements?,optimization,Expert,"[""Introduction to financial modeling"", ""Key points and analysis"", ""Practical examples"", ""Expert insights"", ""Action items"", ""Conclusion""]","[""finance"", ""modeling"", ""financial"", ""market"", ""optimization"", ""economics""]",4,Portfolio Managers & Financial Experts,"[""investment planning"", ""market analysis"", ""portfolio management""]",60,7,2025-10-25 21:09:19,en,What indicators predict {keyword} market movements?,0.93,1.0,0.5
8600074,data science,it,How do you convince stakeholders to invest in data science?,strategy,Advanced,"[""Overview of data science"", ""Step-by-step implementation"", ""Best practices and tips"", ""Common challenges and solutions"", ""Tools and resources needed"", ""Conclusion and next steps""]","[""software"", ""it"", ""programming"", ""science"", ""strategy"", ""data""]",6,Senior Developers & Tech Leads,"[""web development"", ""cloud computing"", ""cybersecurity"", ""machine learning""]",59,10,2025-10-25 21:09:19,en,How do you convince stakeholders to invest in {keyword}?,0.73,0.9599695527745196,0.55
8600075,investment planning,economics,What are the seasonal patterns in investment planning?,troubleshooting,Advanced,"[""Introduction to investment planning"", ""Key concepts and definitions"", ""Main categories or types"", ""Examples and case studies"", ""Benefits and advantages"", ""Summary and recommendations""]","[""investment"", ""planning"", ""finance"", ""troubleshooting"", ""economics""]",6,Professional Investors & Advisors,"[""financial modeling"", ""portfolio management"", ""market analysis""]",54,8,2025-10-25 21:09:19,en,What are the seasonal patterns in {keyword}?,0.72,0.9012673505765569,0.65
8600076,investment planning,economics,How do you protect your investment planning investments?,implementation,Intermediate,"[""Overview of investment planning"", ""Step-by-step implementation"", ""Best practices and tips"", ""Common challenges and solutions"", ""Tools and resources needed"", ""Conclusion and next steps""]","[""investment"", ""planning"", ""implementation"", ""business"", ""economics""]",6,Individual Investors & Analysts,"[""market analysis"", ""portfolio management"", ""financial modeling""]",56,8,2025-10-25 21:09:19,en,How do you protect your {keyword} investments?,0.83,0.7995226142750629,0.39
8600077,portfolio management,economics,What metrics are most important for portfolio management?,troubleshooting,Advanced,"[""Introduction to portfolio management"", ""Key points and analysis"", ""Practical examples"", ""Expert insights"", ""Action items"", ""Conclusion""]","[""investment"", ""finance"", ""portfolio"", ""troubleshooting"", ""management"", ""economics""]",4,Professional Investors & Advisors,"[""financial modeling"", ""market analysis"", ""investment planning""]",57,8,2025-10-25 21:09:19,en,What metrics are most important for {keyword}?,0.67,0.9874885956583974,0.38
8600078,market analysis,economics,How do you report on market analysis performance to stakeholders?,strategy,Expert,"[""Overview of market analysis"", ""Step-by-step implementation"", ""Best practices and tips"", ""Common challenges and solutions"", ""Tools and resources needed"", ""Conclusion and next steps""]","[""finance"", ""analysis"", ""business"", ""market"", ""strategy"", ""economics""]",6,Portfolio Managers & Financial Experts,"[""financial modeling"", ""investment planning"", ""portfolio management""]",65,10,2025-10-25 21:09:19,en,How do you report on {keyword} performance to stakeholders?,0.64,1.0,0.64
8600079,data science,it,How do you integrate data science with existing systems?,troubleshooting,Advanced,"[""Overview of data science"", ""Step-by-step implementation"", ""Best practices and tips"", ""Common challenges and solutions"", ""Tools and resources needed"", ""Conclusion and next steps""]","[""technology"", ""software"", ""it"", ""troubleshooting"", ""science"", ""data""]",6,Senior Developers & Tech Leads,"[""cybersecurity"", ""machine learning"", ""web development"", ""cloud computing""]",56,9,2025-10-25 21:09:19,en,How do you integrate {keyword} with existing systems?,0.83,0.9476534654267258,0.84
8600080,market analysis,economics,What are the seasonal patterns in market analysis?,optimization,Expert,"[""Introduction to market analysis"", ""Key concepts and definitions"", ""Main categories or types"", ""Examples and case studies"", ""Benefits and advantages"", ""Summary and recommendations""]","[""investment"", ""finance"", ""analysis"", ""market"", ""optimization"", ""economics""]",6,Portfolio Managers & Financial Experts,"[""investment planning"", ""financial modeling"", ""portfolio management""]",50,8,2025-10-25 21:09:19,en,What are the seasonal patterns in {keyword}?,0.81,1.0,0.62
8600081,cybersecurity,it,How do you design a scalable cybersecurity solution?,planning,Beginner,"[""Overview of cybersecurity"", ""Step-by-step implementation"", ""Best practices and tips"", ""Common challenges and solutions"", ""Tools and resources needed"", ""Conclusion and next steps""]","[""planning"", ""it"", ""programming"", ""cybersecurity"", ""technology""]",5,Students & Entry-level Developers,"[""cloud computing"", ""data science"", ""web development"", ""machine learning""]",52,8,2025-10-25 21:09:19,en,How do you design a scalable {keyword} solution?,0.86,0.39888177766927757,0.58
8600082,market analysis,economics,How do you report on market analysis performance to stakeholders?,strategy,Intermediate,"[""Overview of market analysis"", ""Step-by-step implementation"", ""Best practices and tips"", ""Common challenges and solutions"", ""Tools and resources needed"", ""Conclusion and next steps""]","[""investment"", ""finance"", ""analysis"", ""market"", ""strategy"", ""economics""]",6,Individual Investors & Analysts,"[""portfolio management"", ""financial modeling"", ""investment planning""]",65,10,2025-10-25 21:09:19,en,How do you report on {keyword} performance to stakeholders?,0.94,0.6011884864700037,0.49
8600083,brand management,marketing,What A/B tests should you run for brand management?,analysis,Intermediate,"[""Introduction to brand management"", ""Key points and analysis"", ""Practical examples"", ""Expert insights"", ""Action items"", ""Conclusion""]","[""analysis"", ""marketing"", ""management"", ""digital"", ""branding"", ""brand""]",4,Marketing Coordinators & Specialists,"[""content marketing"", ""digital marketing"", ""social media""]",51,9,2025-10-25 21:09:19,en,What A/B tests should you run for {keyword}?,0.71,0.6543196595180757,0.43
8600084,web development,it,Which frameworks support web development implementation?,troubleshooting,Intermediate,"[""Introduction to web development"", ""Key points and analysis"", ""Practical examples"", ""Expert insights"", ""Action items"", ""Conclusion""]","[""software"", ""development"", ""it"", ""programming"", ""troubleshooting"", ""web""]",4,Junior to Mid-level Developers,"[""data science"", ""cloud computing"", ""machine learning"", ""cybersecurity""]",56,6,2025-10-25 21:09:19,en,Which frameworks support {keyword} implementation?,0.72,0.6894546903045637,0.46
8600085,social media,marketing,What channels are most effective for social media?,how_to,Expert,"[""Introduction to social media"", ""Key points and analysis"", ""Practical examples"", ""Expert insights"", ""Action items"", ""Conclusion""]","[""how_to"", ""media"", ""digital"", ""marketing"", ""social"", ""advertising""]",4,Marketing Directors & CMOs,"[""digital marketing"", ""brand management"", ""content marketing""]",50,8,2025-10-25 21:09:19,en,What channels are most effective for {keyword}?,0.94,1.0,0.8
8600086,machine learning,it,What design patterns work best with machine learning?,best_practice,Beginner,"[""Introduction to machine learning"", ""Key points and analysis"", ""Practical examples"", ""Expert insights"", ""Action items"", ""Conclusion""]","[""software"", ""development"", ""it"", ""best_practice"", ""learning"", ""machine""]",4,Students & Entry-level Developers,"[""web development"", ""data science"", ""cloud computing"", ""cybersecurity""]",53,8,2025-10-25 21:09:19,en,What design patterns work best with {keyword}?,0.74,0.32805350569699204,0.53
8600087,financial modeling,economics,How do you report on financial modeling performance to stakeholders?,evaluation,Advanced,"[""Overview of financial modeling"", ""Step-by-step implementation"", ""Best practices and tips"", ""Common challenges and solutions"", ""Tools and resources needed"", ""Conclusion and next steps""]","[""investment"", ""finance"", ""modeling"", ""financial"", ""evaluation"", ""economics""]",6,Professional Investors & Advisors,"[""investment planning"", ""portfolio management"", ""market analysis""]",68,10,2025-10-25 21:09:19,en,How do you report on {keyword} performance to stakeholders?,0.77,0.8183112861770218,0.57
8600088,cybersecurity,it,How do you stay updated with cybersecurity developments?,best_practice,Advanced,"[""Overview of cybersecurity"", ""Step-by-step implementation"", ""Best practices and tips"", ""Common challenges and solutions"", ""Tools and resources needed"", ""Conclusion and next steps""]","[""software"", ""it"", ""programming"", ""best_practice"", ""cybersecurity""]",5,Senior Developers & Tech Leads,"[""data science"", ""cloud computing"", ""web development"", ""machine learning""]",56,8,2025-10-25 21:09:19,en,How do you stay updated with {keyword} developments?,0.9,0.84010621006235,0.59
8600089,cybersecurity,it,How do you design a scalable cybersecurity solution?,analysis,Advanced,"[""Overview of cybersecurity"", ""Step-by-step implementation"", ""Best practices and tips"", ""Common challenges and solutions"", ""Tools and resources needed"", ""Conclusion and next steps""]","[""development"", ""analysis"", ""it"", ""programming"", ""cybersecurity""]",5,Senior Developers & Tech Leads,"[""web development"", ""machine learning"", ""cloud computing"", ""data science""]",52,8,2025-10-25 21:09:19,en,How do you design a scalable {keyword} solution?,0.62,0.9551072228343535,0.47
8600090,brand management,marketing,How do you attribute success to brand management efforts?,troubleshooting,Expert,"[""Overview of brand management"", ""Step-by-step implementation"", ""Best practices and tips"", ""Common challenges and solutions"", ""Tools and resources needed"", ""Conclusion and next steps""]","[""troubleshooting"", ""marketing"", ""management"", ""advertising"", ""branding"", ""brand""]",6,Marketing Directors & CMOs,"[""content marketing"", ""digital marketing"", ""social media""]",57,9,2025-10-25 21:09:19,en,How do you attribute success to {keyword} efforts?,0.76,1.0,0.6
8600091,social media,marketing,What messaging works best in social media campaigns?,troubleshooting,Advanced,"[""Introduction to social media"", ""Key points and analysis"", ""Practical examples"", ""Expert insights"", ""Action items"", ""Conclusion""]","[""media"", ""troubleshooting"", ""marketing"", ""social"", ""advertising"", ""branding""]",4,Marketing Managers & Strategists,"[""digital marketing"", ""brand management"", ""content marketing""]",52,8,2025-10-25 21:09:19,en,What messaging works best in {keyword} campaigns?,0.62,0.9746445895779939,0.44
8600092,investment planning,economics,What exit strategies should be considered for investment planning?,best_practice,Advanced,"[""Introduction to investment planning"", ""Key points and analysis"", ""Practical examples"", ""Expert insights"", ""Action items"", ""Conclusion""]","[""investment"", ""planning"", ""finance"", ""best_practice"", ""economics""]",4,Professional Investors & Advisors,"[""portfolio management"", ""market analysis"", ""financial modeling""]",66,9,2025-10-25 21:09:19,en,What exit strategies should be considered for {keyword}?,0.87,0.9581677071502487,0.57
8600093,cloud computing,it,What are the best practices for cloud computing development?,planning,Beginner,"[""Introduction to cloud computing"", ""Key concepts and definitions"", ""Main categories or types"", ""Examples and case studies"", ""Benefits and advantages"", ""Summary and recommendations""]","[""computing"", ""software"", ""planning"", ""it"", ""programming"", ""cloud""]",6,Students & Entry-level Developers,"[""data science"", ""cybersecurity"", ""web development"", ""machine learning""]",60,9,2025-10-25 21:09:19,en,What are the best practices for {keyword} development?,0.6,0.37293089763159815,0.87
8600094,portfolio management,economics,What strategies work best for portfolio management investment?,planning,Advanced,"[""Introduction to portfolio management"", ""Key points and analysis"", ""Practical examples"", ""Expert insights"", ""Action items"", ""Conclusion""]","[""planning"", ""portfolio"", ""management"", ""market"", ""business"", ""economics""]",4,Professional Investors & Advisors,"[""investment planning"", ""market analysis"", ""financial modeling""]",62,8,2025-10-25 21:09:19,en,What strategies work best for {keyword} investment?,0.71,0.9565464796337266,0.46
8600095,machine learning,it,What security considerations should be taken when using machine learning?,strategy,Advanced,"[""Introduction to machine learning"", ""Key points and analysis"", ""Practical examples"", ""Expert insights"", ""Action items"", ""Conclusion""]","[""it"", ""programming"", ""learning"", ""strategy"", ""machine"", ""technology""]",4,Senior Developers & Tech Leads,"[""cybersecurity"", ""web development"", ""cloud computing"", ""data science""]",73,10,2025-10-25 21:09:19,en,What security considerations should be taken when using {keyword}?,0.71,0.8709220019579602,0.68
8600096,brand management,marketing,What does the future hold for brand management?,how_to,Intermediate,"[""Introduction to brand management"", ""Key points and analysis"", ""Practical examples"", ""Expert insights"", ""Action items"", ""Conclusion""]","[""how_to"", ""digital"", ""marketing"", ""management"", ""branding"", ""brand""]",4,Marketing Coordinators & Specialists,"[""content marketing"", ""social media"", ""digital marketing""]",47,8,2025-10-25 21:09:19,en,What does the future hold for {keyword}?,0.79,0.620824005355323,0.41
8600097,brand management,marketing,What tools are essential for brand management analytics?,evaluation,Expert,"[""Introduction to brand management"", ""Key points and analysis"", ""Practical examples"", ""Expert insights"", ""Action items"", ""Conclusion""]","[""marketing"", ""management"", ""advertising"", ""branding"", ""evaluation"", ""brand""]",4,Marketing Directors & CMOs,"[""digital marketing"", ""content marketing"", ""social media""]",56,8,2025-10-25 21:09:19,en,What tools are essential for {keyword} analytics?,0.81,1.0,0.89
8600098,social media,marketing,How do you improve social media conversion rates?,implementation,Intermediate,"[""Overview of social media"", ""Step-by-step implementation"", ""Best practices and tips"", ""Common challenges and solutions"", ""Tools and resources needed"", ""Conclusion and next steps""]","[""media"", ""implementation"", ""marketing"", ""digital"", ""social"", ""advertising""]",6,Marketing Coordinators & Specialists,"[""content marketing"", ""digital marketing"", ""brand management""]",49,8,2025-10-25 21:09:19,en,How do you improve {keyword} conversion rates?,0.61,0.7404498673379705,0.87
8600099,brand management,marketing,What are the latest trends in brand management?,best_practice,Advanced,"[""Introduction to brand management"", ""Key concepts and definitions"", ""Main categories or types"", ""Examples and case studies"", ""Benefits and advantages"", ""Summary and recommendations""]","[""best_practice"", ""marketing"", ""management"", ""advertising"", ""digital"", ""brand""]",6,Marketing Managers & Strategists,"[""digital marketing"", ""social media"", ""content marketing""]",47,8,2025-10-25 21:09:19,en,What are the latest trends in {keyword}?,0.69,0.9900532783267473,0.41
8600100,digital marketing,marketing,How do you create a digital marketing roadmap?,best_practice,Beginner,"[""Overview of digital marketing"", ""Step-by-step implementation"", ""Best practices and tips"", ""Common challenges and solutions"", ""Tools and resources needed"", ""Conclusion and next steps""]","[""marketing"", ""advertising"", ""best_practice"", ""digital""]",6,Marketing Students & Interns,"[""social media"", ""brand management"", ""content marketing""]",46,8,2025-10-25 21:09:19,en,How do you create a {keyword} roadmap?,0.63,0.3764926528301999,0.79
8600101,cloud computing,it,How do you integrate cloud computing with existing systems?,analysis,Expert,"[""Overview of cloud computing"", ""Step-by-step implementation"", ""Best practices and tips"", ""Common challenges and solutions"", ""Tools and resources needed"", ""Conclusion and next steps""]","[""computing"", ""development"", ""analysis"", ""it"", ""programming"", ""cloud""]",6,Architects & Technical Directors,"[""machine learning"", ""web development"", ""data science"", ""cybersecurity""]",59,9,2025-10-25 21:09:19,en,How do you integrate {keyword} with existing systems?,0.75,1.0,0.62
8600102,social media,marketing,What timing strategies work for social media?,planning,Expert,"[""Introduction to social media"", ""Key points and analysis"", ""Practical examples"", ""Expert insights"", ""Action items"", ""Conclusion""]","[""planning"", ""media"", ""marketing"", ""digital"", ""social"", ""branding""]",4,Marketing Directors & CMOs,"[""digital marketing"", ""content marketing"", ""brand management""]",45,7,2025-10-25 21:09:19,en,What timing strategies work for {keyword}?,0.77,1.0,0.46
8600103,portfolio management,economics,How do you analyze market trends in portfolio management?,optimization,Expert,"[""Overview of portfolio management"", ""Step-by-step implementation"", ""Best practices and tips"", ""Common challenges and solutions"", ""Tools and resources needed"", ""Conclusion and next steps""]","[""finance"", ""portfolio"", ""management"", ""business"", ""optimization"", ""economics""]",6,Portfolio Managers & Financial Experts,"[""investment planning"", ""financial modeling"", ""market analysis""]",57,9,2025-10-25 21:09:19,en,How do you analyze market trends in {keyword}?,0.88,1.0,0.87
8600104,content marketing,marketing,What does the future hold for content marketing?,planning,Advanced,"[""Introduction to content marketing"", ""Key points and analysis"", ""Practical examples"", ""Expert insights"", ""Action items"", ""Conclusion""]","[""planning"", ""content"", ""marketing"", ""digital"", ""branding""]",4,Marketing Managers & Strategists,"[""brand management"", ""digital marketing"", ""social media""]",48,8,2025-10-25 21:09:19,en,What does the future hold for {keyword}?,0.82,0.9248480529204017,0.51
8600105,cybersecurity,it,How do you stay updated with cybersecurity developments?,best_practice,Advanced,"[""Overview of cybersecurity"", ""Step-by-step implementation"", ""Best practices and tips"", ""Common challenges and solutions"", ""Tools and resources needed"", ""Conclusion and next steps""]","[""development"", ""it"", ""best_practice"", ""cybersecurity"", ""technology""]",5,Senior Developers & Tech Leads,"[""web development"", ""cloud computing"", ""machine learning"", ""data science""]",56,8,2025-10-25 21:09:19,en,How do you stay updated with {keyword} developments?,0.93,0.8837488011893205,0.44
8600106,market analysis,economics,What timeline is realistic for market analysis returns?,optimization,Expert,"[""Introduction to market analysis"", ""Key points and analysis"", ""Practical examples"", ""Expert insights"", ""Action items"", ""Conclusion""]","[""investment"", ""analysis"", ""finance"", ""market"", ""optimization"", ""economics""]",4,Portfolio Managers & Financial Experts,"[""investment planning"", ""financial modeling"", ""portfolio management""]",55,8,2025-10-25 21:09:19,en,What timeline is realistic for {keyword} returns?,0.84,1.0,0.4
8600107,digital marketing,marketing,How do you identify the right audience for digital marketing?,best_practice,Beginner,"[""Overview of digital marketing"", ""Step-by-step implementation"", ""Best practices and tips"", ""Common challenges and solutions"", ""Tools and resources needed"", ""Conclusion and next steps""]","[""promotion"", ""best_practice"", ""marketing"", ""digital"", ""advertising""]",6,Marketing Students & Interns,"[""content marketing"", ""social media"", ""brand management""]",61,10,2025-10-25 21:09:19,en,How do you identify the right audience for {keyword}?,0.87,0.38292277411709036,0.38
8600108,cloud computing,it,What are the latest trends in cloud computing technology?,how_to,Intermediate,"[""Introduction to cloud computing"", ""Key concepts and definitions"", ""Main categories or types"", ""Examples and case studies"", ""Benefits and advantages"", ""Summary and recommendations""]","[""computing"", ""how_to"", ""development"", ""it"", ""programming"", ""cloud""]",6,Junior to Mid-level Developers,"[""data science"", ""cybersecurity"", ""machine learning"", ""web development""]",57,9,2025-10-25 21:09:19,en,What are the latest trends in {keyword} technology?,0.8,0.6282770756453487,0.84
8600109,market analysis,economics,What is the optimal allocation for market analysis in a portfolio?,best_practice,Advanced,"[""Introduction to market analysis"", ""Key points and analysis"", ""Practical examples"", ""Expert insights"", ""Action items"", ""Conclusion""]","[""investment"", ""analysis"", ""best_practice"", ""market"", ""economics""]",4,Professional Investors & Advisors,"[""investment planning"", ""portfolio management"", ""financial modeling""]",66,11,2025-10-25 21:09:19,en,What is the optimal allocation for {keyword} in a portfolio?,0.61,0.8982219578918152,0.31
8600110,cloud computing,it,How do you stay updated with cloud computing developments?,planning,Expert,"[""Overview of cloud computing"", ""Step-by-step implementation"", ""Best practices and tips"", ""Common challenges and solutions"", ""Tools and resources needed"", ""Conclusion and next steps""]","[""computing"", ""planning"", ""development"", ""it"", ""software"", ""cloud""]",6,Architects & Technical Directors,"[""web development"", ""machine learning"", ""cybersecurity"", ""data science""]",58,9,2025-10-25 21:09:19,en,How do you stay updated with {keyword} developments?,0.84,1.0,0.31
8600111,portfolio management,economics,What timeline is realistic for portfolio management returns?,planning,Advanced,"[""Introduction to portfolio management"", ""Key points and analysis"", ""Practical examples"", ""Expert insights"", ""Action items"", ""Conclusion""]","[""planning"", ""finance"", ""portfolio"", ""management"", ""market"", ""economics""]",4,Professional Investors & Advisors,"[""market analysis"", ""financial modeling"", ""investment planning""]",60,8,2025-10-25 21:09:19,en,What timeline is realistic for {keyword} returns?,0.9,0.8593158234282621,0.86
8600112,brand management,marketing,How do you develop an effective brand management strategy?,planning,Expert,"[""Overview of brand management"", ""Step-by-step implementation"", ""Best practices and tips"", ""Common challenges and solutions"", ""Tools and resources needed"", ""Conclusion and next steps""]","[""planning"", ""promotion"", ""marketing"", ""management"", ""advertising"", ""brand""]",6,Marketing Directors & CMOs,"[""digital marketing"", ""content marketing"", ""social media""]",58,9,2025-10-25 21:09:19,en,How do you develop an effective {keyword} strategy?,0.62,1.0,0.84
8600113,portfolio management,economics,What indicators predict portfolio management market movements?,strategy,Advanced,"[""Introduction to portfolio management"", ""Key points and analysis"", ""Practical examples"", ""Expert insights"", ""Action items"", ""Conclusion""]","[""investment"", ""portfolio"", ""management"", ""market"", ""strategy"", ""economics""]",4,Professional Investors & Advisors,"[""financial modeling"", ""market analysis"", ""investment planning""]",62,7,2025-10-25 21:09:19,en,What indicators predict {keyword} market movements?,0.88,0.9871721530307098,0.45
8600114,market analysis,economics,What factors should be considered when evaluating market analysis?,planning,Intermediate,"[""Introduction to market analysis"", ""Key points and analysis"", ""Practical examples"", ""Expert insights"", ""Action items"", ""Conclusion""]","[""investment"", ""planning"", ""finance"", ""analysis"", ""market"", ""economics""]",4,Individual Investors & Analysts,"[""financial modeling"", ""investment planning"", ""portfolio management""]",66,9,2025-10-25 21:09:19,en,What factors should be considered when evaluating {keyword}?,0.91,0.6392303239178534,0.35
8600115,investment planning,economics,How do you assess and manage investment planning risks?,evaluation,Intermediate,"[""Overview of investment planning"", ""Step-by-step implementation"", ""Best practices and tips"", ""Common challenges and solutions"", ""Tools and resources needed"", ""Conclusion and next steps""]","[""investment"", ""planning"", ""finance"", ""evaluation"", ""economics""]",6,Individual Investors & Analysts,"[""portfolio management"", ""financial modeling"", ""market analysis""]",55,9,2025-10-25 21:09:19,en,How do you assess and manage {keyword} risks?,0.94,0.721888595150752,0.42
8600116,data science,it,What security considerations should be taken when using data science?,planning,Beginner,"[""Introduction to data science"", ""Key points and analysis"", ""Practical examples"", ""Expert insights"", ""Action items"", ""Conclusion""]","[""technology"", ""planning"", ""it"", ""programming"", ""science"", ""data""]",4,Students & Entry-level Developers,"[""cybersecurity"", ""cloud computing"", ""web development"", ""machine learning""]",69,10,2025-10-25 21:09:19,en,What security considerations should be taken when using {keyword}?,0.63,0.38112408391686403,0.47
8600117,brand management,marketing,What messaging works best in brand management campaigns?,planning,Advanced,"[""Introduction to brand management"", ""Key points and analysis"", ""Practical examples"", ""Expert insights"", ""Action items"", ""Conclusion""]","[""planning"", ""marketing"", ""management"", ""advertising"", ""branding"", ""brand""]",4,Marketing Managers & Strategists,"[""digital marketing"", ""content marketing"", ""social media""]",56,8,2025-10-25 21:09:19,en,What messaging works best in {keyword} campaigns?,0.72,0.9419117118698743,0.32
8600118,social media,marketing,How do you improve social media conversion rates?,planning,Beginner,"[""Overview of social media"", ""Step-by-step implementation"", ""Best practices and tips"", ""Common challenges and solutions"", ""Tools and resources needed"", ""Conclusion and next steps""]","[""planning"", ""media"", ""marketing"", ""digital"", ""social"", ""branding""]",6,Marketing Students & Interns,"[""digital marketing"", ""content marketing"", ""brand management""]",49,8,2025-10-25 21:09:19,en,How do you improve {keyword} conversion rates?,0.9,0.42298337791948326,0.37
8600119,machine learning,it,What is the recommended architecture for machine learning systems?,comparison,Advanced,"[""Introduction to machine learning"", ""Key points and analysis"", ""Practical examples"", ""Expert insights"", ""Action items"", ""Conclusion""]","[""software"", ""it"", ""comparison"", ""programming"", ""learning"", ""machine""]",4,Senior Developers & Tech Leads,"[""data science"", ""cybersecurity"", ""web development"", ""cloud computing""]",66,9,2025-10-25 21:09:19,en,What is the recommended architecture for {keyword} systems?,0.61,0.8764127456316169,0.45
8600120,data science,it,What design patterns work best with data science?,analysis,Intermediate,"[""Introduction to data science"", ""Key points and analysis"", ""Practical examples"", ""Expert insights"", ""Action items"", ""Conclusion""]","[""technology"", ""software"", ""analysis"", ""it"", ""science"", ""data""]",4,Junior to Mid-level Developers,"[""cloud computing"", ""machine learning"", ""web development"", ""cybersecurity""]",49,8,2025-10-25 21:09:19,en,What design patterns work best with {keyword}?,0.65,0.745547740999595,0.45
8600121,data science,it,What skills are needed to master data science?,evaluation,Beginner,"[""Introduction to data science"", ""Key points and analysis"", ""Practical examples"", ""Expert insights"", ""Action items"", ""Conclusion""]","[""development"", ""it"", ""programming"", ""science"", ""evaluation"", ""data""]",4,Students & Entry-level Developers,"[""cloud computing"", ""cybersecurity"", ""machine learning"", ""web development""]",46,8,2025-10-25 21:09:19,en,What skills are needed to master {keyword}?,0.64,0.4121590634195229,0.39
8600122,social media,marketing,How do you personalize social media for different segments?,optimization,Expert,"[""Overview of social media"", ""Step-by-step implementation"", ""Best practices and tips"", ""Common challenges and solutions"", ""Tools and resources needed"", ""Conclusion and next steps""]","[""media"", ""promotion"", ""digital"", ""marketing"", ""social"", ""optimization""]",6,Marketing Directors & CMOs,"[""content marketing"", ""digital marketing"", ""brand management""]",59,9,2025-10-25 21:09:19,en,How do you personalize {keyword} for different segments?,0.8,1.0,0.33
8600123,data science,it,What is the recommended architecture for data science systems?,troubleshooting,Intermediate,"[""Introduction to data science"", ""Key points and analysis"", ""Practical examples"", ""Expert insights"", ""Action items"", ""Conclusion""]","[""technology"", ""development"", ""it"", ""troubleshooting"", ""science"", ""data""]",4,Junior to Mid-level Developers,"[""machine learning"", ""cloud computing"", ""web development"", ""cybersecurity""]",62,9,2025-10-25 21:09:19,en,What is the recommended architecture for {keyword} systems?,0.84,0.7611552358855344,0.8
8600124,portfolio management,economics,What tools help analyze portfolio management data?,how_to,Intermediate,"[""Introduction to portfolio management"", ""Key points and analysis"", ""Practical examples"", ""Expert insights"", ""Action items"", ""Conclusion""]","[""how_to"", ""portfolio"", ""management"", ""market"", ""business"", ""economics""]",4,Individual Investors & Analysts,"[""financial modeling"", ""investment planning"", ""market analysis""]",50,7,2025-10-25 21:09:19,en,What tools help analyze {keyword} data?,0.88,0.6749186721008913,0.86
8600125,data science,it,What are the key components of a data science implementation?,analysis,Advanced,"[""Introduction to data science"", ""Key concepts and definitions"", ""Main categories or types"", ""Examples and case studies"", ""Benefits and advantages"", ""Summary and recommendations""]","[""software"", ""development"", ""analysis"", ""it"", ""science"", ""data""]",6,Senior Developers & Tech Leads,"[""cloud computing"", ""machine learning"", ""web development"", ""cybersecurity""]",61,10,2025-10-25 21:09:19,en,What are the key components of a {keyword} implementation?,0.69,0.8223656555855627,0.9
8600126,portfolio management,economics,How do you adjust your portfolio management strategy during volatility?,comparison,Beginner,"[""Overview of portfolio management"", ""Step-by-step implementation"", ""Best practices and tips"", ""Common challenges and solutions"", ""Tools and resources needed"", ""Conclusion and next steps""]","[""investment"", ""portfolio"", ""comparison"", ""management"", ""market"", ""economics""]",6,Students & New Investors,"[""financial modeling"", ""market analysis"", ""investment planning""]",71,10,2025-10-25 21:09:19,en,How do you adjust your {keyword} strategy during volatility?,0.81,0.42600151179190876,0.66
8600127,social media,marketing,How do you optimize social media for mobile users?,analysis,Beginner,"[""Overview of social media"", ""Step-by-step implementation"", ""Best practices and tips"", ""Common challenges and solutions"", ""Tools and resources needed"", ""Conclusion and next steps""]","[""analysis"", ""media"", ""promotion"", ""marketing"", ""social"", ""branding""]",6,Marketing Students & Interns,"[""brand management"", ""content marketing"", ""digital marketing""]",50,9,2025-10-25 21:09:19,en,How do you optimize {keyword} for mobile users?,0.76,0.3936215079453782,0.46
8600128,machine learning,it,How do you stay updated with machine learning developments?,analysis,Advanced,"[""Overview of machine learning"", ""Step-by-step implementation"", ""Best practices and tips"", ""Common challenges and solutions"", ""Tools and resources needed"", ""Conclusion and next steps""]","[""software"", ""analysis"", ""it"", ""programming"", ""learning"", ""machine""]",6,Senior Developers & Tech Leads,"[""cloud computing"", ""data science"", ""web development"", ""cybersecurity""]",59,9,2025-10-25 21:09:19,en,How do you stay updated with {keyword} developments?,0.79,0.9108441689479176,0.5
8600129,machine learning,it,How do you choose the right technology stack for machine learning?,implementation,Beginner,"[""Overview of machine learning"", ""Step-by-step implementation"", ""Best practices and tips"", ""Common challenges and solutions"", ""Tools and resources needed"", ""Conclusion and next steps""]","[""software"", ""development"", ""it"", ""implementation"", ""learning"", ""machine""]",6,Students & Entry-level Developers,"[""web development"", ""cloud computing"", ""data science"", ""cybersecurity""]",66,11,2025-10-25 21:09:19,en,How do you choose the right technology stack for {keyword}?,0.8,0.4495182553707851,0.34
8600130,digital marketing,marketing,How do you identify the right audience for digital marketing?,planning,Intermediate,"[""Overview of digital marketing"", ""Step-by-step implementation"", ""Best practices and tips"", ""Common challenges and solutions"", ""Tools and resources needed"", ""Conclusion and next steps""]","[""planning"", ""promotion"", ""marketing"", ""digital"", ""branding""]",6,Marketing Coordinators & Specialists,"[""brand management"", ""content marketing"", ""social media""]",61,10,2025-10-25 21:09:19,en,How do you identify the right audience for {keyword}?,0.83,0.6241452037901727,0.89
8600131,cloud computing,it,What certifications are valuable for cloud computing professionals?,planning,Expert,"[""Introduction to cloud computing"", ""Key points and analysis"", ""Practical examples"", ""Expert insights"", ""Action items"", ""Conclusion""]","[""computing"", ""planning"", ""software"", ""it"", ""programming"", ""cloud""]",4,Architects & Technical Directors,"[""machine learning"", ""web development"", ""cybersecurity"", ""data science""]",67,8,2025-10-25 21:09:19,en,What certifications are valuable for {keyword} professionals?,0.8,1.0,0.89
8600132,financial modeling,economics,What are the seasonal patterns in financial modeling?,troubleshooting,Beginner,"[""Introduction to financial modeling"", ""Key concepts and definitions"", ""Main categories or types"", ""Examples and case studies"", ""Benefits and advantages"", ""Summary and recommendations""]","[""investment"", ""troubleshooting"", ""modeling"", ""financial"", ""market"", ""economics""]",6,Students & New Investors,"[""investment planning"", ""portfolio management"", ""market analysis""]",53,8,2025-10-25 21:09:19,en,What are the seasonal patterns in {keyword}?,0.88,0.4037270086535682,0.39
8600133,social media,marketing,How is AI changing social media approaches?,implementation,Intermediate,"[""Introduction to social media"", ""Key points and analysis"", ""Practical examples"", ""Expert insights"", ""Action items"", ""Conclusion""]","[""media"", ""implementation"", ""promotion"", ""marketing"", ""social"", ""branding""]",4,Marketing Coordinators & Specialists,"[""brand management"", ""content marketing"", ""digital marketing""]",43,7,2025-10-25 21:09:19,en,How is AI changing {keyword} approaches?,0.93,0.7241991306245902,0.3
8600134,digital marketing,marketing,How do you reach new customers through digital marketing?,troubleshooting,Advanced,"[""Overview of digital marketing"", ""Step-by-step implementation"", ""Best practices and tips"", ""Common challenges and solutions"", ""Tools and resources needed"", ""Conclusion and next steps""]","[""promotion"", ""troubleshooting"", ""marketing"", ""digital"", ""advertising""]",6,Marketing Managers & Strategists,"[""content marketing"", ""brand management"", ""social media""]",57,9,2025-10-25 21:09:19,en,How do you reach new customers through {keyword}?,0.8,0.804791784755812,0.76
8600135,machine learning,it,How do you troubleshoot common issues with machine learning?,how_to,Beginner,"[""Overview of machine learning"", ""Step-by-step implementation"", ""Best practices and tips"", ""Common challenges and solutions"", ""Tools and resources needed"", ""Conclusion and next steps""]","[""how_to"", ""it"", ""programming"", ""learning"", ""machine"", ""technology""]",6,Students & Entry-level Developers,"[""cybersecurity"", ""cloud computing"", ""data science"", ""web development""]",60,9,2025-10-25 21:09:19,en,How do you troubleshoot common issues with {keyword}?,0.85,0.49741901961200163,0.42
8600136,cloud computing,it,How do you design a scalable cloud computing solution?,best_practice,Advanced,"[""Overview of cloud computing"", ""Step-by-step implementation"", ""Best practices and tips"", ""Common challenges and solutions"", ""Tools and resources needed"", ""Conclusion and next steps""]","[""computing"", ""software"", ""development"", ""it"", ""best_practice"", ""cloud""]",6,Senior Developers & Tech Leads,"[""machine learning"", ""web development"", ""data science"", ""cybersecurity""]",54,9,2025-10-25 21:09:19,en,How do you design a scalable {keyword} solution?,0.67,0.8900580674533485,0.55
8600137,investment planning,economics,How do economic conditions affect investment planning performance?,strategy,Beginner,"[""Introduction to investment planning"", ""Key points and analysis"", ""Practical examples"", ""Expert insights"", ""Action items"", ""Conclusion""]","[""investment"", ""planning"", ""finance"", ""business"", ""strategy"", ""economics""]",4,Students & New Investors,"[""portfolio management"", ""financial modeling"", ""market analysis""]",66,8,2025-10-25 21:09:19,en,How do economic conditions affect {keyword} performance?,0.94,0.4751920778112112,0.64
8600138,financial modeling,economics,What indicators predict financial modeling market movements?,best_practice,Advanced,"[""Introduction to financial modeling"", ""Key points and analysis"", ""Practical examples"", ""Expert insights"", ""Action items"", ""Conclusion""]","[""best_practice"", ""modeling"", ""financial"", ""market"", ""business"", ""economics""]",4,Professional Investors & Advisors,"[""market analysis"", ""investment planning"", ""portfolio management""]",60,7,2025-10-25 21:09:19,en,What indicators predict {keyword} market movements?,0.63,0.909258622469304,0.42
8600139,market analysis,economics,How do you analyze market trends in market analysis?,best_practice,Advanced,"[""Overview of market analysis"", ""Step-by-step implementation"", ""Best practices and tips"", ""Common challenges and solutions"", ""Tools and resources needed"", ""Conclusion and next steps""]","[""investment"", ""finance"", ""analysis"", ""best_practice"", ""market"", ""economics""]",6,Professional Investors & Advisors,"[""investment planning"", ""financial modeling"", ""portfolio management""]",52,9,2025-10-25 21:09:19,en,How do you analyze market trends in {keyword}?,0.68,0.8035373713860923,0.31
8600140,financial modeling,economics,How do you diversify your portfolio using financial modeling?,planning,Beginner,"[""Overview of financial modeling"", ""Step-by-step implementation"", ""Best practices and tips"", ""Common challenges and solutions"", ""Tools and resources needed"", ""Conclusion and next steps""]","[""investment"", ""planning"", ""modeling"", ""financial"", ""market"", ""economics""]",6,Students & New Investors,"[""market analysis"", ""investment planning"", ""portfolio management""]",61,9,2025-10-25 21:09:19,en,How do you diversify your portfolio using {keyword}?,0.85,0.4912806008715471,0.33
8600141,cybersecurity,it,What are the best practices for cybersecurity development?,evaluation,Beginner,"[""Introduction to cybersecurity"", ""Key concepts and definitions"", ""Main categories or types"", ""Examples and case studies"", ""Benefits and advantages"", ""Summary and recommendations""]","[""development"", ""it"", ""evaluation"", ""cybersecurity"", ""technology""]",5,Students & Entry-level Developers,"[""web development"", ""data science"", ""machine learning"", ""cloud computing""]",58,8,2025-10-25 21:09:19,en,What are the best practices for {keyword} development?,0.73,0.34720167835091226,0.36
8600142,investment planning,economics,What are the risks associated with investment planning?,analysis,Beginner,"[""Introduction to investment planning"", ""Key concepts and definitions"", ""Main categories or types"", ""Examples and case studies"", ""Benefits and advantages"", ""Summary and recommendations""]","[""investment"", ""planning"", ""analysis"", ""business"", ""economics""]",6,Students & New Investors,"[""portfolio management"", ""financial modeling"", ""market analysis""]",55,8,2025-10-25 21:09:19,en,What are the risks associated with {keyword}?,0.77,0.35224919460187043,0.6
8600143,cloud computing,it,How do you troubleshoot common issues with cloud computing?,evaluation,Expert,"[""Overview of cloud computing"", ""Step-by-step implementation"", ""Best practices and tips"", ""Common challenges and solutions"", ""Tools and resources needed"", ""Conclusion and next steps""]","[""computing"", ""development"", ""it"", ""programming"", ""evaluation"", ""cloud""]",6,Architects & Technical Directors,"[""data science"", ""cybersecurity"", ""machine learning"", ""web development""]",59,9,2025-10-25 21:09:19,en,How do you troubleshoot common issues with {keyword}?,0.75,1.0,0.66
8600144,brand management,marketing,What timing strategies work for brand management?,strategy,Beginner,"[""Introduction to brand management"", ""Key points and analysis"", ""Practical examples"", ""Expert insights"", ""Action items"", ""Conclusion""]","[""promotion"", ""marketing"", ""management"", ""branding"", ""strategy"", ""brand""]",4,Marketing Students & Interns,"[""social media"", ""digital marketing"", ""content marketing""]",49,7,2025-10-25 21:09:19,en,What timing strategies work for {keyword}?,0.86,0.4511003206806623,0.62
8600145,cybersecurity,it,How do you stay updated with cybersecurity developments?,how_to,Beginner,"[""Overview of cybersecurity"", ""Step-by-step implementation"", ""Best practices and tips"", ""Common challenges and solutions"", ""Tools and resources needed"", ""Conclusion and next steps""]","[""how_to"", ""software"", ""it"", ""programming"", ""cybersecurity""]",5,Students & Entry-level Developers,"[""web development"", ""machine learning"", ""data science"", ""cloud computing""]",56,8,2025-10-25 21:09:19,en,How do you stay updated with {keyword} developments?,0.71,0.36018295565527114,0.78
8600146,brand management,marketing,What does the future hold for brand management?,planning,Advanced,"[""Introduction to brand management"", ""Key points and analysis"", ""Practical examples"", ""Expert insights"", ""Action items"", ""Conclusion""]","[""planning"", ""promotion"", ""marketing"", ""management"", ""advertising"", ""brand""]",4,Marketing Managers & Strategists,"[""digital marketing"", ""social media"", ""content marketing""]",47,8,2025-10-25 21:09:19,en,What does the future hold for {keyword}?,0.92,0.9047055838712657,0.35
8600147,financial modeling,economics,What is the optimal allocation for financial modeling in a portfolio?,evaluation,Beginner,"[""Introduction to financial modeling"", ""Key points and analysis"", ""Practical examples"", ""Expert insights"", ""Action items"", ""Conclusion""]","[""investment"", ""modeling"", ""financial"", ""evaluation"", ""market"", ""economics""]",4,Students & New Investors,"[""market analysis"", ""portfolio management"", ""investment planning""]",69,11,2025-10-25 21:09:19,en,What is the optimal allocation for {keyword} in a portfolio?,0.93,0.44292077208582104,0.84
8600148,cloud computing,it,How do you implement cloud computing in a production environment?,planning,Intermediate,"[""Overview of cloud computing"", ""Step-by-step implementation"", ""Best practices and tips"", ""Common challenges and solutions"", ""Tools and resources needed"", ""Conclusion and next steps""]","[""computing"", ""software"", ""planning"", ""it"", ""development"", ""cloud""]",6,Junior to Mid-level Developers,"[""cybersecurity"", ""data science"", ""web development"", ""machine learning""]",65,10,2025-10-25 21:09:19,en,How do you implement {keyword} in a production environment?,0.67,0.7743383817577241,0.47
8600149,investment planning,economics,How do economic conditions affect investment planning performance?,evaluation,Beginner,"[""Introduction to investment planning"", ""Key points and analysis"", ""Practical examples"", ""Expert insights"", ""Action items"", ""Conclusion""]","[""investment"", ""planning"", ""finance"", ""evaluation"", ""business"", ""economics""]",4,Students & New Investors,"[""market analysis"", ""portfolio management"", ""financial modeling""]",66,8,2025-10-25 21:09:19,en,How do economic conditions affect {keyword} performance?,0.83,0.404820147860635,0.73
8600150,digital marketing,marketing,How do you identify the right audience for digital marketing?,evaluation,Beginner,"[""Overview of digital marketing"", ""Step-by-step implementation"", ""Best practices and tips"", ""Common challenges and solutions"", ""Tools and resources needed"", ""Conclusion and next steps""]","[""marketing"", ""digital"", ""advertising"", ""branding"", ""evaluation""]",6,Marketing Students & Interns,"[""brand management"", ""content marketing"", ""social media""]",61,10,2025-10-25 21:09:19,en,How do you identify the right audience for {keyword}?,0.89,0.39682539047291376,0.65
8600151,data science,it,What are the cost considerations for data science?,analysis,Expert,"[""Introduction to data science"", ""Key concepts and definitions"", ""Main categories or types"", ""Examples and case studies"", ""Benefits and advantages"", ""Summary and recommendations""]","[""software"", ""development"", ""analysis"", ""it"", ""science"", ""data""]",6,Architects & Technical Directors,"[""cloud computing"", ""cybersecurity"", ""web development"", ""machine learning""]",50,8,2025-10-25 21:09:19,en,What are the cost considerations for {keyword}?,0.79,1.0,0.32
8600152,investment planning,economics,What indicators predict investment planning market movements?,planning,Advanced,"[""Introduction to investment planning"", ""Key points and analysis"", ""Practical examples"", ""Expert insights"", ""Action items"", ""Conclusion""]","[""investment"", ""planning"", ""market"", ""business"", ""economics""]",4,Professional Investors & Advisors,"[""portfolio management"", ""financial modeling"", ""market analysis""]",61,7,2025-10-25 21:09:19,en,What indicators predict {keyword} market movements?,0.82,0.9540045601194556,0.81
8600153,machine learning,it,How do you integrate machine learning with existing systems?,troubleshooting,Advanced,"[""Overview of machine learning"", ""Step-by-step implementation"", ""Best practices and tips"", ""Common challenges and solutions"", ""Tools and resources needed"", ""Conclusion and next steps""]","[""software"", ""it"", ""troubleshooting"", ""learning"", ""machine"", ""technology""]",6,Senior Developers & Tech Leads,"[""data science"", ""cybersecurity"", ""cloud computing"", ""web development""]",60,9,2025-10-25 21:09:19,en,How do you integrate {keyword} with existing systems?,0.62,0.8196096496917586,0.46
8600154,market analysis,economics,How do economic conditions affect market analysis performance?,evaluation,Beginner,"[""Introduction to market analysis"", ""Key points and analysis"", ""Practical examples"", ""Expert insights"", ""Action items"", ""Conclusion""]","[""investment"", ""analysis"", ""evaluation"", ""market"", ""business"", ""economics""]",4,Students & New Investors,"[""investment planning"", ""portfolio management"", ""financial modeling""]",62,8,2025-10-25 21:09:19,en,How do economic conditions affect {keyword} performance?,0.69,0.48806941882728105,0.63
8600155,brand management,marketing,What demographics respond best to brand management?,analysis,Expert,"[""Introduction to brand management"", ""Key points and analysis"", ""Practical examples"", ""Expert insights"", ""Action items"", ""Conclusion""]","[""analysis"", ""marketing"", ""management"", ""advertising"", ""digital"", ""brand""]",4,Marketing Directors & CMOs,"[""content marketing"", ""social media"", ""digital marketing""]",51,7,2025-10-25 21:09:19,en,What demographics respond best to {keyword}?,0.92,1.0,0.37
8600156,digital marketing,marketing,How do you create a digital marketing roadmap?,optimization,Advanced,"[""Overview of digital marketing"", ""Step-by-step implementation"", ""Best practices and tips"", ""Common challenges and solutions"", ""Tools and resources needed"", ""Conclusion and next steps""]","[""marketing"", ""digital"", ""advertising"", ""branding"", ""optimization""]",6,Marketing Managers & Strategists,"[""social media"", ""content marketing"", ""brand management""]",46,8,2025-10-25 21:09:19,en,How do you create a {keyword} roadmap?,0.64,0.9678274641896643,0.75
8600157,financial modeling,economics,How do you adjust your financial modeling strategy during volatility?,analysis,Expert,"[""Overview of financial modeling"", ""Step-by-step implementation"", ""Best practices and tips"", ""Common challenges and solutions"", ""Tools and resources needed"", ""Conclusion and next steps""]","[""investment"", ""analysis"", ""modeling"", ""financial"", ""business"", ""economics""]",6,Portfolio Managers & Financial Experts,"[""investment planning"", ""portfolio management"", ""market analysis""]",69,10,2025-10-25 21:09:19,en,How do you adjust your {keyword} strategy during volatility?,0.67,1.0,0.57
8600158,market analysis,economics,How do you benchmark market analysis against alternatives?,evaluation,Expert,"[""Overview of market analysis"", ""Step-by-step implementation"", ""Best practices and tips"", ""Common challenges and solutions"", ""Tools and resources needed"", ""Conclusion and next steps""]","[""investment"", ""analysis"", ""evaluation"", ""market"", ""business"", ""economics""]",6,Portfolio Managers & Financial Experts,"[""financial modeling"", ""portfolio management"", ""investment planning""]",58,8,2025-10-25 21:09:19,en,How do you benchmark {keyword} against alternatives?,0.9,1.0,0.65
8600159,portfolio management,economics,How does global economics impact portfolio management?,how_to,Expert,"[""Introduction to portfolio management"", ""Key points and analysis"", ""Practical examples"", ""Expert insights"", ""Action items"", ""Conclusion""]","[""investment"", ""how_to"", ""portfolio"", ""management"", ""market"", ""economics""]",4,Portfolio Managers & Financial Experts,"[""market analysis"", ""financial modeling"", ""investment planning""]",54,7,2025-10-25 21:09:19,en,How does global economics impact {keyword}?,0.9,1.0,0.34
8600160,brand management,marketing,What demographics respond best to brand management?,troubleshooting,Expert,"[""Introduction to brand management"", ""Key points and analysis"", ""Practical examples"", ""Expert insights"", ""Action items"", ""Conclusion""]","[""promotion"", ""troubleshooting"", ""marketing"", ""management"", ""advertising"", ""brand""]",4,Marketing Directors & CMOs,"[""digital marketing"", ""social media"", ""content marketing""]",51,7,2025-10-25 21:09:19,en,What demographics respond best to {keyword}?,0.85,1.0,0.76
8600161,data science,it,How can data science improve system performance and scalability?,best_practice,Advanced,"[""Introduction to data science"", ""Key points and analysis"", ""Practical examples"", ""Expert insights"", ""Action items"", ""Conclusion""]","[""technology"", ""development"", ""it"", ""best_practice"", ""science"", ""data""]",4,Senior Developers & Tech Leads,"[""machine learning"", ""cybersecurity"", ""cloud computing"", ""web development""]",64,9,2025-10-25 21:09:19,en,How can {keyword} improve system performance and scalability?,0.79,0.8804728115734658,0.57
8600162,digital marketing,marketing,How do you reach new customers through digital marketing?,strategy,Expert,"[""Overview of digital marketing"", ""Step-by-step implementation"", ""Best practices and tips"", ""Common challenges and solutions"", ""Tools and resources needed"", ""Conclusion and next steps""]","[""marketing"", ""digital"", ""advertising"", ""branding"", ""strategy""]",6,Marketing Directors & CMOs,"[""content marketing"", ""social media"", ""brand management""]",57,9,2025-10-25 21:09:19,en,How do you reach new customers through {keyword}?,0.69,1.0,0.37
8600163,market analysis,economics,How do economic conditions affect market analysis performance?,implementation,Expert,"[""Introduction to market analysis"", ""Key points and analysis"", ""Practical examples"", ""Expert insights"", ""Action items"", ""Conclusion""]","[""analysis"", ""implementation"", ""market"", ""business"", ""economics""]",4,Portfolio Managers & Financial Experts,"[""financial modeling"", ""portfolio management"", ""investment planning""]",62,8,2025-10-25 21:09:19,en,How do economic conditions affect {keyword} performance?,0.68,1.0,0.64
8600164,cloud computing,it,How do you get started with cloud computing as a beginner?,how_to,Intermediate,"[""Overview of cloud computing"", ""Step-by-step implementation"", ""Best practices and tips"", ""Common challenges and solutions"", ""Tools and resources needed"", ""Conclusion and next steps""]","[""computing"", ""how_to"", ""it"", ""programming"", ""cloud"", ""technology""]",6,Junior to Mid-level Developers,"[""data science"", ""cybersecurity"", ""web development"", ""machine learning""]",58,11,2025-10-25 21:09:19,en,How do you get started with {keyword} as a beginner?,0.93,0.6181175373724164,0.48
8600165,portfolio management,economics,How do you identify opportunities in portfolio management markets?,implementation,Expert,"[""Overview of portfolio management"", ""Step-by-step implementation"", ""Best practices and tips"", ""Common challenges and solutions"", ""Tools and resources needed"", ""Conclusion and next steps""]","[""investment"", ""finance"", ""implementation"", ""portfolio"", ""management"", ""economics""]",6,Portfolio Managers & Financial Experts,"[""market analysis"", ""investment planning"", ""financial modeling""]",66,9,2025-10-25 21:09:19,en,How do you identify opportunities in {keyword} markets?,0.72,1.0,0.39
8600166,portfolio management,economics,How do you protect your portfolio management investments?,troubleshooting,Advanced,"[""Overview of portfolio management"", ""Step-by-step implementation"", ""Best practices and tips"", ""Common challenges and solutions"", ""Tools and resources needed"", ""Conclusion and next steps""]","[""investment"", ""portfolio"", ""troubleshooting"", ""management"", ""market"", ""economics""]",6,Professional Investors & Advisors,"[""financial modeling"", ""market analysis"", ""investment planning""]",57,8,2025-10-25 21:09:19,en,How do you protect your {keyword} investments?,0.6,0.8928822066557346,0.87
8600167,content marketing,marketing,How do you reach new customers through content marketing?,planning,Advanced,"[""Overview of content marketing"", ""Step-by-step implementation"", ""Best practices and tips"", ""Common challenges and solutions"", ""Tools and resources needed"", ""Conclusion and next steps""]","[""planning"", ""content"", ""marketing"", ""advertising"", ""branding""]",6,Marketing Managers & Strategists,"[""social media"", ""brand management"", ""digital marketing""]",57,9,2025-10-25 21:09:19,en,How do you reach new customers through {keyword}?,0.9,0.8087440699838258,0.79
8600168,cloud computing,it,How do you measure the success of cloud computing projects?,strategy,Advanced,"[""Overview of cloud computing"", ""Step-by-step implementation"", ""Best practices and tips"", ""Common challenges and solutions"", ""Tools and resources needed"", ""Conclusion and next steps""]","[""computing"", ""cloud"", ""it"", ""programming"", ""strategy"", ""technology""]",6,Senior Developers & Tech Leads,"[""data science"", ""cybersecurity"", ""web development"", ""machine learning""]",59,10,2025-10-25 21:09:19,en,How do you measure the success of {keyword} projects?,0.89,0.9202958444639403,0.36
8600169,brand management,marketing,How do you automate brand management processes?,planning,Beginner,"[""Overview of brand management"", ""Step-by-step implementation"", ""Best practices and tips"", ""Common challenges and solutions"", ""Tools and resources needed"", ""Conclusion and next steps""]","[""planning"", ""digital"", ""marketing"", ""management"", ""advertising"", ""brand""]",6,Marketing Students & Interns,"[""content marketing"", ""social media"", ""digital marketing""]",47,7,2025-10-25 21:09:19,en,How do you automate {keyword} processes?,0.94,0.3697202541486263,0.83
8600170,brand management,marketing,How do you personalize brand management for different segments?,implementation,Expert,"[""Overview of brand management"", ""Step-by-step implementation"", ""Best practices and tips"", ""Common challenges and solutions"", ""Tools and resources needed"", ""Conclusion and next steps""]","[""implementation"", ""marketing"", ""management"", ""digital"", ""branding"", ""brand""]",6,Marketing Directors & CMOs,"[""social media"", ""content marketing"", ""digital marketing""]",63,9,2025-10-25 21:09:19,en,How do you personalize {keyword} for different segments?,0.63,1.0,0.55
8600171,social media,marketing,How is AI changing social media approaches?,how_to,Beginner,"[""Introduction to social media"", ""Key points and analysis"", ""Practical examples"", ""Expert insights"", ""Action items"", ""Conclusion""]","[""how_to"", ""media"", ""promotion"", ""marketing"", ""social"", ""advertising""]",4,Marketing Students & Interns,"[""content marketing"", ""digital marketing"", ""brand management""]",43,7,2025-10-25 21:09:19,en,How is AI changing {keyword} approaches?,0.81,0.4606675966010887,0.9
8600172,data science,it,How can data science improve system performance and scalability?,evaluation,Beginner,"[""Introduction to data science"", ""Key points and analysis"", ""Practical examples"", ""Expert insights"", ""Action items"", ""Conclusion""]","[""development"", ""it"", ""programming"", ""science"", ""evaluation"", ""data""]",4,Students & Entry-level Developers,"[""cybersecurity"", ""cloud computing"", ""web development"", ""machine learning""]",64,9,2025-10-25 21:09:19,en,How can {keyword} improve system performance and scalability?,0.79,0.31172988029157256,0.72
8600173,web development,it,Which frameworks support web development implementation?,optimization,Advanced,"[""Introduction to web development"", ""Key points and analysis"", ""Practical examples"", ""Expert insights"", ""Action items"", ""Conclusion""]","[""development"", ""it"", ""programming"", ""optimization"", ""web""]",4,Senior Developers & Tech Leads,"[""cloud computing"", ""cybersecurity"", ""data science"", ""machine learning""]",56,6,2025-10-25 21:09:19,en,Which frameworks support {keyword} implementation?,0.93,0.9005922387954436,0.35
8600174,digital marketing,marketing,How do you attribute success to digital marketing efforts?,evaluation,Beginner,"[""Overview of digital marketing"", ""Step-by-step implementation"", ""Best practices and tips"", ""Common challenges and solutions"", ""Tools and resources needed"", ""Conclusion and next steps""]","[""evaluation"", ""marketing"", ""advertising"", ""digital""]",6,Marketing Students & Interns,"[""content marketing"", ""social media"", ""brand management""]",58,9,2025-10-25 21:09:19,en,How do you attribute success to {keyword} efforts?,0.69,0.39081876291633627,0.37
8600175,portfolio management,economics,How do you hedge against portfolio management market downturns?,analysis,Expert,"[""Overview of portfolio management"", ""Step-by-step implementation"", ""Best practices and tips"", ""Common challenges and solutions"", ""Tools and resources needed"", ""Conclusion and next steps""]","[""finance"", ""analysis"", ""portfolio"", ""management"", ""market"", ""economics""]",6,Portfolio Managers & Financial Experts,"[""financial modeling"", ""investment planning"", ""market analysis""]",63,9,2025-10-25 21:09:19,en,How do you hedge against {keyword} market downturns?,0.62,1.0,0.74
8600176,content marketing,marketing,How do you attribute success to content marketing efforts?,how_to,Beginner,"[""Overview of content marketing"", ""Step-by-step implementation"", ""Best practices and tips"", ""Common challenges and solutions"", ""Tools and resources needed"", ""Conclusion and next steps""]","[""how_to"", ""content"", ""marketing"", ""digital"", ""advertising""]",6,Marketing Students & Interns,"[""social media"", ""digital marketing"", ""brand management""]",58,9,2025-10-25 21:09:19,en,How do you attribute success to {keyword} efforts?,0.62,0.4050236219035234,0.72
8600177,machine learning,it,How do you choose the right technology stack for machine learning?,optimization,Advanced,"[""Overview of machine learning"", ""Step-by-step implementation"", ""Best practices and tips"", ""Common challenges and solutions"", ""Tools and resources needed"", ""Conclusion and next steps""]","[""software"", ""it"", ""learning"", ""optimization"", ""machine"", ""technology""]",6,Senior Developers & Tech Leads,"[""cloud computing"", ""data science"", ""web development"", ""cybersecurity""]",66,11,2025-10-25 21:09:19,en,How do you choose the right technology stack for {keyword}?,0.73,0.8056831599655896,0.42
8600178,portfolio management,economics,How do you analyze market trends in portfolio management?,comparison,Intermediate,"[""Overview of portfolio management"", ""Step-by-step implementation"", ""Best practices and tips"", ""Common challenges and solutions"", ""Tools and resources needed"", ""Conclusion and next steps""]","[""finance"", ""portfolio"", ""comparison"", ""management"", ""market"", ""economics""]",6,Individual Investors & Analysts,"[""investment planning"", ""financial modeling"", ""market analysis""]",57,9,2025-10-25 21:09:19,en,How do you analyze market trends in {keyword}?,0.77,0.7097894577848191,0.61
8600179,portfolio management,economics,What insurance options are available for portfolio management?,comparison,Expert,"[""Introduction to portfolio management"", ""Key points and analysis"", ""Practical examples"", ""Expert insights"", ""Action items"", ""Conclusion""]","[""portfolio"", ""comparison"", ""management"", ""market"", ""business"", ""economics""]",4,Portfolio Managers & Financial Experts,"[""market analysis"", ""investment planning"", ""financial modeling""]",62,8,2025-10-25 21:09:19,en,What insurance options are available for {keyword}?,0.87,1.0,0.52
8600180,machine learning,it,What ROI can be expected from machine learning implementation?,planning,Beginner,"[""Introduction to machine learning"", ""Key points and analysis"", ""Practical examples"", ""Expert insights"", ""Action items"", ""Conclusion""]","[""planning"", ""it"", ""programming"", ""learning"", ""machine"", ""technology""]",4,Students & Entry-level Developers,"[""web development"", ""data science"", ""cybersecurity"", ""cloud computing""]",62,9,2025-10-25 21:09:19,en,What ROI can be expected from {keyword} implementation?,0.65,0.41188345032747853,0.54
8600181,investment planning,economics,What are the seasonal patterns in investment planning?,optimization,Intermediate,"[""Introduction to investment planning"", ""Key concepts and definitions"", ""Main categories or types"", ""Examples and case studies"", ""Benefits and advantages"", ""Summary and recommendations""]","[""investment"", ""planning"", ""business"", ""optimization"", ""economics""]",6,Individual Investors & Analysts,"[""market analysis"", ""financial modeling"", ""portfolio management""]",54,8,2025-10-25 21:09:19,en,What are the seasonal patterns in {keyword}?,0.89,0.6383400878165905,0.52
8600182,cybersecurity,it,How do you design a scalable cybersecurity solution?,optimization,Expert,"[""Overview of cybersecurity"", ""Step-by-step implementation"", ""Best practices and tips"", ""Common challenges and solutions"", ""Tools and resources needed"", ""Conclusion and next steps""]","[""it"", ""programming"", ""optimization"", ""cybersecurity"", ""technology""]",5,Architects & Technical Directors,"[""cloud computing"", ""web development"", ""machine learning"", ""data science""]",52,8,2025-10-25 21:09:19,en,How do you design a scalable {keyword} solution?,0.72,1.0,0.67
8600183,market analysis,economics,How do you create a long-term plan for market analysis?,evaluation,Expert,"[""Overview of market analysis"", ""Step-by-step implementation"", ""Best practices and tips"", ""Common challenges and solutions"", ""Tools and resources needed"", ""Conclusion and next steps""]","[""analysis"", ""evaluation"", ""market"", ""business"", ""economics""]",6,Portfolio Managers & Financial Experts,"[""portfolio management"", ""investment planning"", ""financial modeling""]",55,10,2025-10-25 21:09:19,en,How do you create a long-term plan for {keyword}?,0.63,1.0,0.41
8600184,content marketing,marketing,What channels are most effective for content marketing?,comparison,Advanced,"[""Introduction to content marketing"", ""Key points and analysis"", ""Practical examples"", ""Expert insights"", ""Action items"", ""Conclusion""]","[""content"", ""comparison"", ""digital"", ""marketing"", ""branding""]",4,Marketing Managers & Strategists,"[""social media"", ""digital marketing"", ""brand management""]",55,8,2025-10-25 21:09:19,en,What channels are most effective for {keyword}?,0.61,0.9333768707676544,0.37
8600185,portfolio management,economics,What tools help analyze portfolio management data?,how_to,Intermediate,"[""Introduction to portfolio management"", ""Key points and analysis"", ""Practical examples"", ""Expert insights"", ""Action items"", ""Conclusion""]","[""investment"", ""how_to"", ""portfolio"", ""management"", ""business"", ""economics""]",4,Individual Investors & Analysts,"[""market analysis"", ""investment planning"", ""financial modeling""]",50,7,2025-10-25 21:09:19,en,What tools help analyze {keyword} data?,0.74,0.6551746429989599,0.73
8600186,machine learning,it,How do you convince stakeholders to invest in machine learning?,implementation,Intermediate,"[""Overview of machine learning"", ""Step-by-step implementation"", ""Best practices and tips"", ""Common challenges and solutions"", ""Tools and resources needed"", ""Conclusion and next steps""]","[""software"", ""it"", ""implementation"", ""programming"", ""learning"", ""machine""]",6,Junior to Mid-level Developers,"[""data science"", ""cybersecurity"", ""web development"", ""cloud computing""]",63,10,2025-10-25 21:09:19,en,How do you convince stakeholders to invest in {keyword}?,0.61,0.7946157764263524,0.63
8600187,financial modeling,economics,How do you assess and manage financial modeling risks?,implementation,Intermediate,"[""Overview of financial modeling"", ""Step-by-step implementation"", ""Best practices and tips"", ""Common challenges and solutions"", ""Tools and resources needed"", ""Conclusion and next steps""]","[""investment"", ""finance"", ""implementation"", ""modeling"", ""financial"", ""economics""]",6,Individual Investors & Analysts,"[""portfolio management"", ""investment planning"", ""market analysis""]",54,9,2025-10-25 21:09:19,en,How do you assess and manage {keyword} risks?,0.75,0.6237828685531096,0.85
8600188,portfolio management,economics,What are the risks associated with portfolio management?,evaluation,Intermediate,"[""Introduction to portfolio management"", ""Key concepts and definitions"", ""Main categories or types"", ""Examples and case studies"", ""Benefits and advantages"", ""Summary and recommendations""]","[""investment"", ""portfolio"", ""management"", ""evaluation"", ""business"", ""economics""]",6,Individual Investors & Analysts,"[""investment planning"", ""financial modeling"", ""market analysis""]",56,8,2025-10-25 21:09:19,en,What are the risks associated with {keyword}?,0.6,0.6308240353162688,0.76
8600189,digital marketing,marketing,What timing strategies work for digital marketing?,best_practice,Expert,"[""Introduction to digital marketing"", ""Key points and analysis"", ""Practical examples"", ""Expert insights"", ""Action items"", ""Conclusion""]","[""marketing"", ""advertising"", ""best_practice"", ""digital""]",4,Marketing Directors & CMOs,"[""content marketing"", ""social media"", ""brand management""]",50,7,2025-10-25 21:09:19,en,What timing strategies work for {keyword}?,0.73,1.0,0.6
8600190,market analysis,economics,How do you benchmark market analysis against alternatives?,evaluation,Advanced,"[""Overview of market analysis"", ""Step-by-step implementation"", ""Best practices and tips"", ""Common challenges and solutions"", ""Tools and resources needed"", ""Conclusion and next steps""]","[""finance"", ""analysis"", ""evaluation"", ""market"", ""economics""]",6,Professional Investors & Advisors,"[""financial modeling"", ""portfolio management"", ""investment planning""]",58,8,2025-10-25 21:09:19,en,How do you benchmark {keyword} against alternatives?,0.72,0.8689743114252142,0.44
8600191,content marketing,marketing,How do you reach new customers through content marketing?,planning,Advanced,"[""Overview of content marketing"", ""Step-by-step implementation"", ""Best practices and tips"", ""Common challenges and solutions"", ""Tools and resources needed"", ""Conclusion and next steps""]","[""planning"", ""content"", ""marketing"", ""digital"", ""advertising""]",6,Marketing Managers & Strategists,"[""social media"", ""digital marketing"", ""brand management""]",57,9,2025-10-25 21:09:19,en,How do you reach new customers through {keyword}?,0.9,0.9250045263652134,0.33
8600192,content marketing,marketing,What channels are most effective for content marketing?,implementation,Beginner,"[""Introduction to content marketing"", ""Key points and analysis"", ""Practical examples"", ""Expert insights"", ""Action items"", ""Conclusion""]","[""content"", ""implementation"", ""marketing"", ""digital"", ""branding""]",4,Marketing Students & Interns,"[""social media"", ""brand management"", ""digital marketing""]",55,8,2025-10-25 21:09:19,en,What channels are most effective for {keyword}?,0.88,0.31201769823036135,0.84
8600193,cybersecurity,it,What are the cost considerations for cybersecurity?,optimization,Expert,"[""Introduction to cybersecurity"", ""Key concepts and definitions"", ""Main categories or types"", ""Examples and case studies"", ""Benefits and advantages"", ""Summary and recommendations""]","[""software"", ""it"", ""programming"", ""optimization"", ""cybersecurity""]",5,Architects & Technical Directors,"[""data science"", ""machine learning"", ""cloud computing"", ""web development""]",51,7,2025-10-25 21:09:19,en,What are the cost considerations for {keyword}?,0.79,1.0,0.66
8600194,investment planning,economics,How do you identify opportunities in investment planning markets?,analysis,Expert,"[""Overview of investment planning"", ""Step-by-step implementation"", ""Best practices and tips"", ""Common challenges and solutions"", ""Tools and resources needed"", ""Conclusion and next steps""]","[""investment"", ""planning"", ""finance"", ""analysis"", ""economics""]",6,Portfolio Managers & Financial Experts,"[""financial modeling"", ""portfolio management"", ""market analysis""]",65,9,2025-10-25 21:09:19,en,How do you identify opportunities in {keyword} markets?,0.87,1.0,0.33
8600195,cybersecurity,it,How does cybersecurity impact business operations?,implementation,Advanced,"[""Introduction to cybersecurity"", ""Key points and analysis"", ""Practical examples"", ""Expert insights"", ""Action items"", ""Conclusion""]","[""software"", ""it"", ""implementation"", ""programming"", ""cybersecurity""]",4,Senior Developers & Tech Leads,"[""web development"", ""data science"", ""cloud computing"", ""machine learning""]",50,6,2025-10-25 21:09:19,en,How does {keyword} impact business operations?,0.9,0.8192323033726604,0.82
8600196,portfolio management,economics,How do you identify opportunities in portfolio management markets?,how_to,Advanced,"[""Overview of portfolio management"", ""Step-by-step implementation"", ""Best practices and tips"", ""Common challenges and solutions"", ""Tools and resources needed"", ""Conclusion and next steps""]","[""how_to"", ""portfolio"", ""management"", ""market"", ""business"", ""economics""]",6,Professional Investors & Advisors,"[""financial modeling"", ""market analysis"", ""investment planning""]",66,9,2025-10-25 21:09:19,en,How do you identify opportunities in {keyword} markets?,0.84,0.89654204294921,0.68
8600197,machine learning,it,How do you measure the success of machine learning projects?,analysis,Advanced,"[""Overview of machine learning"", ""Step-by-step implementation"", ""Best practices and tips"", ""Common challenges and solutions"", ""Tools and resources needed"", ""Conclusion and next steps""]","[""software"", ""analysis"", ""it"", ""programming"", ""learning"", ""machine""]",6,Senior Developers & Tech Leads,"[""cybersecurity"", ""web development"", ""cloud computing"", ""data science""]",60,10,2025-10-25 21:09:19,en,How do you measure the success of {keyword} projects?,0.85,0.8997600721748965,0.72
8600198,cloud computing,it,How do you measure the success of cloud computing projects?,troubleshooting,Expert,"[""Overview of cloud computing"", ""Step-by-step implementation"", ""Best practices and tips"", ""Common challenges and solutions"", ""Tools and resources needed"", ""Conclusion and next steps""]","[""computing"", ""software"", ""it"", ""troubleshooting"", ""cloud"", ""technology""]",6,Architects & Technical Directors,"[""cybersecurity"", ""web development"", ""machine learning"", ""data science""]",59,10,2025-10-25 21:09:19,en,How do you measure the success of {keyword} projects?,0.92,1.0,0.67
8600199,digital marketing,marketing,How do you measure the ROI of digital marketing campaigns?,planning,Beginner,"[""Overview of digital marketing"", ""Step-by-step implementation"", ""Best practices and tips"", ""Common challenges and solutions"", ""Tools and resources needed"", ""Conclusion and next steps""]","[""marketing"", ""advertising"", ""planning"", ""digital""]",6,Marketing Students & Interns,"[""brand management"", ""social media"", ""content marketing""]",58,10,2025-10-25 21:09:19,en,How do you measure the ROI of {keyword} campaigns?,0.78,0.38154141087091836,0.51
8600200,financial modeling,economics,What is the optimal allocation for financial modeling in a portfolio?,optimization,Expert,"[""Introduction to financial modeling"", ""Key points and analysis"", ""Practical examples"", ""Expert insights"", ""Action items"", ""Conclusion""]","[""investment"", ""modeling"", ""financial"", ""business"", ""optimization"", ""economics""]",4,Portfolio Managers & Financial Experts,"[""investment planning"", ""market analysis"", ""portfolio management""]",69,11,2025-10-25 21:09:19,en,What is the optimal allocation for {keyword} in a portfolio?,0.8,1.0,0.56
8600201,content marketing,marketing,How do you track and analyze content marketing performance?,strategy,Intermediate,"[""Overview of content marketing"", ""Step-by-step implementation"", ""Best practices and tips"", ""Common challenges and solutions"", ""Tools and resources needed"", ""Conclusion and next steps""]","[""content"", ""promotion"", ""digital"", ""marketing"", ""strategy""]",6,Marketing Coordinators & Specialists,"[""social media"", ""brand management"", ""digital marketing""]",59,9,2025-10-25 21:09:19,en,How do you track and analyze {keyword} performance?,0.72,0.6468332307253845,0.74
8600202,content marketing,marketing,How do you automate content marketing processes?,how_to,Advanced,"[""Overview of content marketing"", ""Step-by-step implementation"", ""Best practices and tips"", ""Common challenges and solutions"", ""Tools and resources needed"", ""Conclusion and next steps""]","[""how_to"", ""content"", ""promotion"", ""marketing"", ""branding""]",6,Marketing Managers & Strategists,"[""digital marketing"", ""social media"", ""brand management""]",48,7,2025-10-25 21:09:19,en,How do you automate {keyword} processes?,0.67,0.8459397404583154,0.87
8600203,cloud computing,it,What career opportunities exist in cloud computing?,how_to,Advanced,"[""Introduction to cloud computing"", ""Key points and analysis"", ""Practical examples"", ""Expert insights"", ""Action items"", ""Conclusion""]","[""computing"", ""how_to"", ""software"", ""development"", ""it"", ""cloud""]",4,Senior Developers & Tech Leads,"[""data science"", ""machine learning"", ""cybersecurity"", ""web development""]",51,7,2025-10-25 21:09:19,en,What career opportunities exist in {keyword}?,0.87,0.8929799992911305,0.78
8600204,machine learning,it,What are the cost considerations for machine learning?,optimization,Intermediate,"[""Introduction to machine learning"", ""Key concepts and definitions"", ""Main categories or types"", ""Examples and case studies"", ""Benefits and advantages"", ""Summary and recommendations""]","[""software"", ""development"", ""it"", ""learning"", ""optimization"", ""machine""]",6,Junior to Mid-level Developers,"[""data science"", ""web development"", ""cybersecurity"", ""cloud computing""]",54,8,2025-10-25 21:09:19,en,What are the cost considerations for {keyword}?,0.74,0.7924669547581096,0.64
8600205,investment planning,economics,How do you create a long-term plan for investment planning?,how_to,Advanced,"[""Overview of investment planning"", ""Step-by-step implementation"", ""Best practices and tips"", ""Common challenges and solutions"", ""Tools and resources needed"", ""Conclusion and next steps""]","[""investment"", ""how_to"", ""planning"", ""market"", ""business"", ""economics""]",6,Professional Investors & Advisors,"[""market analysis"", ""portfolio management"", ""financial modeling""]",59,10,2025-10-25 21:09:19,en,How do you create a long-term plan for {keyword}?,0.61,0.8927110011779059,0.84
8600206,content marketing,marketing,What timing strategies work for content marketing?,comparison,Beginner,"[""Introduction to content marketing"", ""Key points and analysis"", ""Practical examples"", ""Expert insights"", ""Action items"", ""Conclusion""]","[""content"", ""promotion"", ""comparison"", ""marketing"", ""advertising""]",4,Marketing Students & Interns,"[""digital marketing"", ""social media"", ""brand management""]",50,7,2025-10-25 21:09:19,en,What timing strategies work for {keyword}?,0.69,0.32863791321011276,0.57
8600207,market analysis,economics,What factors should be considered when evaluating market analysis?,evaluation,Beginner,"[""Introduction to market analysis"", ""Key points and analysis"", ""Practical examples"", ""Expert insights"", ""Action items"", ""Conclusion""]","[""investment"", ""analysis"", ""evaluation"", ""market"", ""business"", ""economics""]",4,Students & New Investors,"[""portfolio management"", ""financial modeling"", ""investment planning""]",66,9,2025-10-25 21:09:19,en,What factors should be considered when evaluating {keyword}?,0.72,0.30049342904539367,0.74
8600208,investment planning,economics,What insurance options are available for investment planning?,comparison,Beginner,"[""Introduction to investment planning"", ""Key points and analysis"", ""Practical examples"", ""Expert insights"", ""Action items"", ""Conclusion""]","[""investment"", ""planning"", ""finance"", ""comparison"", ""business"", ""economics""]",4,Students & New Investors,"[""financial modeling"", ""market analysis"", ""portfolio management""]",61,8,2025-10-25 21:09:19,en,What insurance options are available for {keyword}?,0.93,0.347990102552046,0.77
8600209,data science,it,How do you design a scalable data science solution?,how_to,Beginner,"[""Overview of data science"", ""Step-by-step implementation"", ""Best practices and tips"", ""Common challenges and solutions"", ""Tools and resources needed"", ""Conclusion and next steps""]","[""how_to"", ""technology"", ""software"", ""it"", ""science"", ""data""]",6,Students & Entry-level Developers,"[""cloud computing"", ""cybersecurity"", ""web development"", ""machine learning""]",51,9,2025-10-25 21:09:19,en,How do you design a scalable {keyword} solution?,0.86,0.4281402021117031,0.72
8600210,social media,marketing,How do you measure the ROI of social media campaigns?,troubleshooting,Advanced,"[""Overview of social media"", ""Step-by-step implementation"", ""Best practices and tips"", ""Common challenges and solutions"", ""Tools and resources needed"", ""Conclusion and next steps""]","[""media"", ""promotion"", ""troubleshooting"", ""marketing"", ""social"", ""branding""]",6,Marketing Managers & Strategists,"[""digital marketing"", ""content marketing"", ""brand management""]",53,10,2025-10-25 21:09:19,en,How do you measure the ROI of {keyword} campaigns?,0.7,0.9768452069618323,0.88
8600211,brand management,marketing,How do you measure the ROI of brand management campaigns?,comparison,Expert,"[""Overview of brand management"", ""Step-by-step implementation"", ""Best practices and tips"", ""Common challenges and solutions"", ""Tools and resources needed"", ""Conclusion and next steps""]","[""comparison"", ""marketing"", ""management"", ""advertising"", ""digital"", ""brand""]",6,Marketing Directors & CMOs,"[""digital marketing"", ""social media"", ""content marketing""]",57,10,2025-10-25 21:09:19,en,How do you measure the ROI of {keyword} campaigns?,0.62,1.0,0.39
8600212,market analysis,economics,What are the seasonal patterns in market analysis?,troubleshooting,Expert,"[""Introduction to market analysis"", ""Key concepts and definitions"", ""Main categories or types"", ""Examples and case studies"", ""Benefits and advantages"", ""Summary and recommendations""]","[""investment"", ""finance"", ""analysis"", ""troubleshooting"", ""market"", ""economics""]",6,Portfolio Managers & Financial Experts,"[""financial modeling"", ""portfolio management"", ""investment planning""]",50,8,2025-10-25 21:09:19,en,What are the seasonal patterns in {keyword}?,0.67,1.0,0.38
8600213,content marketing,marketing,How do you innovate within content marketing?,planning,Expert,"[""Overview of content marketing"", ""Step-by-step implementation"", ""Best practices and tips"", ""Common challenges and solutions"", ""Tools and resources needed"", ""Conclusion and next steps""]","[""planning"", ""content"", ""promotion"", ""marketing"", ""advertising""]",6,Marketing Directors & CMOs,"[""brand management"", ""digital marketing"", ""social media""]",45,7,2025-10-25 21:09:19,en,How do you innovate within {keyword}?,0.86,1.0,0.42
8600214,web development,it,What are the best practices for web development development?,implementation,Beginner,"[""Introduction to web development"", ""Key concepts and definitions"", ""Main categories or types"", ""Examples and case studies"", ""Benefits and advantages"", ""Summary and recommendations""]","[""development"", ""web"", ""implementation"", ""it"", ""programming"", ""technology""]",6,Students & Entry-level Developers,"[""cloud computing"", ""machine learning"", ""data science"", ""cybersecurity""]",60,9,2025-10-25 21:09:19,en,What are the best practices for {keyword} development?,0.69,0.4629113595506591,0.62
8600215,social media,marketing,How do you improve social media conversion rates?,evaluation,Intermediate,"[""Overview of social media"", ""Step-by-step implementation"", ""Best practices and tips"", ""Common challenges and solutions"", ""Tools and resources needed"", ""Conclusion and next steps""]","[""media"", ""marketing"", ""digital"", ""social"", ""advertising"", ""evaluation""]",6,Marketing Coordinators & Specialists,"[""content marketing"", ""digital marketing"", ""brand management""]",49,8,2025-10-25 21:09:19,en,How do you improve {keyword} conversion rates?,0.9,0.6792148458931007,0.89
8600216,data science,it,How do you optimize data science for different platforms?,implementation,Advanced,"[""Overview of data science"", ""Step-by-step implementation"", ""Best practices and tips"", ""Common challenges and solutions"", ""Tools and resources needed"", ""Conclusion and next steps""]","[""technology"", ""development"", ""it"", ""implementation"", ""science"", ""data""]",6,Senior Developers & Tech Leads,"[""machine learning"", ""cloud computing"", ""web development"", ""cybersecurity""]",57,9,2025-10-25 21:09:19,en,How do you optimize {keyword} for different platforms?,0.7,0.8531833097916446,0.8
8600217,content marketing,marketing,What demographics respond best to content marketing?,analysis,Expert,"[""Introduction to content marketing"", ""Key points and analysis"", ""Practical examples"", ""Expert insights"", ""Action items"", ""Conclusion""]","[""content"", ""analysis"", ""promotion"", ""marketing"", ""digital""]",4,Marketing Directors & CMOs,"[""digital marketing"", ""brand management"", ""social media""]",52,7,2025-10-25 21:09:19,en,What demographics respond best to {keyword}?,0.64,1.0,0.89
8600218,digital marketing,marketing,What does the future hold for digital marketing?,strategy,Beginner,"[""Introduction to digital marketing"", ""Key points and analysis"", ""Practical examples"", ""Expert insights"", ""Action items"", ""Conclusion""]","[""promotion"", ""marketing"", ""digital"", ""branding"", ""strategy""]",4,Marketing Students & Interns,"[""brand management"", ""content marketing"", ""social media""]",48,8,2025-10-25 21:09:19,en,What does the future hold for {keyword}?,0.9,0.430806821188669,0.49
8600219,data science,it,How do you convince stakeholders to invest in data science?,implementation,Intermediate,"[""Overview of data science"", ""Step-by-step implementation"", ""Best practices and tips"", ""Common challenges and solutions"", ""Tools and resources needed"", ""Conclusion and next steps""]","[""software"", ""it"", ""implementation"", ""programming"", ""science"", ""data""]",6,Junior to Mid-level Developers,"[""cloud computing"", ""cybersecurity"", ""web development"", ""machine learning""]",59,10,2025-10-25 21:09:19,en,How do you convince stakeholders to invest in {keyword}?,0.73,0.7107080566713241,0.63
8600220,portfolio management,economics,What factors should be considered when evaluating portfolio management?,planning,Beginner,"[""Introduction to portfolio management"", ""Key points and analysis"", ""Practical examples"", ""Expert insights"", ""Action items"", ""Conclusion""]","[""investment"", ""planning"", ""portfolio"", ""management"", ""market"", ""economics""]",4,Students & New Investors,"[""financial modeling"", ""investment planning"", ""market analysis""]",71,9,2025-10-25 21:09:19,en,What factors should be considered when evaluating {keyword}?,0.8,0.3810714177224639,0.75
8600221,web development,it,What are the cost considerations for web development?,analysis,Intermediate,"[""Introduction to web development"", ""Key concepts and definitions"", ""Main categories or types"", ""Examples and case studies"", ""Benefits and advantages"", ""Summary and recommendations""]","[""software"", ""development"", ""web"", ""analysis"", ""it"", ""technology""]",6,Junior to Mid-level Developers,"[""machine learning"", ""cloud computing"", ""data science"", ""cybersecurity""]",53,8,2025-10-25 21:09:19,en,What are the cost considerations for {keyword}?,0.77,0.6751778105997537,0.85
8600222,cybersecurity,it,How can cybersecurity improve system performance and scalability?,implementation,Expert,"[""Introduction to cybersecurity"", ""Key points and analysis"", ""Practical examples"", ""Expert insights"", ""Action items"", ""Conclusion""]","[""software"", ""it"", ""implementation"", ""programming"", ""cybersecurity""]",4,Architects & Technical Directors,"[""data science"", ""web development"", ""machine learning"", ""cloud computing""]",65,8,2025-10-25 21:09:19,en,How can {keyword} improve system performance and scalability?,0.94,1.0,0.48
8600223,social media,marketing,What content types work best for social media?,planning,Beginner,"[""Introduction to social media"", ""Key points and analysis"", ""Practical examples"", ""Expert insights"", ""Action items"", ""Conclusion""]","[""planning"", ""media"", ""promotion"", ""marketing"", ""social"", ""branding""]",4,Marketing Students & Interns,"[""digital marketing"", ""brand management"", ""content marketing""]",46,8,2025-10-25 21:09:19,en,What content types work best for {keyword}?,0.93,0.47560058906681735,0.35
8600224,portfolio management,economics,How do you protect your portfolio management investments?,analysis,Beginner,"[""Overview of portfolio management"", ""Step-by-step implementation"", ""Best practices and tips"", ""Common challenges and solutions"", ""Tools and resources needed"", ""Conclusion and next steps""]","[""analysis"", ""finance"", ""portfolio"", ""management"", ""business"", ""economics""]",6,Students & New Investors,"[""investment planning"", ""financial modeling"", ""market analysis""]",57,8,2025-10-25 21:09:19,en,How do you protect your {keyword} investments?,0.91,0.3039519360654244,0.66
8600225,machine learning,it,What are the key components of a machine learning implementation?,strategy,Advanced,"[""Introduction to machine learning"", ""Key concepts and definitions"", ""Main categories or types"", ""Examples and case studies"", ""Benefits and advantages"", ""Summary and recommendations""]","[""it"", ""programming"", ""learning"", ""strategy"", ""machine"", ""technology""]",6,Senior Developers & Tech Leads,"[""cloud computing"", ""data science"", ""web development"", ""cybersecurity""]",65,10,2025-10-25 21:09:19,en,What are the key components of a {keyword} implementation?,0.89,0.9997790812549809,0.65
8600226,market analysis,economics,How do you measure market analysis performance?,comparison,Intermediate,"[""Overview of market analysis"", ""Step-by-step implementation"", ""Best practices and tips"", ""Common challenges and solutions"", ""Tools and resources needed"", ""Conclusion and next steps""]","[""investment"", ""analysis"", ""finance"", ""comparison"", ""market"", ""economics""]",6,Individual Investors & Analysts,"[""portfolio management"", ""investment planning"", ""financial modeling""]",47,7,2025-10-25 21:09:19,en,How do you measure {keyword} performance?,0.65,0.6698358995619929,0.57
8600227,portfolio management,economics,How do economic conditions affect portfolio management performance?,troubleshooting,Advanced,"[""Introduction to portfolio management"", ""Key points and analysis"", ""Practical examples"", ""Expert insights"", ""Action items"", ""Conclusion""]","[""investment"", ""portfolio"", ""troubleshooting"", ""management"", ""business"", ""economics""]",4,Professional Investors & Advisors,"[""financial modeling"", ""market analysis"", ""investment planning""]",67,8,2025-10-25 21:09:19,en,How do economic conditions affect {keyword} performance?,0.62,0.8813982858847165,0.5
8600228,social media,marketing,How do you personalize social media for different segments?,implementation,Advanced,"[""Overview of social media"", ""Step-by-step implementation"", ""Best practices and tips"", ""Common challenges and solutions"", ""Tools and resources needed"", ""Conclusion and next steps""]","[""media"", ""implementation"", ""marketing"", ""digital"", ""social"", ""branding""]",6,Marketing Managers & Strategists,"[""brand management"", ""content marketing"", ""digital marketing""]",59,9,2025-10-25 21:09:19,en,How do you personalize {keyword} for different segments?,0.94,0.9872702551922214,0.83
8600229,investment planning,economics,How do you protect your investment planning investments?,evaluation,Expert,"[""Overview of investment planning"", ""Step-by-step implementation"", ""Best practices and tips"", ""Common challenges and solutions"", ""Tools and resources needed"", ""Conclusion and next steps""]","[""investment"", ""planning"", ""evaluation"", ""business"", ""economics""]",6,Portfolio Managers & Financial Experts,"[""portfolio management"", ""financial modeling"", ""market analysis""]",56,8,2025-10-25 21:09:19,en,How do you protect your {keyword} investments?,0.93,1.0,0.63
8600230,digital marketing,marketing,What timing strategies work for digital marketing?,comparison,Expert,"[""Introduction to digital marketing"", ""Key points and analysis"", ""Practical examples"", ""Expert insights"", ""Action items"", ""Conclusion""]","[""promotion"", ""comparison"", ""marketing"", ""digital"", ""branding""]",4,Marketing Directors & CMOs,"[""brand management"", ""content marketing"", ""social media""]",50,7,2025-10-25 21:09:19,en,What timing strategies work for {keyword}?,0.77,1.0,0.51
8600231,digital marketing,marketing,What timing strategies work for digital marketing?,evaluation,Expert,"[""Introduction to digital marketing"", ""Key points and analysis"", ""Practical examples"", ""Expert insights"", ""Action items"", ""Conclusion""]","[""evaluation"", ""marketing"", ""branding"", ""digital""]",4,Marketing Directors & CMOs,"[""social media"", ""content marketing"", ""brand management""]",50,7,2025-10-25 21:09:19,en,What timing strategies work for {keyword}?,0.75,1.0,0.78
8600232,brand management,marketing,How do you measure the ROI of brand management campaigns?,optimization,Expert,"[""Overview of brand management"", ""Step-by-step implementation"", ""Best practices and tips"", ""Common challenges and solutions"", ""Tools and resources needed"", ""Conclusion and next steps""]","[""promotion"", ""marketing"", ""management"", ""digital"", ""optimization"", ""brand""]",6,Marketing Directors & CMOs,"[""content marketing"", ""digital marketing"", ""social media""]",57,10,2025-10-25 21:09:19,en,How do you measure the ROI of {keyword} campaigns?,0.92,1.0,0.32
8600233,cloud computing,it,What are the best practices for cloud computing development?,best_practice,Advanced,"[""Introduction to cloud computing"", ""Key concepts and definitions"", ""Main categories or types"", ""Examples and case studies"", ""Benefits and advantages"", ""Summary and recommendations""]","[""computing"", ""software"", ""it"", ""best_practice"", ""cloud"", ""technology""]",6,Senior Developers & Tech Leads,"[""cybersecurity"", ""web development"", ""machine learning"", ""data science""]",60,9,2025-10-25 21:09:19,en,What are the best practices for {keyword} development?,0.88,0.8913895139435665,0.53
8600234,data science,it,How do you design a scalable data science solution?,evaluation,Advanced,"[""Overview of data science"", ""Step-by-step implementation"", ""Best practices and tips"", ""Common challenges and solutions"", ""Tools and resources needed"", ""Conclusion and next steps""]","[""technology"", ""it"", ""programming"", ""science"", ""evaluation"", ""data""]",6,Senior Developers & Tech Leads,"[""web development"", ""cybersecurity"", ""cloud computing"", ""machine learning""]",51,9,2025-10-25 21:09:19,en,How do you design a scalable {keyword} solution?,0.7,0.9701951944324892,0.88
8600235,financial modeling,economics,What tools help analyze financial modeling data?,troubleshooting,Advanced,"[""Introduction to financial modeling"", ""Key points and analysis"", ""Practical examples"", ""Expert insights"", ""Action items"", ""Conclusion""]","[""investment"", ""troubleshooting"", ""modeling"", ""financial"", ""market"", ""economics""]",4,Professional Investors & Advisors,"[""investment planning"", ""portfolio management"", ""market analysis""]",48,7,2025-10-25 21:09:19,en,What tools help analyze {keyword} data?,0.91,0.9591095738491263,0.75
8600236,financial modeling,economics,What are the risks associated with financial modeling?,best_practice,Expert,"[""Introduction to financial modeling"", ""Key concepts and definitions"", ""Main categories or types"", ""Examples and case studies"", ""Benefits and advantages"", ""Summary and recommendations""]","[""investment"", ""finance"", ""best_practice"", ""modeling"", ""financial"", ""economics""]",6,Portfolio Managers & Financial Experts,"[""market analysis"", ""investment planning"", ""portfolio management""]",54,8,2025-10-25 21:09:19,en,What are the risks associated with {keyword}?,0.72,1.0,0.86
8600237,market analysis,economics,What strategies work best for market analysis investment?,troubleshooting,Advanced,"[""Introduction to market analysis"", ""Key points and analysis"", ""Practical examples"", ""Expert insights"", ""Action items"", ""Conclusion""]","[""investment"", ""analysis"", ""troubleshooting"", ""market"", ""business"", ""economics""]",4,Professional Investors & Advisors,"[""investment planning"", ""financial modeling"", ""portfolio management""]",57,8,2025-10-25 21:09:19,en,What strategies work best for {keyword} investment?,0.69,0.9816931241501385,0.76
8600238,social media,marketing,How do you automate social media processes?,comparison,Beginner,"[""Overview of social media"", ""Step-by-step implementation"", ""Best practices and tips"", ""Common challenges and solutions"", ""Tools and resources needed"", ""Conclusion and next steps""]","[""media"", ""comparison"", ""marketing"", ""social"", ""advertising"", ""branding""]",6,Marketing Students & Interns,"[""brand management"", ""content marketing"", ""digital marketing""]",43,7,2025-10-25 21:09:19,en,How do you automate {keyword} processes?,0.91,0.45114586211806645,0.42
8600239,cloud computing,it,Which frameworks support cloud computing implementation?,troubleshooting,Beginner,"[""Introduction to cloud computing"", ""Key points and analysis"", ""Practical examples"", ""Expert insights"", ""Action items"", ""Conclusion""]","[""computing"", ""development"", ""it"", ""programming"", ""troubleshooting"", ""cloud""]",4,Students & Entry-level Developers,"[""cybersecurity"", ""data science"", ""machine learning"", ""web development""]",56,6,2025-10-25 21:09:19,en,Which frameworks support {keyword} implementation?,0.68,0.3788872122278553,0.72
8600240,machine learning,it,How do you integrate machine learning with existing systems?,evaluation,Expert,"[""Overview of machine learning"", ""Step-by-step implementation"", ""Best practices and tips"", ""Common challenges and solutions"", ""Tools and resources needed"", ""Conclusion and next steps""]","[""development"", ""it"", ""programming"", ""learning"", ""evaluation"", ""machine""]",6,Architects & Technical Directors,"[""web development"", ""cloud computing"", ""data science"", ""cybersecurity""]",60,9,2025-10-25 21:09:19,en,How do you integrate {keyword} with existing systems?,0.93,1.0,0.72
8600241,web development,it,What are the key components of a web development implementation?,strategy,Expert,"[""Introduction to web development"", ""Key concepts and definitions"", ""Main categories or types"", ""Examples and case studies"", ""Benefits and advantages"", ""Summary and recommendations""]","[""development"", ""web"", ""it"", ""strategy"", ""technology""]",6,Architects & Technical Directors,"[""machine learning"", ""cloud computing"", ""data science"", ""cybersecurity""]",64,10,2025-10-25 21:09:19,en,What are the key components of a {keyword} implementation?,0.61,1.0,0.7
8600242,machine learning,it,How do you stay updated with machine learning developments?,analysis,Intermediate,"[""Overview of machine learning"", ""Step-by-step implementation"", ""Best practices and tips"", ""Common challenges and solutions"", ""Tools and resources needed"", ""Conclusion and next steps""]","[""analysis"", ""it"", ""development"", ""programming"", ""learning"", ""machine""]",6,Junior to Mid-level Developers,"[""cybersecurity"", ""cloud computing"", ""web development"", ""data science""]",59,9,2025-10-25 21:09:19,en,How do you stay updated with {keyword} developments?,0.86,0.6763858588612103,0.31
8600243,investment planning,economics,What are the seasonal patterns in investment planning?,optimization,Expert,"[""Introduction to investment planning"", ""Key concepts and definitions"", ""Main categories or types"", ""Examples and case studies"", ""Benefits and advantages"", ""Summary and recommendations""]","[""investment"", ""planning"", ""business"", ""optimization"", ""economics""]",6,Portfolio Managers & Financial Experts,"[""financial modeling"", ""market analysis"", ""portfolio management""]",54,8,2025-10-25 21:09:19,en,What are the seasonal patterns in {keyword}?,0.74,1.0,0.72
8600244,cloud computing,it,What are the key components of a cloud computing implementation?,implementation,Advanced,"[""Introduction to cloud computing"", ""Key concepts and definitions"", ""Main categories or types"", ""Examples and case studies"", ""Benefits and advantages"", ""Summary and recommendations""]","[""computing"", ""development"", ""it"", ""implementation"", ""cloud"", ""technology""]",6,Senior Developers & Tech Leads,"[""machine learning"", ""cybersecurity"", ""web development"", ""data science""]",64,10,2025-10-25 21:09:19,en,What are the key components of a {keyword} implementation?,0.87,0.8233534188110926,0.83
8600245,cybersecurity,it,What skills are needed to master cybersecurity?,evaluation,Advanced,"[""Introduction to cybersecurity"", ""Key points and analysis"", ""Practical examples"", ""Expert insights"", ""Action items"", ""Conclusion""]","[""it"", ""programming"", ""evaluation"", ""cybersecurity"", ""technology""]",4,Senior Developers & Tech Leads,"[""cloud computing"", ""machine learning"", ""web development"", ""data science""]",47,7,2025-10-25 21:09:19,en,What skills are needed to master {keyword}?,0.72,0.9604823052000184,0.42
8600246,digital marketing,marketing,What content types work best for digital marketing?,analysis,Intermediate,"[""Introduction to digital marketing"", ""Key points and analysis"", ""Practical examples"", ""Expert insights"", ""Action items"", ""Conclusion""]","[""analysis"", ""promotion"", ""marketing"", ""digital"", ""advertising""]",4,Marketing Coordinators & Specialists,"[""brand management"", ""social media"", ""content marketing""]",51,8,2025-10-25 21:09:19,en,What content types work best for {keyword}?,0.69,0.7638350588806229,0.48
8600247,cybersecurity,it,Which frameworks support cybersecurity implementation?,optimization,Beginner,"[""Introduction to cybersecurity"", ""Key points and analysis"", ""Practical examples"", ""Expert insights"", ""Action items"", ""Conclusion""]","[""software"", ""development"", ""it"", ""optimization"", ""cybersecurity""]",4,Students & Entry-level Developers,"[""data science"", ""machine learning"", ""cloud computing"", ""web development""]",54,5,2025-10-25 21:09:19,en,Which frameworks support {keyword} implementation?,0.83,0.48504488891883557,0.41
8600248,machine learning,it,How does machine learning impact business operations?,optimization,Beginner,"[""Introduction to machine learning"", ""Key points and analysis"", ""Practical examples"", ""Expert insights"", ""Action items"", ""Conclusion""]","[""development"", ""it"", ""programming"", ""learning"", ""optimization"", ""machine""]",4,Students & Entry-level Developers,"[""cloud computing"", ""data science"", ""cybersecurity"", ""web development""]",53,7,2025-10-25 21:09:19,en,How does {keyword} impact business operations?,0.72,0.3803303237167722,0.55
8600249,cloud computing,it,How does cloud computing impact business operations?,implementation,Intermediate,"[""Introduction to cloud computing"", ""Key points and analysis"", ""Practical examples"", ""Expert insights"", ""Action items"", ""Conclusion""]","[""computing"", ""development"", ""it"", ""implementation"", ""programming"", ""cloud""]",4,Junior to Mid-level Developers,"[""machine learning"", ""web development"", ""cybersecurity"", ""data science""]",52,7,2025-10-25 21:09:19,en,How does {keyword} impact business operations?,0.88,0.7585497253235232,0.54
8600250,cloud computing,it,How do you convince stakeholders to invest in cloud computing?,implementation,Advanced,"[""Overview of cloud computing"", ""Step-by-step implementation"", ""Best practices and tips"", ""Common challenges and solutions"", ""Tools and resources needed"", ""Conclusion and next steps""]","[""computing"", ""software"", ""it"", ""implementation"", ""cloud"", ""technology""]",6,Senior Developers & Tech Leads,"[""web development"", ""data science"", ""machine learning"", ""cybersecurity""]",62,10,2025-10-25 21:09:19,en,How do you convince stakeholders to invest in {keyword}?,0.93,0.9793730118604775,0.74
8600251,investment planning,economics,How do you protect your investment planning investments?,analysis,Beginner,"[""Overview of investment planning"", ""Step-by-step implementation"", ""Best practices and tips"", ""Common challenges and solutions"", ""Tools and resources needed"", ""Conclusion and next steps""]","[""investment"", ""planning"", ""analysis"", ""finance"", ""business"", ""economics""]",6,Students & New Investors,"[""portfolio management"", ""market analysis"", ""financial modeling""]",56,8,2025-10-25 21:09:19,en,How do you protect your {keyword} investments?,0.77,0.3920845599125492,0.64
8600252,brand management,marketing,How do you create a brand management roadmap?,troubleshooting,Advanced,"[""Overview of brand management"", ""Step-by-step implementation"", ""Best practices and tips"", ""Common challenges and solutions"", ""Tools and resources needed"", ""Conclusion and next steps""]","[""troubleshooting"", ""marketing"", ""management"", ""advertising"", ""branding"", ""brand""]",6,Marketing Managers & Strategists,"[""content marketing"", ""social media"", ""digital marketing""]",45,8,2025-10-25 21:09:19,en,How do you create a {keyword} roadmap?,0.7,0.9619100567143712,0.53
8600253,data science,it,What certifications are valuable for data science professionals?,optimization,Intermediate,"[""Introduction to data science"", ""Key points and analysis"", ""Practical examples"", ""Expert insights"", ""Action items"", ""Conclusion""]","[""development"", ""it"", ""programming"", ""science"", ""optimization"", ""data""]",4,Junior to Mid-level Developers,"[""cybersecurity"", ""web development"", ""cloud computing"", ""machine learning""]",64,8,2025-10-25 21:09:19,en,What certifications are valuable for {keyword} professionals?,0.79,0.7547780236320784,0.54
8600254,content marketing,marketing,What budget should be allocated to content marketing?,best_practice,Expert,"[""Introduction to content marketing"", ""Key points and analysis"", ""Practical examples"", ""Expert insights"", ""Action items"", ""Conclusion""]","[""content"", ""promotion"", ""best_practice"", ""marketing"", ""digital""]",4,Marketing Directors & CMOs,"[""brand management"", ""digital marketing"", ""social media""]",53,8,2025-10-25 21:09:19,en,What budget should be allocated to {keyword}?,0.63,1.0,0.81
8600255,brand management,marketing,What emerging platforms support brand management?,planning,Beginner,"[""Introduction to brand management"", ""Key points and analysis"", ""Practical examples"", ""Expert insights"", ""Action items"", ""Conclusion""]","[""planning"", ""marketing"", ""management"", ""digital"", ""branding"", ""brand""]",4,Marketing Students & Interns,"[""content marketing"", ""digital marketing"", ""social media""]",49,6,2025-10-25 21:09:19,en,What emerging platforms support {keyword}?,0.65,0.34061207484904976,0.43
8600256,portfolio management,economics,How do you measure portfolio management performance?,planning,Advanced,"[""Overview of portfolio management"", ""Step-by-step implementation"", ""Best practices and tips"", ""Common challenges and solutions"", ""Tools and resources needed"", ""Conclusion and next steps""]","[""investment"", ""planning"", ""portfolio"", ""management"", ""market"", ""economics""]",6,Professional Investors & Advisors,"[""market analysis"", ""financial modeling"", ""investment planning""]",52,7,2025-10-25 21:09:19,en,How do you measure {keyword} performance?,0.72,0.9299308780775968,0.86
8600257,digital marketing,marketing,What emerging platforms support digital marketing?,strategy,Intermediate,"[""Introduction to digital marketing"", ""Key points and analysis"", ""Practical examples"", ""Expert insights"", ""Action items"", ""Conclusion""]","[""promotion"", ""marketing"", ""digital"", ""branding"", ""strategy""]",4,Marketing Coordinators & Specialists,"[""social media"", ""brand management"", ""content marketing""]",50,6,2025-10-25 21:09:19,en,What emerging platforms support {keyword}?,0.61,0.6929852201457868,0.4
8600258,machine learning,it,How do you get started with machine learning as a beginner?,comparison,Expert,"[""Overview of machine learning"", ""Step-by-step implementation"", ""Best practices and tips"", ""Common challenges and solutions"", ""Tools and resources needed"", ""Conclusion and next steps""]","[""it"", ""comparison"", ""programming"", ""learning"", ""machine"", ""technology""]",6,Architects & Technical Directors,"[""cybersecurity"", ""cloud computing"", ""data science"", ""web development""]",59,11,2025-10-25 21:09:19,en,How do you get started with {keyword} as a beginner?,0.92,1.0,0.63
8600259,financial modeling,economics,What insurance options are available for financial modeling?,evaluation,Beginner,"[""Introduction to financial modeling"", ""Key points and analysis"", ""Practical examples"", ""Expert insights"", ""Action items"", ""Conclusion""]","[""investment"", ""modeling"", ""financial"", ""evaluation"", ""business"", ""economics""]",4,Students & New Investors,"[""investment planning"", ""market analysis"", ""portfolio management""]",60,8,2025-10-25 21:09:19,en,What insurance options are available for {keyword}?,0.66,0.49296287498495345,0.83
8600260,data science,it,What security considerations should be taken when using data science?,optimization,Intermediate,"[""Introduction to data science"", ""Key points and analysis"", ""Practical examples"", ""Expert insights"", ""Action items"", ""Conclusion""]","[""technology"", ""development"", ""it"", ""science"", ""optimization"", ""data""]",4,Junior to Mid-level Developers,"[""cybersecurity"", ""cloud computing"", ""web development"", ""machine learning""]",69,10,2025-10-25 21:09:19,en,What security considerations should be taken when using {keyword}?,0.67,0.7118076698932906,0.5
8600261,content marketing,marketing,How do you attribute success to content marketing efforts?,analysis,Intermediate,"[""Overview of content marketing"", ""Step-by-step implementation"", ""Best practices and tips"", ""Common challenges and solutions"", ""Tools and resources needed"", ""Conclusion and next steps""]","[""content"", ""analysis"", ""marketing"", ""digital"", ""branding""]",6,Marketing Coordinators & Specialists,"[""social media"", ""digital marketing"", ""brand management""]",58,9,2025-10-25 21:09:19,en,How do you attribute success to {keyword} efforts?,0.68,0.6895223991381914,0.64
8600262,digital marketing,marketing,What tools are essential for digital marketing analytics?,evaluation,Expert,"[""Introduction to digital marketing"", ""Key points and analysis"", ""Practical examples"", ""Expert insights"", ""Action items"", ""Conclusion""]","[""promotion"", ""marketing"", ""digital"", ""advertising"", ""evaluation""]",4,Marketing Directors & CMOs,"[""content marketing"", ""social media"", ""brand management""]",57,8,2025-10-25 21:09:19,en,What tools are essential for {keyword} analytics?,0.82,1.0,0.48
8600263,data science,it,How do you troubleshoot common issues with data science?,planning,Expert,"[""Overview of data science"", ""Step-by-step implementation"", ""Best practices and tips"", ""Common challenges and solutions"", ""Tools and resources needed"", ""Conclusion and next steps""]","[""technology"", ""planning"", ""it"", ""programming"", ""science"", ""data""]",6,Architects & Technical Directors,"[""machine learning"", ""web development"", ""cloud computing"", ""cybersecurity""]",56,9,2025-10-25 21:09:19,en,How do you troubleshoot common issues with {keyword}?,0.86,1.0,0.83
8600264,portfolio management,economics,What are the risks associated with portfolio management?,comparison,Expert,"[""Introduction to portfolio management"", ""Key concepts and definitions"", ""Main categories or types"", ""Examples and case studies"", ""Benefits and advantages"", ""Summary and recommendations""]","[""investment"", ""portfolio"", ""comparison"", ""management"", ""business"", ""economics""]",6,Portfolio Managers & Financial Experts,"[""financial modeling"", ""investment planning"", ""market analysis""]",56,8,2025-10-25 21:09:19,en,What are the risks associated with {keyword}?,0.83,1.0,0.58
8600265,data science,it,What are the latest trends in data science technology?,optimization,Advanced,"[""Introduction to data science"", ""Key concepts and definitions"", ""Main categories or types"", ""Examples and case studies"", ""Benefits and advantages"", ""Summary and recommendations""]","[""software"", ""development"", ""it"", ""science"", ""optimization"", ""data""]",6,Senior Developers & Tech Leads,"[""cybersecurity"", ""web development"", ""cloud computing"", ""machine learning""]",54,9,2025-10-25 21:09:19,en,What are the latest trends in {keyword} technology?,0.82,0.8881255988744581,0.42
8600266,cloud computing,it,How do you get started with cloud computing as a beginner?,evaluation,Beginner,"[""Overview of cloud computing"", ""Step-by-step implementation"", ""Best practices and tips"", ""Common challenges and solutions"", ""Tools and resources needed"", ""Conclusion and next steps""]","[""computing"", ""it"", ""programming"", ""evaluation"", ""cloud"", ""technology""]",6,Students & Entry-level Developers,"[""cybersecurity"", ""data science"", ""web development"", ""machine learning""]",58,11,2025-10-25 21:09:19,en,How do you get started with {keyword} as a beginner?,0.85,0.4643089208681313,0.32
8600267,web development,it,How can web development improve system performance and scalability?,strategy,Expert,"[""Introduction to web development"", ""Key points and analysis"", ""Practical examples"", ""Expert insights"", ""Action items"", ""Conclusion""]","[""development"", ""it"", ""programming"", ""strategy"", ""web""]",4,Architects & Technical Directors,"[""data science"", ""machine learning"", ""cybersecurity"", ""cloud computing""]",67,9,2025-10-25 21:09:19,en,How can {keyword} improve system performance and scalability?,0.89,1.0,0.6
8600268,social media,marketing,What does the future hold for social media?,best_practice,Intermediate,"[""Introduction to social media"", ""Key points and analysis"", ""Practical examples"", ""Expert insights"", ""Action items"", ""Conclusion""]","[""media"", ""promotion"", ""best_practice"", ""marketing"", ""digital"", ""social""]",4,Marketing Coordinators & Specialists,"[""digital marketing"", ""brand management"", ""content marketing""]",43,8,2025-10-25 21:09:19,en,What does the future hold for {keyword}?,0.61,0.7339773913147567,0.78
8600269,cloud computing,it,How do you troubleshoot common issues with cloud computing?,comparison,Expert,"[""Overview of cloud computing"", ""Step-by-step implementation"", ""Best practices and tips"", ""Common challenges and solutions"", ""Tools and resources needed"", ""Conclusion and next steps""]","[""computing"", ""software"", ""it"", ""comparison"", ""programming"", ""cloud""]",6,Architects & Technical Directors,"[""data science"", ""web development"", ""machine learning"", ""cybersecurity""]",59,9,2025-10-25 21:09:19,en,How do you troubleshoot common issues with {keyword}?,0.93,1.0,0.88
8600270,cloud computing,it,What security considerations should be taken when using cloud computing?,comparison,Beginner,"[""Introduction to cloud computing"", ""Key points and analysis"", ""Practical examples"", ""Expert insights"", ""Action items"", ""Conclusion""]","[""computing"", ""software"", ""it"", ""comparison"", ""programming"", ""cloud""]",4,Students & Entry-level Developers,"[""cybersecurity"", ""web development"", ""data science"", ""machine learning""]",72,10,2025-10-25 21:09:19,en,What security considerations should be taken when using {keyword}?,0.88,0.39446176723517357,0.78
8600271,brand management,marketing,How do you create a brand management roadmap?,implementation,Advanced,"[""Overview of brand management"", ""Step-by-step implementation"", ""Best practices and tips"", ""Common challenges and solutions"", ""Tools and resources needed"", ""Conclusion and next steps""]","[""implementation"", ""marketing"", ""digital"", ""management"", ""branding"", ""brand""]",6,Marketing Managers & Strategists,"[""social media"", ""digital marketing"", ""content marketing""]",45,8,2025-10-25 21:09:19,en,How do you create a {keyword} roadmap?,0.84,0.9019723276225158,0.32
8600272,cloud computing,it,How does cloud computing impact business operations?,strategy,Advanced,"[""Introduction to cloud computing"", ""Key points and analysis"", ""Practical examples"", ""Expert insights"", ""Action items"", ""Conclusion""]","[""computing"", ""cloud"", ""it"", ""programming"", ""strategy"", ""technology""]",4,Senior Developers & Tech Leads,"[""machine learning"", ""cybersecurity"", ""web development"", ""data science""]",52,7,2025-10-25 21:09:19,en,How does {keyword} impact business operations?,0.64,0.8728506566784675,0.8
8600273,machine learning,it,How do you implement machine learning in a production environment?,strategy,Beginner,"[""Overview of machine learning"", ""Step-by-step implementation"", ""Best practices and tips"", ""Common challenges and solutions"", ""Tools and resources needed"", ""Conclusion and next steps""]","[""software"", ""it"", ""learning"", ""strategy"", ""machine"", ""technology""]",6,Students & Entry-level Developers,"[""cybersecurity"", ""cloud computing"", ""data science"", ""web development""]",66,10,2025-10-25 21:09:19,en,How do you implement {keyword} in a production environment?,0.78,0.4421716314511591,0.76
8600274,investment planning,economics,How do you protect your investment planning investments?,troubleshooting,Intermediate,"[""Overview of investment planning"", ""Step-by-step implementation"", ""Best practices and tips"", ""Common challenges and solutions"", ""Tools and resources needed"", ""Conclusion and next steps""]","[""investment"", ""planning"", ""finance"", ""troubleshooting"", ""economics""]",6,Individual Investors & Analysts,"[""market analysis"", ""financial modeling"", ""portfolio management""]",56,8,2025-10-25 21:09:19,en,How do you protect your {keyword} investments?,0.9,0.6395288886709235,0.87
8600275,portfolio management,economics,What factors should be considered when evaluating portfolio management?,troubleshooting,Intermediate,"[""Introduction to portfolio management"", ""Key points and analysis"", ""Practical examples"", ""Expert insights"", ""Action items"", ""Conclusion""]","[""investment"", ""portfolio"", ""troubleshooting"", ""management"", ""market"", ""economics""]",4,Individual Investors & Analysts,"[""investment planning"", ""financial modeling"", ""market analysis""]",71,9,2025-10-25 21:09:19,en,What factors should be considered when evaluating {keyword}?,0.91,0.7959945692831608,0.47
8600276,cloud computing,it,How do you optimize cloud computing for different platforms?,troubleshooting,Advanced,"[""Overview of cloud computing"", ""Step-by-step implementation"", ""Best practices and tips"", ""Common challenges and solutions"", ""Tools and resources needed"", ""Conclusion and next steps""]","[""computing"", ""software"", ""it"", ""troubleshooting"", ""cloud"", ""technology""]",6,Senior Developers & Tech Leads,"[""machine learning"", ""data science"", ""cybersecurity"", ""web development""]",60,9,2025-10-25 21:09:19,en,How do you optimize {keyword} for different platforms?,0.64,0.8158294242143358,0.86
8600277,market analysis,economics,What are the regulatory considerations for market analysis?,implementation,Advanced,"[""Introduction to market analysis"", ""Key concepts and definitions"", ""Main categories or types"", ""Examples and case studies"", ""Benefits and advantages"", ""Summary and recommendations""]","[""investment"", ""analysis"", ""finance"", ""implementation"", ""market"", ""economics""]",6,Professional Investors & Advisors,"[""portfolio management"", ""investment planning"", ""financial modeling""]",59,8,2025-10-25 21:09:19,en,What are the regulatory considerations for {keyword}?,0.63,0.94534696957762,0.64
8600278,web development,it,What are the key components of a web development implementation?,comparison,Intermediate,"[""Introduction to web development"", ""Key concepts and definitions"", ""Main categories or types"", ""Examples and case studies"", ""Benefits and advantages"", ""Summary and recommendations""]","[""development"", ""it"", ""comparison"", ""programming"", ""web""]",6,Junior to Mid-level Developers,"[""machine learning"", ""data science"", ""cybersecurity"", ""cloud computing""]",64,10,2025-10-25 21:09:19,en,What are the key components of a {keyword} implementation?,0.74,0.6565552708388585,0.61
8600279,content marketing,marketing,How do you identify the right audience for content marketing?,evaluation,Beginner,"[""Overview of content marketing"", ""Step-by-step implementation"", ""Best practices and tips"", ""Common challenges and solutions"", ""Tools and resources needed"", ""Conclusion and next steps""]","[""content"", ""promotion"", ""marketing"", ""advertising"", ""evaluation""]",6,Marketing Students & Interns,"[""brand management"", ""social media"", ""digital marketing""]",61,10,2025-10-25 21:09:19,en,How do you identify the right audience for {keyword}?,0.79,0.35923630906736964,0.77
8600280,market analysis,economics,What strategies work best for market analysis investment?,comparison,Expert,"[""Introduction to market analysis"", ""Key points and analysis"", ""Practical examples"", ""Expert insights"", ""Action items"", ""Conclusion""]","[""investment"", ""analysis"", ""comparison"", ""market"", ""economics""]",4,Portfolio Managers & Financial Experts,"[""financial modeling"", ""portfolio management"", ""investment planning""]",57,8,2025-10-25 21:09:19,en,What strategies work best for {keyword} investment?,0.85,1.0,0.48
8600281,content marketing,marketing,What does the future hold for content marketing?,strategy,Advanced,"[""Introduction to content marketing"", ""Key points and analysis"", ""Practical examples"", ""Expert insights"", ""Action items"", ""Conclusion""]","[""content"", ""marketing"", ""advertising"", ""branding"", ""strategy""]",4,Marketing Managers & Strategists,"[""brand management"", ""social media"", ""digital marketing""]",48,8,2025-10-25 21:09:19,en,What does the future hold for {keyword}?,0.64,0.9341430020601174,0.74
8600282,machine learning,it,How do you implement machine learning in a production environment?,analysis,Beginner,"[""Overview of machine learning"", ""Step-by-step implementation"", ""Best practices and tips"", ""Common challenges and solutions"", ""Tools and resources needed"", ""Conclusion and next steps""]","[""software"", ""development"", ""analysis"", ""it"", ""learning"", ""machine""]",6,Students & Entry-level Developers,"[""cybersecurity"", ""data science"", ""cloud computing"", ""web development""]",66,10,2025-10-25 21:09:19,en,How do you implement {keyword} in a production environment?,0.91,0.4200699678189124,0.32
8600283,machine learning,it,What is the recommended architecture for machine learning systems?,strategy,Advanced,"[""Introduction to machine learning"", ""Key points and analysis"", ""Practical examples"", ""Expert insights"", ""Action items"", ""Conclusion""]","[""software"", ""it"", ""programming"", ""learning"", ""strategy"", ""machine""]",4,Senior Developers & Tech Leads,"[""cybersecurity"", ""cloud computing"", ""data science"", ""web development""]",66,9,2025-10-25 21:09:19,en,What is the recommended architecture for {keyword} systems?,0.9,0.8322937298669348,0.45
8600284,digital marketing,marketing,How is AI changing digital marketing approaches?,optimization,Intermediate,"[""Introduction to digital marketing"", ""Key points and analysis"", ""Practical examples"", ""Expert insights"", ""Action items"", ""Conclusion""]","[""marketing"", ""optimization"", ""advertising"", ""digital""]",4,Marketing Coordinators & Specialists,"[""social media"", ""content marketing"", ""brand management""]",48,7,2025-10-25 21:09:19,en,How is AI changing {keyword} approaches?,0.73,0.690247518874498,0.5
8600285,financial modeling,economics,How do you diversify your portfolio using financial modeling?,comparison,Expert,"[""Overview of financial modeling"", ""Step-by-step implementation"", ""Best practices and tips"", ""Common challenges and solutions"", ""Tools and resources needed"", ""Conclusion and next steps""]","[""investment"", ""comparison"", ""modeling"", ""financial"", ""business"", ""economics""]",6,Portfolio Managers & Financial Experts,"[""investment planning"", ""market analysis"", ""portfolio management""]",61,9,2025-10-25 21:09:19,en,How do you diversify your portfolio using {keyword}?,0.73,1.0,0.63
8600286,digital marketing,marketing,What messaging works best in digital marketing campaigns?,how_to,Intermediate,"[""Introduction to digital marketing"", ""Key points and analysis"", ""Practical examples"", ""Expert insights"", ""Action items"", ""Conclusion""]","[""branding"", ""marketing"", ""how_to"", ""digital""]",4,Marketing Coordinators & Specialists,"[""social media"", ""content marketing"", ""brand management""]",57,8,2025-10-25 21:09:19,en,What messaging works best in {keyword} campaigns?,0.65,0.7141572605415344,0.68
8600287,web development,it,What career opportunities exist in web development?,best_practice,Intermediate,"[""Introduction to web development"", ""Key points and analysis"", ""Practical examples"", ""Expert insights"", ""Action items"", ""Conclusion""]","[""technology"", ""development"", ""it"", ""best_practice"", ""programming"", ""web""]",4,Junior to Mid-level Developers,"[""data science"", ""cybersecurity"", ""cloud computing"", ""machine learning""]",51,7,2025-10-25 21:09:19,en,What career opportunities exist in {keyword}?,0.88,0.6562214727998683,0.7
8600288,machine learning,it,What career opportunities exist in machine learning?,evaluation,Advanced,"[""Introduction to machine learning"", ""Key points and analysis"", ""Practical examples"", ""Expert insights"", ""Action items"", ""Conclusion""]","[""development"", ""it"", ""learning"", ""evaluation"", ""machine"", ""technology""]",4,Senior Developers & Tech Leads,"[""cybersecurity"", ""web development"", ""data science"", ""cloud computing""]",52,7,2025-10-25 21:09:19,en,What career opportunities exist in {keyword}?,0.91,0.9290954675298577,0.61
8600289,investment planning,economics,How does global economics impact investment planning?,optimization,Advanced,"[""Introduction to investment planning"", ""Key points and analysis"", ""Practical examples"", ""Expert insights"", ""Action items"", ""Conclusion""]","[""investment"", ""planning"", ""market"", ""optimization"", ""economics""]",4,Professional Investors & Advisors,"[""market analysis"", ""portfolio management"", ""financial modeling""]",53,7,2025-10-25 21:09:19,en,How does global economics impact {keyword}?,0.7,0.8137285511007486,0.33
8600290,data science,it,How do you choose the right technology stack for data science?,troubleshooting,Advanced,"[""Overview of data science"", ""Step-by-step implementation"", ""Best practices and tips"", ""Common challenges and solutions"", ""Tools and resources needed"", ""Conclusion and next steps""]","[""development"", ""it"", ""programming"", ""troubleshooting"", ""science"", ""data""]",6,Senior Developers & Tech Leads,"[""cybersecurity"", ""machine learning"", ""web development"", ""cloud computing""]",62,11,2025-10-25 21:09:19,en,How do you choose the right technology stack for {keyword}?,0.75,0.922965101401678,0.76
8600291,social media,marketing,How do you identify the right audience for social media?,troubleshooting,Advanced,"[""Overview of social media"", ""Step-by-step implementation"", ""Best practices and tips"", ""Common challenges and solutions"", ""Tools and resources needed"", ""Conclusion and next steps""]","[""media"", ""troubleshooting"", ""digital"", ""marketing"", ""social"", ""branding""]",6,Marketing Managers & Strategists,"[""digital marketing"", ""brand management"", ""content marketing""]",56,10,2025-10-25 21:09:19,en,How do you identify the right audience for {keyword}?,0.63,0.9719300087320685,0.49
8600292,machine learning,it,What are the cost considerations for machine learning?,planning,Expert,"[""Introduction to machine learning"", ""Key concepts and definitions"", ""Main categories or types"", ""Examples and case studies"", ""Benefits and advantages"", ""Summary and recommendations""]","[""planning"", ""software"", ""it"", ""programming"", ""learning"", ""machine""]",6,Architects & Technical Directors,"[""data science"", ""cloud computing"", ""web development"", ""cybersecurity""]",54,8,2025-10-25 21:09:19,en,What are the cost considerations for {keyword}?,0.67,1.0,0.32
8600293,web development,it,How do you measure the success of web development projects?,implementation,Beginner,"[""Overview of web development"", ""Step-by-step implementation"", ""Best practices and tips"", ""Common challenges and solutions"", ""Tools and resources needed"", ""Conclusion and next steps""]","[""development"", ""it"", ""implementation"", ""programming"", ""web""]",6,Students & Entry-level Developers,"[""data science"", ""machine learning"", ""cybersecurity"", ""cloud computing""]",59,10,2025-10-25 21:09:19,en,How do you measure the success of {keyword} projects?,0.85,0.46059432989852056,0.76
8600294,web development,it,What are the cost considerations for web development?,comparison,Beginner,"[""Introduction to web development"", ""Key concepts and definitions"", ""Main categories or types"", ""Examples and case studies"", ""Benefits and advantages"", ""Summary and recommendations""]","[""development"", ""web"", ""it"", ""comparison"", ""programming"", ""technology""]",6,Students & Entry-level Developers,"[""cybersecurity"", ""machine learning"", ""cloud computing"", ""data science""]",53,8,2025-10-25 21:09:19,en,What are the cost considerations for {keyword}?,0.93,0.4976668561509372,0.78
8600295,portfolio management,economics,What tools help analyze portfolio management data?,comparison,Intermediate,"[""Introduction to portfolio management"", ""Key points and analysis"", ""Practical examples"", ""Expert insights"", ""Action items"", ""Conclusion""]","[""investment"", ""finance"", ""portfolio"", ""comparison"", ""management"", ""economics""]",4,Individual Investors & Analysts,"[""financial modeling"", ""investment planning"", ""market analysis""]",50,7,2025-10-25 21:09:19,en,What tools help analyze {keyword} data?,0.8,0.618533767453533,0.77
8600296,content marketing,marketing,What channels are most effective for content marketing?,troubleshooting,Advanced,"[""Introduction to content marketing"", ""Key points and analysis"", ""Practical examples"", ""Expert insights"", ""Action items"", ""Conclusion""]","[""content"", ""troubleshooting"", ""marketing"", ""digital"", ""advertising""]",4,Marketing Managers & Strategists,"[""digital marketing"", ""brand management"", ""social media""]",55,8,2025-10-25 21:09:19,en,What channels are most effective for {keyword}?,0.61,0.9633664187325356,0.89
8600297,content marketing,marketing,How do you measure the ROI of content marketing campaigns?,strategy,Expert,"[""Overview of content marketing"", ""Step-by-step implementation"", ""Best practices and tips"", ""Common challenges and solutions"", ""Tools and resources needed"", ""Conclusion and next steps""]","[""content"", ""promotion"", ""marketing"", ""digital"", ""strategy""]",6,Marketing Directors & CMOs,"[""social media"", ""digital marketing"", ""brand management""]",58,10,2025-10-25 21:09:19,en,How do you measure the ROI of {keyword} campaigns?,0.93,1.0,0.4
8600298,investment planning,economics,How do you identify opportunities in investment planning markets?,best_practice,Intermediate,"[""Overview of investment planning"", ""Step-by-step implementation"", ""Best practices and tips"", ""Common challenges and solutions"", ""Tools and resources needed"", ""Conclusion and next steps""]","[""investment"", ""planning"", ""finance"", ""best_practice"", ""market"", ""economics""]",6,Individual Investors & Analysts,"[""portfolio management"", ""financial modeling"", ""market analysis""]",65,9,2025-10-25 21:09:19,en,How do you identify opportunities in {keyword} markets?,0.63,0.7144328364514944,0.39
8600299,brand management,marketing,How do you develop an effective brand management strategy?,implementation,Advanced,"[""Overview of brand management"", ""Step-by-step implementation"", ""Best practices and tips"", ""Common challenges and solutions"", ""Tools and resources needed"", ""Conclusion and next steps""]","[""implementation"", ""marketing"", ""digital"", ""management"", ""advertising"", ""brand""]",6,Marketing Managers & Strategists,"[""social media"", ""digital marketing"", ""content marketing""]",58,9,2025-10-25 21:09:19,en,How do you develop an effective {keyword} strategy?,0.77,0.9073899698149418,0.44
8600300,digital marketing,marketing,How do you develop an effective digital marketing strategy?,comparison,Expert,"[""Overview of digital marketing"", ""Step-by-step implementation"", ""Best practices and tips"", ""Common challenges and solutions"", ""Tools and resources needed"", ""Conclusion and next steps""]","[""comparison"", ""marketing"", ""digital"", ""advertising"", ""branding""]",6,Marketing Directors & CMOs,"[""social media"", ""content marketing"", ""brand management""]",59,9,2025-10-25 21:09:19,en,How do you develop an effective {keyword} strategy?,0.85,1.0,0.81
8600301,investment planning,economics,What metrics are most important for investment planning?,implementation,Expert,"[""Introduction to investment planning"", ""Key points and analysis"", ""Practical examples"", ""Expert insights"", ""Action items"", ""Conclusion""]","[""investment"", ""planning"", ""finance"", ""implementation"", ""economics""]",4,Portfolio Managers & Financial Experts,"[""portfolio management"", ""financial modeling"", ""market analysis""]",56,8,2025-10-25 21:09:19,en,What metrics are most important for {keyword}?,0.62,1.0,0.9
8600302,content marketing,marketing,How do you create a content marketing roadmap?,troubleshooting,Intermediate,"[""Overview of content marketing"", ""Step-by-step implementation"", ""Best practices and tips"", ""Common challenges and solutions"", ""Tools and resources needed"", ""Conclusion and next steps""]","[""content"", ""troubleshooting"", ""marketing"", ""advertising"", ""branding""]",6,Marketing Coordinators & Specialists,"[""brand management"", ""social media"", ""digital marketing""]",46,8,2025-10-25 21:09:19,en,How do you create a {keyword} roadmap?,0.82,0.7536340884548827,0.86
8600303,market analysis,economics,How do you analyze market trends in market analysis?,how_to,Intermediate,"[""Overview of market analysis"", ""Step-by-step implementation"", ""Best practices and tips"", ""Common challenges and solutions"", ""Tools and resources needed"", ""Conclusion and next steps""]","[""investment"", ""how_to"", ""analysis"", ""finance"", ""market"", ""economics""]",6,Individual Investors & Analysts,"[""portfolio management"", ""financial modeling"", ""investment planning""]",52,9,2025-10-25 21:09:19,en,How do you analyze market trends in {keyword}?,0.86,0.6003806398929191,0.52
8600304,investment planning,economics,How does global economics impact investment planning?,strategy,Advanced,"[""Introduction to investment planning"", ""Key points and analysis"", ""Practical examples"", ""Expert insights"", ""Action items"", ""Conclusion""]","[""investment"", ""planning"", ""business"", ""strategy"", ""economics""]",4,Professional Investors & Advisors,"[""financial modeling"", ""market analysis"", ""portfolio management""]",53,7,2025-10-25 21:09:19,en,How does global economics impact {keyword}?,0.71,0.9861807013112631,0.44
8600305,investment planning,economics,How do you protect your investment planning investments?,comparison,Intermediate,"[""Overview of investment planning"", ""Step-by-step implementation"", ""Best practices and tips"", ""Common challenges and solutions"", ""Tools and resources needed"", ""Conclusion and next steps""]","[""investment"", ""planning"", ""finance"", ""comparison"", ""market"", ""economics""]",6,Individual Investors & Analysts,"[""market analysis"", ""portfolio management"", ""financial modeling""]",56,8,2025-10-25 21:09:19,en,How do you protect your {keyword} investments?,0.77,0.711584573928294,0.59
8600306,web development,it,How do you integrate web development with existing systems?,optimization,Intermediate,"[""Overview of web development"", ""Step-by-step implementation"", ""Best practices and tips"", ""Common challenges and solutions"", ""Tools and resources needed"", ""Conclusion and next steps""]","[""development"", ""web"", ""it"", ""optimization"", ""technology""]",6,Junior to Mid-level Developers,"[""cloud computing"", ""cybersecurity"", ""data science"", ""machine learning""]",59,9,2025-10-25 21:09:19,en,How do you integrate {keyword} with existing systems?,0.75,0.7287857868703881,0.53
8600307,digital marketing,marketing,How do you develop an effective digital marketing strategy?,strategy,Expert,"[""Overview of digital marketing"", ""Step-by-step implementation"", ""Best practices and tips"", ""Common challenges and solutions"", ""Tools and resources needed"", ""Conclusion and next steps""]","[""marketing"", ""strategy"", ""advertising"", ""digital""]",6,Marketing Directors & CMOs,"[""content marketing"", ""brand management"", ""social media""]",59,9,2025-10-25 21:09:19,en,How do you develop an effective {keyword} strategy?,0.89,1.0,0.88
8600308,brand management,marketing,How do you innovate within brand management?,how_to,Beginner,"[""Overview of brand management"", ""Step-by-step implementation"", ""Best practices and tips"", ""Common challenges and solutions"", ""Tools and resources needed"", ""Conclusion and next steps""]","[""how_to"", ""marketing"", ""management"", ""advertising"", ""branding"", ""brand""]",6,Marketing Students & Interns,"[""content marketing"", ""social media"", ""digital marketing""]",44,7,2025-10-25 21:09:19,en,How do you innovate within {keyword}?,0.8,0.4590375444818015,0.85
8600309,brand management,marketing,What timing strategies work for brand management?,implementation,Advanced,"[""Introduction to brand management"", ""Key points and analysis"", ""Practical examples"", ""Expert insights"", ""Action items"", ""Conclusion""]","[""implementation"", ""marketing"", ""management"", ""advertising"", ""branding"", ""brand""]",4,Marketing Managers & Strategists,"[""digital marketing"", ""social media"", ""content marketing""]",49,7,2025-10-25 21:09:19,en,What timing strategies work for {keyword}?,0.82,0.9682574954225793,0.63
8600310,market analysis,economics,How do you diversify your portfolio using market analysis?,strategy,Intermediate,"[""Overview of market analysis"", ""Step-by-step implementation"", ""Best practices and tips"", ""Common challenges and solutions"", ""Tools and resources needed"", ""Conclusion and next steps""]","[""analysis"", ""business"", ""market"", ""strategy"", ""economics""]",6,Individual Investors & Analysts,"[""portfolio management"", ""financial modeling"", ""investment planning""]",58,9,2025-10-25 21:09:19,en,How do you diversify your portfolio using {keyword}?,0.82,0.6185461248289816,0.39
8600311,cloud computing,it,What security considerations should be taken when using cloud computing?,strategy,Expert,"[""Introduction to cloud computing"", ""Key points and analysis"", ""Practical examples"", ""Expert insights"", ""Action items"", ""Conclusion""]","[""computing"", ""software"", ""cloud"", ""it"", ""programming"", ""strategy""]",4,Architects & Technical Directors,"[""web development"", ""cybersecurity"", ""data science"", ""machine learning""]",72,10,2025-10-25 21:09:19,en,What security considerations should be taken when using {keyword}?,0.85,1.0,0.87
8600312,market analysis,economics,How do you create a long-term plan for market analysis?,how_to,Expert,"[""Overview of market analysis"", ""Step-by-step implementation"", ""Best practices and tips"", ""Common challenges and solutions"", ""Tools and resources needed"", ""Conclusion and next steps""]","[""investment"", ""how_to"", ""analysis"", ""market"", ""economics""]",6,Portfolio Managers & Financial Experts,"[""financial modeling"", ""investment planning"", ""portfolio management""]",55,10,2025-10-25 21:09:19,en,How do you create a long-term plan for {keyword}?,0.76,1.0,0.4
8600313,market analysis,economics,How do you assess and manage market analysis risks?,best_practice,Beginner,"[""Overview of market analysis"", ""Step-by-step implementation"", ""Best practices and tips"", ""Common challenges and solutions"", ""Tools and resources needed"", ""Conclusion and next steps""]","[""investment"", ""finance"", ""analysis"", ""best_practice"", ""market"", ""economics""]",6,Students & New Investors,"[""investment planning"", ""portfolio management"", ""financial modeling""]",51,9,2025-10-25 21:09:19,en,How do you assess and manage {keyword} risks?,0.87,0.4107976369835193,0.65
8600314,content marketing,marketing,How do you identify the right audience for content marketing?,evaluation,Expert,"[""Overview of content marketing"", ""Step-by-step implementation"", ""Best practices and tips"", ""Common challenges and solutions"", ""Tools and resources needed"", ""Conclusion and next steps""]","[""content"", ""promotion"", ""marketing"", ""branding"", ""evaluation""]",6,Marketing Directors & CMOs,"[""social media"", ""brand management"", ""digital marketing""]",61,10,2025-10-25 21:09:19,en,How do you identify the right audience for {keyword}?,0.9,1.0,0.49
8600315,content marketing,marketing,What budget should be allocated to content marketing?,how_to,Beginner,"[""Introduction to content marketing"", ""Key points and analysis"", ""Practical examples"", ""Expert insights"", ""Action items"", ""Conclusion""]","[""how_to"", ""content"", ""marketing"", ""advertising"", ""branding""]",4,Marketing Students & Interns,"[""social media"", ""brand management"", ""digital marketing""]",53,8,2025-10-25 21:09:19,en,What budget should be allocated to {keyword}?,0.61,0.42397983818368706,0.5
8600316,social media,marketing,What emerging platforms support social media?,planning,Intermediate,"[""Introduction to social media"", ""Key points and analysis"", ""Practical examples"", ""Expert insights"", ""Action items"", ""Conclusion""]","[""planning"", ""media"", ""marketing"", ""digital"", ""social"", ""branding""]",4,Marketing Coordinators & Specialists,"[""brand management"", ""digital marketing"", ""content marketing""]",45,6,2025-10-25 21:09:19,en,What emerging platforms support {keyword}?,0.65,0.63374943280033,0.52
8600317,machine learning,it,What security considerations should be taken when using machine learning?,strategy,Advanced,"[""Introduction to machine learning"", ""Key points and analysis"", ""Practical examples"", ""Expert insights"", ""Action items"", ""Conclusion""]","[""development"", ""it"", ""programming"", ""learning"", ""strategy"", ""machine""]",4,Senior Developers & Tech Leads,"[""cybersecurity"", ""web development"", ""cloud computing"", ""data science""]",73,10,2025-10-25 21:09:19,en,What security considerations should be taken when using {keyword}?,0.65,0.8325587727171113,0.77
8600318,financial modeling,economics,How do you benchmark financial modeling against alternatives?,planning,Intermediate,"[""Overview of financial modeling"", ""Step-by-step implementation"", ""Best practices and tips"", ""Common challenges and solutions"", ""Tools and resources needed"", ""Conclusion and next steps""]","[""planning"", ""modeling"", ""financial"", ""market"", ""business"", ""economics""]",6,Individual Investors & Analysts,"[""investment planning"", ""portfolio management"", ""market analysis""]",61,8,2025-10-25 21:09:19,en,How do you benchmark {keyword} against alternatives?,0.67,0.730479962558787,0.86
8600319,market analysis,economics,How do you hedge against market analysis market downturns?,implementation,Advanced,"[""Overview of market analysis"", ""Step-by-step implementation"", ""Best practices and tips"", ""Common challenges and solutions"", ""Tools and resources needed"", ""Conclusion and next steps""]","[""investment"", ""analysis"", ""implementation"", ""market"", ""business"", ""economics""]",6,Professional Investors & Advisors,"[""investment planning"", ""portfolio management"", ""financial modeling""]",58,9,2025-10-25 21:09:19,en,How do you hedge against {keyword} market downturns?,0.91,0.9968382729877658,0.32
8600320,market analysis,economics,How do you adjust your market analysis strategy during volatility?,troubleshooting,Beginner,"[""Overview of market analysis"", ""Step-by-step implementation"", ""Best practices and tips"", ""Common challenges and solutions"", ""Tools and resources needed"", ""Conclusion and next steps""]","[""investment"", ""analysis"", ""troubleshooting"", ""market"", ""economics""]",6,Students & New Investors,"[""portfolio management"", ""financial modeling"", ""investment planning""]",66,10,2025-10-25 21:09:19,en,How do you adjust your {keyword} strategy during volatility?,0.7,0.46874441180513177,0.6
8600321,financial modeling,economics,What timeline is realistic for financial modeling returns?,best_practice,Beginner,"[""Introduction to financial modeling"", ""Key points and analysis"", ""Practical examples"", ""Expert insights"", ""Action items"", ""Conclusion""]","[""finance"", ""best_practice"", ""modeling"", ""financial"", ""market"", ""economics""]",4,Students & New Investors,"[""market analysis"", ""investment planning"", ""portfolio management""]",58,8,2025-10-25 21:09:19,en,What timeline is realistic for {keyword} returns?,0.87,0.31871458562671484,0.42
8600322,brand management,marketing,What budget should be allocated to brand management?,how_to,Expert,"[""Introduction to brand management"", ""Key points and analysis"", ""Practical examples"", ""Expert insights"", ""Action items"", ""Conclusion""]","[""how_to"", ""marketing"", ""management"", ""digital"", ""branding"", ""brand""]",4,Marketing Directors & CMOs,"[""social media"", ""content marketing"", ""digital marketing""]",52,8,2025-10-25 21:09:19,en,What budget should be allocated to {keyword}?,0.91,1.0,0.79
8600323,digital marketing,marketing,What timing strategies work for digital marketing?,optimization,Beginner,"[""Introduction to digital marketing"", ""Key points and analysis"", ""Practical examples"", ""Expert insights"", ""Action items"", ""Conclusion""]","[""marketing"", ""optimization"", ""promotion"", ""digital""]",4,Marketing Students & Interns,"[""content marketing"", ""brand management"", ""social media""]",50,7,2025-10-25 21:09:19,en,What timing strategies work for {keyword}?,0.76,0.41309184273483796,0.88
8600324,data science,it,How can data science improve system performance and scalability?,optimization,Intermediate,"[""Introduction to data science"", ""Key points and analysis"", ""Practical examples"", ""Expert insights"", ""Action items"", ""Conclusion""]","[""software"", ""it"", ""programming"", ""science"", ""optimization"", ""data""]",4,Junior to Mid-level Developers,"[""machine learning"", ""cybersecurity"", ""cloud computing"", ""web development""]",64,9,2025-10-25 21:09:19,en,How can {keyword} improve system performance and scalability?,0.84,0.6979027710040321,0.81
8600325,cloud computing,it,What design patterns work best with cloud computing?,analysis,Advanced,"[""Introduction to cloud computing"", ""Key points and analysis"", ""Practical examples"", ""Expert insights"", ""Action items"", ""Conclusion""]","[""computing"", ""software"", ""analysis"", ""it"", ""development"", ""cloud""]",4,Senior Developers & Tech Leads,"[""cybersecurity"", ""machine learning"", ""web development"", ""data science""]",52,8,2025-10-25 21:09:19,en,What design patterns work best with {keyword}?,0.79,0.8415138507993107,0.8
8600326,market analysis,economics,What timeline is realistic for market analysis returns?,best_practice,Expert,"[""Introduction to market analysis"", ""Key points and analysis"", ""Practical examples"", ""Expert insights"", ""Action items"", ""Conclusion""]","[""finance"", ""analysis"", ""best_practice"", ""market"", ""economics""]",4,Portfolio Managers & Financial Experts,"[""investment planning"", ""portfolio management"", ""financial modeling""]",55,8,2025-10-25 21:09:19,en,What timeline is realistic for {keyword} returns?,0.81,1.0,0.36
8600327,digital marketing,marketing,What demographics respond best to digital marketing?,optimization,Beginner,"[""Introduction to digital marketing"", ""Key points and analysis"", ""Practical examples"", ""Expert insights"", ""Action items"", ""Conclusion""]","[""marketing"", ""digital"", ""advertising"", ""branding"", ""optimization""]",4,Marketing Students & Interns,"[""social media"", ""content marketing"", ""brand management""]",52,7,2025-10-25 21:09:19,en,What demographics respond best to {keyword}?,0.74,0.34663202893535777,0.81
8600328,cybersecurity,it,Which frameworks support cybersecurity implementation?,strategy,Expert,"[""Introduction to cybersecurity"", ""Key points and analysis"", ""Practical examples"", ""Expert insights"", ""Action items"", ""Conclusion""]","[""development"", ""it"", ""strategy"", ""cybersecurity"", ""technology""]",4,Architects & Technical Directors,"[""machine learning"", ""web development"", ""cloud computing"", ""data science""]",54,5,2025-10-25 21:09:19,en,Which frameworks support {keyword} implementation?,0.72,1.0,0.42
8600329,digital marketing,marketing,What are the latest trends in digital marketing?,analysis,Advanced,"[""Introduction to digital marketing"", ""Key concepts and definitions"", ""Main categories or types"", ""Examples and case studies"", ""Benefits and advantages"", ""Summary and recommendations""]","[""marketing"", ""advertising"", ""analysis"", ""digital""]",6,Marketing Managers & Strategists,"[""content marketing"", ""brand management"", ""social media""]",48,8,2025-10-25 21:09:19,en,What are the latest trends in {keyword}?,0.65,0.9585397664435048,0.88
8600330,machine learning,it,What are the best practices for machine learning development?,comparison,Advanced,"[""Introduction to machine learning"", ""Key concepts and definitions"", ""Main categories or types"", ""Examples and case studies"", ""Benefits and advantages"", ""Summary and recommendations""]","[""software"", ""development"", ""it"", ""comparison"", ""learning"", ""machine""]",6,Senior Developers & Tech Leads,"[""cybersecurity"", ""cloud computing"", ""web development"", ""data science""]",61,9,2025-10-25 21:09:19,en,What are the best practices for {keyword} development?,0.86,0.8134084421824049,0.46
8600331,market analysis,economics,How do you create a long-term plan for market analysis?,comparison,Beginner,"[""Overview of market analysis"", ""Step-by-step implementation"", ""Best practices and tips"", ""Common challenges and solutions"", ""Tools and resources needed"", ""Conclusion and next steps""]","[""investment"", ""analysis"", ""comparison"", ""market"", ""economics""]",6,Students & New Investors,"[""financial modeling"", ""portfolio management"", ""investment planning""]",55,10,2025-10-25 21:09:19,en,How do you create a long-term plan for {keyword}?,0.83,0.45362467684289964,0.51
8600332,content marketing,marketing,What emerging platforms support content marketing?,comparison,Advanced,"[""Introduction to content marketing"", ""Key points and analysis"", ""Practical examples"", ""Expert insights"", ""Action items"", ""Conclusion""]","[""content"", ""promotion"", ""comparison"", ""marketing"", ""branding""]",4,Marketing Managers & Strategists,"[""brand management"", ""social media"", ""digital marketing""]",50,6,2025-10-25 21:09:19,en,What emerging platforms support {keyword}?,0.61,0.808051812722295,0.35
8600333,portfolio management,economics,What are the regulatory considerations for portfolio management?,planning,Intermediate,"[""Introduction to portfolio management"", ""Key concepts and definitions"", ""Main categories or types"", ""Examples and case studies"", ""Benefits and advantages"", ""Summary and recommendations""]","[""investment"", ""planning"", ""portfolio"", ""management"", ""market"", ""economics""]",6,Individual Investors & Analysts,"[""financial modeling"", ""market analysis"", ""investment planning""]",64,8,2025-10-25 21:09:19,en,What are the regulatory considerations for {keyword}?,0.67,0.7204002202053824,0.56
8600334,portfolio management,economics,How do you create a long-term plan for portfolio management?,strategy,Advanced,"[""Overview of portfolio management"", ""Step-by-step implementation"", ""Best practices and tips"", ""Common challenges and solutions"", ""Tools and resources needed"", ""Conclusion and next steps""]","[""finance"", ""portfolio"", ""management"", ""business"", ""strategy"", ""economics""]",6,Professional Investors & Advisors,"[""market analysis"", ""investment planning"", ""financial modeling""]",60,10,2025-10-25 21:09:19,en,How do you create a long-term plan for {keyword}?,0.87,0.999762913735565,0.7
8600335,portfolio management,economics,What insurance options are available for portfolio management?,strategy,Advanced,"[""Introduction to portfolio management"", ""Key points and analysis"", ""Practical examples"", ""Expert insights"", ""Action items"", ""Conclusion""]","[""investment"", ""finance"", ""portfolio"", ""management"", ""strategy"", ""economics""]",4,Professional Investors & Advisors,"[""market analysis"", ""financial modeling"", ""investment planning""]",62,8,2025-10-25 21:09:19,en,What insurance options are available for {keyword}?,0.7,0.9821800537696643,0.78
8600336,social media,marketing,How do you personalize social media for different segments?,strategy,Expert,"[""Overview of social media"", ""Step-by-step implementation"", ""Best practices and tips"", ""Common challenges and solutions"", ""Tools and resources needed"", ""Conclusion and next steps""]","[""media"", ""marketing"", ""digital"", ""social"", ""branding"", ""strategy""]",6,Marketing Directors & CMOs,"[""digital marketing"", ""brand management"", ""content marketing""]",59,9,2025-10-25 21:09:19,en,How do you personalize {keyword} for different segments?,0.94,1.0,0.57
8600337,cybersecurity,it,What are the best practices for cybersecurity development?,optimization,Intermediate,"[""Introduction to cybersecurity"", ""Key concepts and definitions"", ""Main categories or types"", ""Examples and case studies"", ""Benefits and advantages"", ""Summary and recommendations""]","[""development"", ""it"", ""programming"", ""optimization"", ""cybersecurity""]",5,Junior to Mid-level Developers,"[""machine learning"", ""data science"", ""web development"", ""cloud computing""]",58,8,2025-10-25 21:09:19,en,What are the best practices for {keyword} development?,0.71,0.6425477888341087,0.55
8600338,financial modeling,economics,How do you create a long-term plan for financial modeling?,evaluation,Expert,"[""Overview of financial modeling"", ""Step-by-step implementation"", ""Best practices and tips"", ""Common challenges and solutions"", ""Tools and resources needed"", ""Conclusion and next steps""]","[""modeling"", ""financial"", ""evaluation"", ""market"", ""business"", ""economics""]",6,Portfolio Managers & Financial Experts,"[""portfolio management"", ""investment planning"", ""market analysis""]",58,10,2025-10-25 21:09:19,en,How do you create a long-term plan for {keyword}?,0.88,1.0,0.34
8600339,market analysis,economics,What exit strategies should be considered for market analysis?,analysis,Beginner,"[""Introduction to market analysis"", ""Key points and analysis"", ""Practical examples"", ""Expert insights"", ""Action items"", ""Conclusion""]","[""market"", ""investment"", ""economics"", ""analysis""]",4,Students & New Investors,"[""portfolio management"", ""investment planning"", ""financial modeling""]",62,9,2025-10-25 21:09:19,en,What exit strategies should be considered for {keyword}?,0.85,0.4716408190347581,0.72
8600340,cybersecurity,it,How do you measure the success of cybersecurity projects?,analysis,Beginner,"[""Overview of cybersecurity"", ""Step-by-step implementation"", ""Best practices and tips"", ""Common challenges and solutions"", ""Tools and resources needed"", ""Conclusion and next steps""]","[""software"", ""analysis"", ""it"", ""programming"", ""cybersecurity""]",5,Students & Entry-level Developers,"[""data science"", ""web development"", ""machine learning"", ""cloud computing""]",57,9,2025-10-25 21:09:19,en,How do you measure the success of {keyword} projects?,0.66,0.4909128820830052,0.53
8600341,data science,it,What skills are needed to master data science?,best_practice,Advanced,"[""Introduction to data science"", ""Key points and analysis"", ""Practical examples"", ""Expert insights"", ""Action items"", ""Conclusion""]","[""technology"", ""it"", ""programming"", ""best_practice"", ""science"", ""data""]",4,Senior Developers & Tech Leads,"[""machine learning"", ""cloud computing"", ""cybersecurity"", ""web development""]",46,8,2025-10-25 21:09:19,en,What skills are needed to master {keyword}?,0.64,0.832370367476905,0.39
8600342,financial modeling,economics,What timeline is realistic for financial modeling returns?,best_practice,Advanced,"[""Introduction to financial modeling"", ""Key points and analysis"", ""Practical examples"", ""Expert insights"", ""Action items"", ""Conclusion""]","[""investment"", ""finance"", ""best_practice"", ""modeling"", ""financial"", ""economics""]",4,Professional Investors & Advisors,"[""market analysis"", ""investment planning"", ""portfolio management""]",58,8,2025-10-25 21:09:19,en,What timeline is realistic for {keyword} returns?,0.83,0.818499043009946,0.42
8600343,portfolio management,economics,How do you measure portfolio management performance?,evaluation,Intermediate,"[""Overview of portfolio management"", ""Step-by-step implementation"", ""Best practices and tips"", ""Common challenges and solutions"", ""Tools and resources needed"", ""Conclusion and next steps""]","[""investment"", ""portfolio"", ""management"", ""evaluation"", ""business"", ""economics""]",6,Individual Investors & Analysts,"[""market analysis"", ""financial modeling"", ""investment planning""]",52,7,2025-10-25 21:09:19,en,How do you measure {keyword} performance?,0.7,0.7412484341344887,0.62
8600344,machine learning,it,What career opportunities exist in machine learning?,troubleshooting,Expert,"[""Introduction to machine learning"", ""Key points and analysis"", ""Practical examples"", ""Expert insights"", ""Action items"", ""Conclusion""]","[""development"", ""it"", ""programming"", ""troubleshooting"", ""learning"", ""machine""]",4,Architects & Technical Directors,"[""data science"", ""cybersecurity"", ""cloud computing"", ""web development""]",52,7,2025-10-25 21:09:19,en,What career opportunities exist in {keyword}?,0.9,1.0,0.43
8600345,portfolio management,economics,What insurance options are available for portfolio management?,evaluation,Advanced,"[""Introduction to portfolio management"", ""Key points and analysis"", ""Practical examples"", ""Expert insights"", ""Action items"", ""Conclusion""]","[""investment"", ""portfolio"", ""management"", ""evaluation"", ""market"", ""economics""]",4,Professional Investors & Advisors,"[""investment planning"", ""market analysis"", ""financial modeling""]",62,8,2025-10-25 21:09:19,en,What insurance options are available for {keyword}?,0.64,0.99187769988447,0.87
8600346,investment planning,economics,What insurance options are available for investment planning?,optimization,Expert,"[""Introduction to investment planning"", ""Key points and analysis"", ""Practical examples"", ""Expert insights"", ""Action items"", ""Conclusion""]","[""investment"", ""planning"", ""business"", ""optimization"", ""economics""]",4,Portfolio Managers & Financial Experts,"[""market analysis"", ""portfolio management"", ""financial modeling""]",61,8,2025-10-25 21:09:19,en,What insurance options are available for {keyword}?,0.62,1.0,0.83
8600347,brand management,marketing,How do you develop an effective brand management strategy?,strategy,Intermediate,"[""Overview of brand management"", ""Step-by-step implementation"", ""Best practices and tips"", ""Common challenges and solutions"", ""Tools and resources needed"", ""Conclusion and next steps""]","[""promotion"", ""digital"", ""marketing"", ""management"", ""strategy"", ""brand""]",6,Marketing Coordinators & Specialists,"[""social media"", ""digital marketing"", ""content marketing""]",58,9,2025-10-25 21:09:19,en,How do you develop an effective {keyword} strategy?,0.84,0.7547358588694714,0.71
8600348,machine learning,it,How do you measure the success of machine learning projects?,planning,Advanced,"[""Overview of machine learning"", ""Step-by-step implementation"", ""Best practices and tips"", ""Common challenges and solutions"", ""Tools and resources needed"", ""Conclusion and next steps""]","[""planning"", ""development"", ""it"", ""software"", ""learning"", ""machine""]",6,Senior Developers & Tech Leads,"[""cloud computing"", ""cybersecurity"", ""web development"", ""data science""]",60,10,2025-10-25 21:09:19,en,How do you measure the success of {keyword} projects?,0.85,0.8012936386110145,0.53
8600349,digital marketing,marketing,What are the latest trends in digital marketing?,strategy,Advanced,"[""Introduction to digital marketing"", ""Key concepts and definitions"", ""Main categories or types"", ""Examples and case studies"", ""Benefits and advantages"", ""Summary and recommendations""]","[""promotion"", ""marketing"", ""digital"", ""branding"", ""strategy""]",6,Marketing Managers & Strategists,"[""content marketing"", ""social media"", ""brand management""]",48,8,2025-10-25 21:09:19,en,What are the latest trends in {keyword}?,0.85,0.9137471147175042,0.31
8600350,brand management,marketing,What A/B tests should you run for brand management?,evaluation,Intermediate,"[""Introduction to brand management"", ""Key points and analysis"", ""Practical examples"", ""Expert insights"", ""Action items"", ""Conclusion""]","[""marketing"", ""management"", ""advertising"", ""branding"", ""evaluation"", ""brand""]",4,Marketing Coordinators & Specialists,"[""digital marketing"", ""content marketing"", ""social media""]",51,9,2025-10-25 21:09:19,en,What A/B tests should you run for {keyword}?,0.78,0.7657220340555573,0.48
8600351,brand management,marketing,What KPIs are most important for brand management?,how_to,Expert,"[""Introduction to brand management"", ""Key points and analysis"", ""Practical examples"", ""Expert insights"", ""Action items"", ""Conclusion""]","[""how_to"", ""promotion"", ""marketing"", ""management"", ""advertising"", ""brand""]",4,Marketing Directors & CMOs,"[""content marketing"", ""social media"", ""digital marketing""]",50,8,2025-10-25 21:09:19,en,What KPIs are most important for {keyword}?,0.72,1.0,0.68
8600352,financial modeling,economics,How do you benchmark financial modeling against alternatives?,planning,Expert,"[""Overview of financial modeling"", ""Step-by-step implementation"", ""Best practices and tips"", ""Common challenges and solutions"", ""Tools and resources needed"", ""Conclusion and next steps""]","[""planning"", ""finance"", ""modeling"", ""financial"", ""market"", ""economics""]",6,Portfolio Managers & Financial Experts,"[""market analysis"", ""investment planning"", ""portfolio management""]",61,8,2025-10-25 21:09:19,en,How do you benchmark {keyword} against alternatives?,0.86,1.0,0.34
8600353,content marketing,marketing,How do you innovate within content marketing?,best_practice,Intermediate,"[""Overview of content marketing"", ""Step-by-step implementation"", ""Best practices and tips"", ""Common challenges and solutions"", ""Tools and resources needed"", ""Conclusion and next steps""]","[""content"", ""promotion"", ""best_practice"", ""marketing"", ""advertising""]",6,Marketing Coordinators & Specialists,"[""digital marketing"", ""brand management"", ""social media""]",45,7,2025-10-25 21:09:19,en,How do you innovate within {keyword}?,0.76,0.6067092646600696,0.48
8600354,digital marketing,marketing,How do you personalize digital marketing for different segments?,optimization,Advanced,"[""Overview of digital marketing"", ""Step-by-step implementation"", ""Best practices and tips"", ""Common challenges and solutions"", ""Tools and resources needed"", ""Conclusion and next steps""]","[""marketing"", ""optimization"", ""promotion"", ""digital""]",6,Marketing Managers & Strategists,"[""content marketing"", ""brand management"", ""social media""]",64,9,2025-10-25 21:09:19,en,How do you personalize {keyword} for different segments?,0.77,0.839350186815064,0.51
8600355,portfolio management,economics,What metrics are most important for portfolio management?,how_to,Intermediate,"[""Introduction to portfolio management"", ""Key points and analysis"", ""Practical examples"", ""Expert insights"", ""Action items"", ""Conclusion""]","[""investment"", ""how_to"", ""finance"", ""portfolio"", ""management"", ""economics""]",4,Individual Investors & Analysts,"[""investment planning"", ""financial modeling"", ""market analysis""]",57,8,2025-10-25 21:09:19,en,What metrics are most important for {keyword}?,0.71,0.7312175456627052,0.73
8600356,financial modeling,economics,What are the risks associated with financial modeling?,how_to,Expert,"[""Introduction to financial modeling"", ""Key concepts and definitions"", ""Main categories or types"", ""Examples and case studies"", ""Benefits and advantages"", ""Summary and recommendations""]","[""how_to"", ""finance"", ""modeling"", ""financial"", ""business"", ""economics""]",6,Portfolio Managers & Financial Experts,"[""portfolio management"", ""market analysis"", ""investment planning""]",54,8,2025-10-25 21:09:19,en,What are the risks associated with {keyword}?,0.78,1.0,0.48
8600357,portfolio management,economics,How do you adjust your portfolio management strategy during volatility?,how_to,Intermediate,"[""Overview of portfolio management"", ""Step-by-step implementation"", ""Best practices and tips"", ""Common challenges and solutions"", ""Tools and resources needed"", ""Conclusion and next steps""]","[""how_to"", ""finance"", ""portfolio"", ""management"", ""market"", ""economics""]",6,Individual Investors & Analysts,"[""financial modeling"", ""investment planning"", ""market analysis""]",71,10,2025-10-25 21:09:19,en,How do you adjust your {keyword} strategy during volatility?,0.82,0.6530992838166065,0.4
8600358,digital marketing,marketing,What content types work best for digital marketing?,implementation,Expert,"[""Introduction to digital marketing"", ""Key points and analysis"", ""Practical examples"", ""Expert insights"", ""Action items"", ""Conclusion""]","[""implementation"", ""marketing"", ""advertising"", ""digital""]",4,Marketing Directors & CMOs,"[""brand management"", ""social media"", ""content marketing""]",51,8,2025-10-25 21:09:19,en,What content types work best for {keyword}?,0.88,1.0,0.72
8600359,cloud computing,it,What design patterns work best with cloud computing?,optimization,Beginner,"[""Introduction to cloud computing"", ""Key points and analysis"", ""Practical examples"", ""Expert insights"", ""Action items"", ""Conclusion""]","[""computing"", ""software"", ""cloud"", ""it"", ""programming"", ""optimization""]",4,Students & Entry-level Developers,"[""machine learning"", ""web development"", ""data science"", ""cybersecurity""]",52,8,2025-10-25 21:09:19,en,What design patterns work best with {keyword}?,0.74,0.42799954367179444,0.86
8600360,web development,it,What is the recommended architecture for web development systems?,best_practice,Intermediate,"[""Introduction to web development"", ""Key points and analysis"", ""Practical examples"", ""Expert insights"", ""Action items"", ""Conclusion""]","[""development"", ""it"", ""programming"", ""best_practice"", ""web""]",4,Junior to Mid-level Developers,"[""cloud computing"", ""machine learning"", ""cybersecurity"", ""data science""]",65,9,2025-10-25 21:09:19,en,What is the recommended architecture for {keyword} systems?,0.86,0.6534053784110606,0.63
8600361,market analysis,economics,How do you protect your market analysis investments?,implementation,Intermediate,"[""Overview of market analysis"", ""Step-by-step implementation"", ""Best practices and tips"", ""Common challenges and solutions"", ""Tools and resources needed"", ""Conclusion and next steps""]","[""finance"", ""analysis"", ""implementation"", ""market"", ""economics""]",6,Individual Investors & Analysts,"[""portfolio management"", ""investment planning"", ""financial modeling""]",52,8,2025-10-25 21:09:19,en,How do you protect your {keyword} investments?,0.92,0.6668722964890201,0.33
8600362,brand management,marketing,How do you personalize brand management for different segments?,implementation,Beginner,"[""Overview of brand management"", ""Step-by-step implementation"", ""Best practices and tips"", ""Common challenges and solutions"", ""Tools and resources needed"", ""Conclusion and next steps""]","[""implementation"", ""promotion"", ""marketing"", ""management"", ""digital"", ""brand""]",6,Marketing Students & Interns,"[""content marketing"", ""digital marketing"", ""social media""]",63,9,2025-10-25 21:09:19,en,How do you personalize {keyword} for different segments?,0.85,0.40665769356593334,0.47
8600363,brand management,marketing,What channels are most effective for brand management?,planning,Beginner,"[""Introduction to brand management"", ""Key points and analysis"", ""Practical examples"", ""Expert insights"", ""Action items"", ""Conclusion""]","[""planning"", ""marketing"", ""management"", ""advertising"", ""branding"", ""brand""]",4,Marketing Students & Interns,"[""content marketing"", ""digital marketing"", ""social media""]",54,8,2025-10-25 21:09:19,en,What channels are most effective for {keyword}?,0.81,0.3021471793848213,0.64
8600364,machine learning,it,How do you choose the right technology stack for machine learning?,comparison,Expert,"[""Overview of machine learning"", ""Step-by-step implementation"", ""Best practices and tips"", ""Common challenges and solutions"", ""Tools and resources needed"", ""Conclusion and next steps""]","[""software"", ""it"", ""comparison"", ""learning"", ""machine"", ""technology""]",6,Architects & Technical Directors,"[""web development"", ""data science"", ""cloud computing"", ""cybersecurity""]",66,11,2025-10-25 21:09:19,en,How do you choose the right technology stack for {keyword}?,0.91,1.0,0.37
8600365,digital marketing,marketing,What channels are most effective for digital marketing?,strategy,Intermediate,"[""Introduction to digital marketing"", ""Key points and analysis"", ""Practical examples"", ""Expert insights"", ""Action items"", ""Conclusion""]","[""branding"", ""marketing"", ""strategy"", ""digital""]",4,Marketing Coordinators & Specialists,"[""brand management"", ""social media"", ""content marketing""]",55,8,2025-10-25 21:09:19,en,What channels are most effective for {keyword}?,0.61,0.7934397628976306,0.42
8600366,financial modeling,economics,How do you benchmark financial modeling against alternatives?,troubleshooting,Beginner,"[""Overview of financial modeling"", ""Step-by-step implementation"", ""Best practices and tips"", ""Common challenges and solutions"", ""Tools and resources needed"", ""Conclusion and next steps""]","[""troubleshooting"", ""modeling"", ""financial"", ""market"", ""business"", ""economics""]",6,Students & New Investors,"[""portfolio management"", ""market analysis"", ""investment planning""]",61,8,2025-10-25 21:09:19,en,How do you benchmark {keyword} against alternatives?,0.76,0.3085408611359338,0.81
8600367,market analysis,economics,What timeline is realistic for market analysis returns?,best_practice,Intermediate,"[""Introduction to market analysis"", ""Key points and analysis"", ""Practical examples"", ""Expert insights"", ""Action items"", ""Conclusion""]","[""investment"", ""analysis"", ""finance"", ""best_practice"", ""market"", ""economics""]",4,Individual Investors & Analysts,"[""financial modeling"", ""investment planning"", ""portfolio management""]",55,8,2025-10-25 21:09:19,en,What timeline is realistic for {keyword} returns?,0.62,0.6131066771266169,0.73
8600368,content marketing,marketing,What timing strategies work for content marketing?,comparison,Advanced,"[""Introduction to content marketing"", ""Key points and analysis"", ""Practical examples"", ""Expert insights"", ""Action items"", ""Conclusion""]","[""content"", ""comparison"", ""marketing"", ""digital"", ""advertising""]",4,Marketing Managers & Strategists,"[""social media"", ""digital marketing"", ""brand management""]",50,7,2025-10-25 21:09:19,en,What timing strategies work for {keyword}?,0.85,0.9544173603377115,0.87
8600369,cybersecurity,it,What ROI can be expected from cybersecurity implementation?,evaluation,Advanced,"[""Introduction to cybersecurity"", ""Key points and analysis"", ""Practical examples"", ""Expert insights"", ""Action items"", ""Conclusion""]","[""software"", ""development"", ""it"", ""evaluation"", ""cybersecurity""]",4,Senior Developers & Tech Leads,"[""web development"", ""data science"", ""cloud computing"", ""machine learning""]",59,8,2025-10-25 21:09:19,en,What ROI can be expected from {keyword} implementation?,0.65,0.8071157187639356,0.74
8600370,social media,marketing,What messaging works best in social media campaigns?,best_practice,Beginner,"[""Introduction to social media"", ""Key points and analysis"", ""Practical examples"", ""Expert insights"", ""Action items"", ""Conclusion""]","[""media"", ""promotion"", ""best_practice"", ""digital"", ""marketing"", ""social""]",4,Marketing Students & Interns,"[""brand management"", ""content marketing"", ""digital marketing""]",52,8,2025-10-25 21:09:19,en,What messaging works best in {keyword} campaigns?,0.65,0.3658593270810006,0.52
8600371,brand management,marketing,How do you reach new customers through brand management?,evaluation,Advanced,"[""Overview of brand management"", ""Step-by-step implementation"", ""Best practices and tips"", ""Common challenges and solutions"", ""Tools and resources needed"", ""Conclusion and next steps""]","[""promotion"", ""marketing"", ""management"", ""branding"", ""evaluation"", ""brand""]",6,Marketing Managers & Strategists,"[""digital marketing"", ""social media"", ""content marketing""]",56,9,2025-10-25 21:09:19,en,How do you reach new customers through {keyword}?,0.95,0.8241087411055948,0.6
8600372,investment planning,economics,How do you protect your investment planning investments?,comparison,Advanced,"[""Overview of investment planning"", ""Step-by-step implementation"", ""Best practices and tips"", ""Common challenges and solutions"", ""Tools and resources needed"", ""Conclusion and next steps""]","[""investment"", ""planning"", ""finance"", ""comparison"", ""market"", ""economics""]",6,Professional Investors & Advisors,"[""portfolio management"", ""financial modeling"", ""market analysis""]",56,8,2025-10-25 21:09:19,en,How do you protect your {keyword} investments?,0.87,0.9345790792644881,0.8
8600373,financial modeling,economics,How do you hedge against financial modeling market downturns?,comparison,Beginner,"[""Overview of financial modeling"", ""Step-by-step implementation"", ""Best practices and tips"", ""Common challenges and solutions"", ""Tools and resources needed"", ""Conclusion and next steps""]","[""investment"", ""finance"", ""comparison"", ""modeling"", ""financial"", ""economics""]",6,Students & New Investors,"[""market analysis"", ""portfolio management"", ""investment planning""]",61,9,2025-10-25 21:09:19,en,How do you hedge against {keyword} market downturns?,0.92,0.49651272808373836,0.86
8600374,machine learning,it,What design patterns work best with machine learning?,troubleshooting,Intermediate,"[""Introduction to machine learning"", ""Key points and analysis"", ""Practical examples"", ""Expert insights"", ""Action items"", ""Conclusion""]","[""it"", ""programming"", ""troubleshooting"", ""learning"", ""machine"", ""technology""]",4,Junior to Mid-level Developers,"[""data science"", ""cloud computing"", ""web development"", ""cybersecurity""]",53,8,2025-10-25 21:09:19,en,What design patterns work best with {keyword}?,0.92,0.7511688331485566,0.5
8600375,cloud computing,it,How do you convince stakeholders to invest in cloud computing?,optimization,Intermediate,"[""Overview of cloud computing"", ""Step-by-step implementation"", ""Best practices and tips"", ""Common challenges and solutions"", ""Tools and resources needed"", ""Conclusion and next steps""]","[""computing"", ""software"", ""cloud"", ""it"", ""programming"", ""optimization""]",6,Junior to Mid-level Developers,"[""web development"", ""cybersecurity"", ""machine learning"", ""data science""]",62,10,2025-10-25 21:09:19,en,How do you convince stakeholders to invest in {keyword}?,0.79,0.625874071628466,0.48
8600376,portfolio management,economics,How does global economics impact portfolio management?,best_practice,Beginner,"[""Introduction to portfolio management"", ""Key points and analysis"", ""Practical examples"", ""Expert insights"", ""Action items"", ""Conclusion""]","[""portfolio"", ""best_practice"", ""management"", ""market"", ""business"", ""economics""]",4,Students & New Investors,"[""financial modeling"", ""investment planning"", ""market analysis""]",54,7,2025-10-25 21:09:19,en,How does global economics impact {keyword}?,0.71,0.3213292593598747,0.81
8600377,investment planning,economics,How do you analyze market trends in investment planning?,strategy,Expert,"[""Overview of investment planning"", ""Step-by-step implementation"", ""Best practices and tips"", ""Common challenges and solutions"", ""Tools and resources needed"", ""Conclusion and next steps""]","[""investment"", ""planning"", ""business"", ""market"", ""strategy"", ""economics""]",6,Portfolio Managers & Financial Experts,"[""market analysis"", ""portfolio management"", ""financial modeling""]",56,9,2025-10-25 21:09:19,en,How do you analyze market trends in {keyword}?,0.94,1.0,0.71
8600378,financial modeling,economics,What are the risks associated with financial modeling?,comparison,Beginner,"[""Introduction to financial modeling"", ""Key concepts and definitions"", ""Main categories or types"", ""Examples and case studies"", ""Benefits and advantages"", ""Summary and recommendations""]","[""investment"", ""finance"", ""comparison"", ""modeling"", ""financial"", ""economics""]",6,Students & New Investors,"[""market analysis"", ""investment planning"", ""portfolio management""]",54,8,2025-10-25 21:09:19,en,What are the risks associated with {keyword}?,0.75,0.41577693605779487,0.88
8600379,web development,it,How do you integrate web development with existing systems?,planning,Advanced,"[""Overview of web development"", ""Step-by-step implementation"", ""Best practices and tips"", ""Common challenges and solutions"", ""Tools and resources needed"", ""Conclusion and next steps""]","[""planning"", ""development"", ""it"", ""software"", ""programming"", ""web""]",6,Senior Developers & Tech Leads,"[""machine learning"", ""cloud computing"", ""data science"", ""cybersecurity""]",59,9,2025-10-25 21:09:19,en,How do you integrate {keyword} with existing systems?,0.82,0.9349508864903233,0.79
8600380,market analysis,economics,How do you analyze market trends in market analysis?,evaluation,Intermediate,"[""Overview of market analysis"", ""Step-by-step implementation"", ""Best practices and tips"", ""Common challenges and solutions"", ""Tools and resources needed"", ""Conclusion and next steps""]","[""finance"", ""analysis"", ""evaluation"", ""market"", ""economics""]",6,Individual Investors & Analysts,"[""portfolio management"", ""financial modeling"", ""investment planning""]",52,9,2025-10-25 21:09:19,en,How do you analyze market trends in {keyword}?,0.7,0.708742140174991,0.39
8600381,cybersecurity,it,What design patterns work best with cybersecurity?,best_practice,Advanced,"[""Introduction to cybersecurity"", ""Key points and analysis"", ""Practical examples"", ""Expert insights"", ""Action items"", ""Conclusion""]","[""software"", ""it"", ""programming"", ""best_practice"", ""cybersecurity""]",4,Senior Developers & Tech Leads,"[""data science"", ""machine learning"", ""web development"", ""cloud computing""]",50,7,2025-10-25 21:09:19,en,What design patterns work best with {keyword}?,0.64,0.9659673491265774,0.32
8600382,data science,it,Which frameworks support data science implementation?,strategy,Beginner,"[""Introduction to data science"", ""Key points and analysis"", ""Practical examples"", ""Expert insights"", ""Action items"", ""Conclusion""]","[""technology"", ""it"", ""programming"", ""science"", ""strategy"", ""data""]",4,Students & Entry-level Developers,"[""web development"", ""machine learning"", ""cloud computing"", ""cybersecurity""]",53,6,2025-10-25 21:09:19,en,Which frameworks support {keyword} implementation?,0.76,0.3844459253913996,0.38
8600383,web development,it,What ROI can be expected from web development implementation?,analysis,Intermediate,"[""Introduction to web development"", ""Key points and analysis"", ""Practical examples"", ""Expert insights"", ""Action items"", ""Conclusion""]","[""development"", ""web"", ""analysis"", ""it"", ""programming"", ""technology""]",4,Junior to Mid-level Developers,"[""cloud computing"", ""machine learning"", ""data science"", ""cybersecurity""]",61,9,2025-10-25 21:09:19,en,What ROI can be expected from {keyword} implementation?,0.61,0.6120633388264216,0.66
8600384,investment planning,economics,What factors should be considered when evaluating investment planning?,implementation,Expert,"[""Introduction to investment planning"", ""Key points and analysis"", ""Practical examples"", ""Expert insights"", ""Action items"", ""Conclusion""]","[""investment"", ""planning"", ""implementation"", ""business"", ""economics""]",4,Portfolio Managers & Financial Experts,"[""financial modeling"", ""portfolio management"", ""market analysis""]",70,9,2025-10-25 21:09:19,en,What factors should be considered when evaluating {keyword}?,0.61,1.0,0.67
8600385,cloud computing,it,What security considerations should be taken when using cloud computing?,strategy,Intermediate,"[""Introduction to cloud computing"", ""Key points and analysis"", ""Practical examples"", ""Expert insights"", ""Action items"", ""Conclusion""]","[""computing"", ""software"", ""cloud"", ""it"", ""programming"", ""strategy""]",4,Junior to Mid-level Developers,"[""data science"", ""machine learning"", ""cybersecurity"", ""web development""]",72,10,2025-10-25 21:09:19,en,What security considerations should be taken when using {keyword}?,0.72,0.6372712939571871,0.5
8600386,brand management,marketing,How do you improve brand management conversion rates?,best_practice,Advanced,"[""Overview of brand management"", ""Step-by-step implementation"", ""Best practices and tips"", ""Common challenges and solutions"", ""Tools and resources needed"", ""Conclusion and next steps""]","[""best_practice"", ""marketing"", ""management"", ""advertising"", ""branding"", ""brand""]",6,Marketing Managers & Strategists,"[""digital marketing"", ""content marketing"", ""social media""]",53,8,2025-10-25 21:09:19,en,How do you improve {keyword} conversion rates?,0.76,0.9114407741190979,0.71
8600387,data science,it,What are the latest trends in data science technology?,analysis,Intermediate,"[""Introduction to data science"", ""Key concepts and definitions"", ""Main categories or types"", ""Examples and case studies"", ""Benefits and advantages"", ""Summary and recommendations""]","[""technology"", ""software"", ""analysis"", ""it"", ""science"", ""data""]",6,Junior to Mid-level Developers,"[""cybersecurity"", ""web development"", ""machine learning"", ""cloud computing""]",54,9,2025-10-25 21:09:19,en,What are the latest trends in {keyword} technology?,0.75,0.753792442034559,0.64
8600388,data science,it,How can data science improve system performance and scalability?,how_to,Advanced,"[""Introduction to data science"", ""Key points and analysis"", ""Practical examples"", ""Expert insights"", ""Action items"", ""Conclusion""]","[""how_to"", ""software"", ""development"", ""it"", ""science"", ""data""]",4,Senior Developers & Tech Leads,"[""machine learning"", ""cloud computing"", ""cybersecurity"", ""web development""]",64,9,2025-10-25 21:09:19,en,How can {keyword} improve system performance and scalability?,0.9,0.9270768337643713,0.39
8600389,portfolio management,economics,How do economic conditions affect portfolio management performance?,planning,Beginner,"[""Introduction to portfolio management"", ""Key points and analysis"", ""Practical examples"", ""Expert insights"", ""Action items"", ""Conclusion""]","[""investment"", ""planning"", ""finance"", ""portfolio"", ""management"", ""economics""]",4,Students & New Investors,"[""investment planning"", ""financial modeling"", ""market analysis""]",67,8,2025-10-25 21:09:19,en,How do economic conditions affect {keyword} performance?,0.61,0.3165204787457787,0.4
8600390,web development,it,What are the cost considerations for web development?,best_practice,Intermediate,"[""Introduction to web development"", ""Key concepts and definitions"", ""Main categories or types"", ""Examples and case studies"", ""Benefits and advantages"", ""Summary and recommendations""]","[""technology"", ""software"", ""development"", ""it"", ""best_practice"", ""web""]",6,Junior to Mid-level Developers,"[""data science"", ""cloud computing"", ""cybersecurity"", ""machine learning""]",53,8,2025-10-25 21:09:19,en,What are the cost considerations for {keyword}?,0.78,0.6762814107359211,0.39
8600391,cybersecurity,it,How do you optimize cybersecurity for different platforms?,troubleshooting,Intermediate,"[""Overview of cybersecurity"", ""Step-by-step implementation"", ""Best practices and tips"", ""Common challenges and solutions"", ""Tools and resources needed"", ""Conclusion and next steps""]","[""software"", ""it"", ""programming"", ""troubleshooting"", ""cybersecurity""]",5,Junior to Mid-level Developers,"[""cloud computing"", ""web development"", ""machine learning"", ""data science""]",58,8,2025-10-25 21:09:19,en,How do you optimize {keyword} for different platforms?,0.74,0.7714352149047802,0.4
8600392,social media,marketing,How do you track and analyze social media performance?,analysis,Beginner,"[""Overview of social media"", ""Step-by-step implementation"", ""Best practices and tips"", ""Common challenges and solutions"", ""Tools and resources needed"", ""Conclusion and next steps""]","[""analysis"", ""media"", ""digital"", ""marketing"", ""social"", ""branding""]",6,Marketing Students & Interns,"[""content marketing"", ""brand management"", ""digital marketing""]",54,9,2025-10-25 21:09:19,en,How do you track and analyze {keyword} performance?,0.66,0.44632607076732955,0.64
8600393,portfolio management,economics,How do you protect your portfolio management investments?,comparison,Intermediate,"[""Overview of portfolio management"", ""Step-by-step implementation"", ""Best practices and tips"", ""Common challenges and solutions"", ""Tools and resources needed"", ""Conclusion and next steps""]","[""finance"", ""portfolio"", ""comparison"", ""management"", ""market"", ""economics""]",6,Individual Investors & Analysts,"[""financial modeling"", ""investment planning"", ""market analysis""]",57,8,2025-10-25 21:09:19,en,How do you protect your {keyword} investments?,0.9,0.6146032257865985,0.81
8600394,data science,it,How do you integrate data science with existing systems?,comparison,Expert,"[""Overview of data science"", ""Step-by-step implementation"", ""Best practices and tips"", ""Common challenges and solutions"", ""Tools and resources needed"", ""Conclusion and next steps""]","[""software"", ""it"", ""comparison"", ""programming"", ""science"", ""data""]",6,Architects & Technical Directors,"[""machine learning"", ""cybersecurity"", ""web development"", ""cloud computing""]",56,9,2025-10-25 21:09:19,en,How do you integrate {keyword} with existing systems?,0.83,1.0,0.37
8600395,investment planning,economics,How do you adjust your investment planning strategy during volatility?,optimization,Beginner,"[""Overview of investment planning"", ""Step-by-step implementation"", ""Best practices and tips"", ""Common challenges and solutions"", ""Tools and resources needed"", ""Conclusion and next steps""]","[""investment"", ""planning"", ""finance"", ""optimization"", ""economics""]",6,Students & New Investors,"[""market analysis"", ""financial modeling"", ""portfolio management""]",70,10,2025-10-25 21:09:19,en,How do you adjust your {keyword} strategy during volatility?,0.66,0.488990673795764,0.8
8600396,content marketing,marketing,What does the future hold for content marketing?,analysis,Advanced,"[""Introduction to content marketing"", ""Key points and analysis"", ""Practical examples"", ""Expert insights"", ""Action items"", ""Conclusion""]","[""content"", ""analysis"", ""marketing"", ""advertising"", ""branding""]",4,Marketing Managers & Strategists,"[""digital marketing"", ""brand management"", ""social media""]",48,8,2025-10-25 21:09:19,en,What does the future hold for {keyword}?,0.83,0.8125041335563048,0.62
8600397,portfolio management,economics,How do you benchmark portfolio management against alternatives?,optimization,Advanced,"[""Overview of portfolio management"", ""Step-by-step implementation"", ""Best practices and tips"", ""Common challenges and solutions"", ""Tools and resources needed"", ""Conclusion and next steps""]","[""finance"", ""portfolio"", ""management"", ""market"", ""optimization"", ""economics""]",6,Professional Investors & Advisors,"[""financial modeling"", ""market analysis"", ""investment planning""]",63,8,2025-10-25 21:09:19,en,How do you benchmark {keyword} against alternatives?,0.66,0.8909354483586753,0.51
8600398,data science,it,How do you choose the right technology stack for data science?,how_to,Beginner,"[""Overview of data science"", ""Step-by-step implementation"", ""Best practices and tips"", ""Common challenges and solutions"", ""Tools and resources needed"", ""Conclusion and next steps""]","[""how_to"", ""technology"", ""software"", ""it"", ""science"", ""data""]",6,Students & Entry-level Developers,"[""cybersecurity"", ""machine learning"", ""web development"", ""cloud computing""]",62,11,2025-10-25 21:09:19,en,How do you choose the right technology stack for {keyword}?,0.64,0.3061443218489143,0.47
8600399,data science,it,How do you convince stakeholders to invest in data science?,how_to,Intermediate,"[""Overview of data science"", ""Step-by-step implementation"", ""Best practices and tips"", ""Common challenges and solutions"", ""Tools and resources needed"", ""Conclusion and next steps""]","[""how_to"", ""technology"", ""development"", ""it"", ""science"", ""data""]",6,Junior to Mid-level Developers,"[""cybersecurity"", ""machine learning"", ""web development"", ""cloud computing""]",59,10,2025-10-25 21:09:19,en,How do you convince stakeholders to invest in {keyword}?,0.85,0.7236144267785266,0.86
8600400,machine learning,it,How do you get started with machine learning as a beginner?,analysis,Expert,"[""Overview of machine learning"", ""Step-by-step implementation"", ""Best practices and tips"", ""Common challenges and solutions"", ""Tools and resources needed"", ""Conclusion and next steps""]","[""development"", ""analysis"", ""it"", ""learning"", ""machine"", ""technology""]",6,Architects & Technical Directors,"[""cloud computing"", ""web development"", ""data science"", ""cybersecurity""]",59,11,2025-10-25 21:09:19,en,How do you get started with {keyword} as a beginner?,0.63,1.0,0.56
8600401,social media,marketing,What content types work best for social media?,best_practice,Advanced,"[""Introduction to social media"", ""Key points and analysis"", ""Practical examples"", ""Expert insights"", ""Action items"", ""Conclusion""]","[""media"", ""promotion"", ""best_practice"", ""marketing"", ""social"", ""branding""]",4,Marketing Managers & Strategists,"[""brand management"", ""content marketing"", ""digital marketing""]",46,8,2025-10-25 21:09:19,en,What content types work best for {keyword}?,0.89,0.8376287122706686,0.61
8600402,financial modeling,economics,What is the optimal allocation for financial modeling in a portfolio?,troubleshooting,Advanced,"[""Introduction to financial modeling"", ""Key points and analysis"", ""Practical examples"", ""Expert insights"", ""Action items"", ""Conclusion""]","[""finance"", ""troubleshooting"", ""modeling"", ""financial"", ""business"", ""economics""]",4,Professional Investors & Advisors,"[""portfolio management"", ""market analysis"", ""investment planning""]",69,11,2025-10-25 21:09:19,en,What is the optimal allocation for {keyword} in a portfolio?,0.74,0.9031510693440772,0.37
8600403,web development,it,How do you integrate web development with existing systems?,implementation,Advanced,"[""Overview of web development"", ""Step-by-step implementation"", ""Best practices and tips"", ""Common challenges and solutions"", ""Tools and resources needed"", ""Conclusion and next steps""]","[""development"", ""web"", ""implementation"", ""it"", ""programming"", ""technology""]",6,Senior Developers & Tech Leads,"[""cloud computing"", ""data science"", ""cybersecurity"", ""machine learning""]",59,9,2025-10-25 21:09:19,en,How do you integrate {keyword} with existing systems?,0.84,0.965743503813811,0.36
8600404,portfolio management,economics,How do you benchmark portfolio management against alternatives?,comparison,Expert,"[""Overview of portfolio management"", ""Step-by-step implementation"", ""Best practices and tips"", ""Common challenges and solutions"", ""Tools and resources needed"", ""Conclusion and next steps""]","[""investment"", ""portfolio"", ""comparison"", ""management"", ""business"", ""economics""]",6,Portfolio Managers & Financial Experts,"[""market analysis"", ""financial modeling"", ""investment planning""]",63,8,2025-10-25 21:09:19,en,How do you benchmark {keyword} against alternatives?,0.94,1.0,0.69
8600405,data science,it,How do you troubleshoot common issues with data science?,optimization,Intermediate,"[""Overview of data science"", ""Step-by-step implementation"", ""Best practices and tips"", ""Common challenges and solutions"", ""Tools and resources needed"", ""Conclusion and next steps""]","[""technology"", ""it"", ""programming"", ""science"", ""optimization"", ""data""]",6,Junior to Mid-level Developers,"[""cybersecurity"", ""web development"", ""machine learning"", ""cloud computing""]",56,9,2025-10-25 21:09:19,en,How do you troubleshoot common issues with {keyword}?,0.82,0.7209646427041027,0.48
8600406,cybersecurity,it,What is the recommended architecture for cybersecurity systems?,implementation,Advanced,"[""Introduction to cybersecurity"", ""Key points and analysis"", ""Practical examples"", ""Expert insights"", ""Action items"", ""Conclusion""]","[""software"", ""it"", ""implementation"", ""programming"", ""cybersecurity""]",4,Senior Developers & Tech Leads,"[""machine learning"", ""cloud computing"", ""data science"", ""web development""]",63,8,2025-10-25 21:09:19,en,What is the recommended architecture for {keyword} systems?,0.72,0.9373774152514516,0.39
8600407,social media,marketing,How do you automate social media processes?,strategy,Intermediate,"[""Overview of social media"", ""Step-by-step implementation"", ""Best practices and tips"", ""Common challenges and solutions"", ""Tools and resources needed"", ""Conclusion and next steps""]","[""media"", ""promotion"", ""marketing"", ""social"", ""advertising"", ""strategy""]",6,Marketing Coordinators & Specialists,"[""digital marketing"", ""brand management"", ""content marketing""]",43,7,2025-10-25 21:09:19,en,How do you automate {keyword} processes?,0.68,0.6997893721638503,0.69
8600408,machine learning,it,Which frameworks support machine learning implementation?,planning,Beginner,"[""Introduction to machine learning"", ""Key points and analysis"", ""Practical examples"", ""Expert insights"", ""Action items"", ""Conclusion""]","[""planning"", ""development"", ""it"", ""learning"", ""machine"", ""technology""]",4,Students & Entry-level Developers,"[""cloud computing"", ""web development"", ""data science"", ""cybersecurity""]",57,6,2025-10-25 21:09:19,en,Which frameworks support {keyword} implementation?,0.92,0.4154113897708517,0.47
8600409,cloud computing,it,How do you choose the right technology stack for cloud computing?,strategy,Advanced,"[""Overview of cloud computing"", ""Step-by-step implementation"", ""Best practices and tips"", ""Common challenges and solutions"", ""Tools and resources needed"", ""Conclusion and next steps""]","[""computing"", ""cloud"", ""software"", ""it"", ""strategy"", ""technology""]",6,Senior Developers & Tech Leads,"[""cybersecurity"", ""web development"", ""data science"", ""machine learning""]",65,11,2025-10-25 21:09:19,en,How do you choose the right technology stack for {keyword}?,0.82,0.8362295776588449,0.42
8600410,data science,it,How do you troubleshoot common issues with data science?,evaluation,Expert,"[""Overview of data science"", ""Step-by-step implementation"", ""Best practices and tips"", ""Common challenges and solutions"", ""Tools and resources needed"", ""Conclusion and next steps""]","[""technology"", ""software"", ""it"", ""science"", ""evaluation"", ""data""]",6,Architects & Technical Directors,"[""machine learning"", ""web development"", ""cybersecurity"", ""cloud computing""]",56,9,2025-10-25 21:09:19,en,How do you troubleshoot common issues with {keyword}?,0.82,1.0,0.76
8600411,digital marketing,marketing,How do you reach new customers through digital marketing?,planning,Expert,"[""Overview of digital marketing"", ""Step-by-step implementation"", ""Best practices and tips"", ""Common challenges and solutions"", ""Tools and resources needed"", ""Conclusion and next steps""]","[""planning"", ""promotion"", ""marketing"", ""digital"", ""branding""]",6,Marketing Directors & CMOs,"[""content marketing"", ""brand management"", ""social media""]",57,9,2025-10-25 21:09:19,en,How do you reach new customers through {keyword}?,0.95,1.0,0.75
8600412,machine learning,it,How do you measure the success of machine learning projects?,how_to,Expert,"[""Overview of machine learning"", ""Step-by-step implementation"", ""Best practices and tips"", ""Common challenges and solutions"", ""Tools and resources needed"", ""Conclusion and next steps""]","[""how_to"", ""development"", ""it"", ""learning"", ""machine"", ""technology""]",6,Architects & Technical Directors,"[""data science"", ""cloud computing"", ""web development"", ""cybersecurity""]",60,10,2025-10-25 21:09:19,en,How do you measure the success of {keyword} projects?,0.9,1.0,0.31
8600413,content marketing,marketing,What timing strategies work for content marketing?,evaluation,Intermediate,"[""Introduction to content marketing"", ""Key points and analysis"", ""Practical examples"", ""Expert insights"", ""Action items"", ""Conclusion""]","[""content"", ""promotion"", ""marketing"", ""digital"", ""evaluation""]",4,Marketing Coordinators & Specialists,"[""social media"", ""digital marketing"", ""brand management""]",50,7,2025-10-25 21:09:19,en,What timing strategies work for {keyword}?,0.81,0.6410125194859674,0.76
8600414,social media,marketing,How do you create a social media roadmap?,comparison,Advanced,"[""Overview of social media"", ""Step-by-step implementation"", ""Best practices and tips"", ""Common challenges and solutions"", ""Tools and resources needed"", ""Conclusion and next steps""]","[""media"", ""promotion"", ""comparison"", ""marketing"", ""social"", ""advertising""]",6,Marketing Managers & Strategists,"[""brand management"", ""digital marketing"", ""content marketing""]",41,8,2025-10-25 21:09:19,en,How do you create a {keyword} roadmap?,0.78,0.9311490868806902,0.59
8600415,cybersecurity,it,How do you choose the right technology stack for cybersecurity?,implementation,Intermediate,"[""Overview of cybersecurity"", ""Step-by-step implementation"", ""Best practices and tips"", ""Common challenges and solutions"", ""Tools and resources needed"", ""Conclusion and next steps""]","[""software"", ""development"", ""it"", ""implementation"", ""cybersecurity""]",5,Junior to Mid-level Developers,"[""cloud computing"", ""machine learning"", ""data science"", ""web development""]",63,10,2025-10-25 21:09:19,en,How do you choose the right technology stack for {keyword}?,0.61,0.6532200254342586,0.7
8600416,brand management,marketing,How do you track and analyze brand management performance?,best_practice,Expert,"[""Overview of brand management"", ""Step-by-step implementation"", ""Best practices and tips"", ""Common challenges and solutions"", ""Tools and resources needed"", ""Conclusion and next steps""]","[""promotion"", ""best_practice"", ""marketing"", ""management"", ""advertising"", ""brand""]",6,Marketing Directors & CMOs,"[""content marketing"", ""digital marketing"", ""social media""]",58,9,2025-10-25 21:09:19,en,How do you track and analyze {keyword} performance?,0.74,1.0,0.84
8600417,digital marketing,marketing,What messaging works best in digital marketing campaigns?,planning,Intermediate,"[""Introduction to digital marketing"", ""Key points and analysis"", ""Practical examples"", ""Expert insights"", ""Action items"", ""Conclusion""]","[""marketing"", ""advertising"", ""planning"", ""digital""]",4,Marketing Coordinators & Specialists,"[""brand management"", ""social media"", ""content marketing""]",57,8,2025-10-25 21:09:19,en,What messaging works best in {keyword} campaigns?,0.69,0.6790560566255521,0.66
8600418,cloud computing,it,What security considerations should be taken when using cloud computing?,comparison,Beginner,"[""Introduction to cloud computing"", ""Key points and analysis"", ""Practical examples"", ""Expert insights"", ""Action items"", ""Conclusion""]","[""computing"", ""it"", ""comparison"", ""programming"", ""cloud"", ""technology""]",4,Students & Entry-level Developers,"[""web development"", ""data science"", ""cybersecurity"", ""machine learning""]",72,10,2025-10-25 21:09:19,en,What security considerations should be taken when using {keyword}?,0.73,0.37804039757444985,0.66
8600419,financial modeling,economics,How do you measure financial modeling performance?,optimization,Beginner,"[""Overview of financial modeling"", ""Step-by-step implementation"", ""Best practices and tips"", ""Common challenges and solutions"", ""Tools and resources needed"", ""Conclusion and next steps""]","[""investment"", ""modeling"", ""financial"", ""business"", ""optimization"", ""economics""]",6,Students & New Investors,"[""market analysis"", ""investment planning"", ""portfolio management""]",50,7,2025-10-25 21:09:19,en,How do you measure {keyword} performance?,0.95,0.3264110775522457,0.57
8600420,cybersecurity,it,What are the best practices for cybersecurity development?,troubleshooting,Expert,"[""Introduction to cybersecurity"", ""Key concepts and definitions"", ""Main categories or types"", ""Examples and case studies"", ""Benefits and advantages"", ""Summary and recommendations""]","[""software"", ""it"", ""troubleshooting"", ""cybersecurity"", ""technology""]",5,Architects & Technical Directors,"[""web development"", ""machine learning"", ""cloud computing"", ""data science""]",58,8,2025-10-25 21:09:19,en,What are the best practices for {keyword} development?,0.72,1.0,0.41
8600421,data science,it,How can data science improve system performance and scalability?,strategy,Beginner,"[""Introduction to data science"", ""Key points and analysis"", ""Practical examples"", ""Expert insights"", ""Action items"", ""Conclusion""]","[""software"", ""it"", ""programming"", ""science"", ""strategy"", ""data""]",4,Students & Entry-level Developers,"[""cloud computing"", ""web development"", ""cybersecurity"", ""machine learning""]",64,9,2025-10-25 21:09:19,en,How can {keyword} improve system performance and scalability?,0.71,0.37021132624052366,0.46
8600422,social media,marketing,What tools are essential for social media analytics?,optimization,Advanced,"[""Introduction to social media"", ""Key points and analysis"", ""Practical examples"", ""Expert insights"", ""Action items"", ""Conclusion""]","[""media"", ""marketing"", ""social"", ""advertising"", ""branding"", ""optimization""]",4,Marketing Managers & Strategists,"[""brand management"", ""content marketing"", ""digital marketing""]",52,8,2025-10-25 21:09:19,en,What tools are essential for {keyword} analytics?,0.82,0.8488983465315624,0.49
8600423,digital marketing,marketing,How do you develop an effective digital marketing strategy?,optimization,Expert,"[""Overview of digital marketing"", ""Step-by-step implementation"", ""Best practices and tips"", ""Common challenges and solutions"", ""Tools and resources needed"", ""Conclusion and next steps""]","[""marketing"", ""optimization"", ""advertising"", ""digital""]",6,Marketing Directors & CMOs,"[""social media"", ""brand management"", ""content marketing""]",59,9,2025-10-25 21:09:19,en,How do you develop an effective {keyword} strategy?,0.68,1.0,0.64
8600424,data science,it,What are the cost considerations for data science?,planning,Advanced,"[""Introduction to data science"", ""Key concepts and definitions"", ""Main categories or types"", ""Examples and case studies"", ""Benefits and advantages"", ""Summary and recommendations""]","[""technology"", ""planning"", ""it"", ""programming"", ""science"", ""data""]",6,Senior Developers & Tech Leads,"[""cloud computing"", ""web development"", ""cybersecurity"", ""machine learning""]",50,8,2025-10-25 21:09:19,en,What are the cost considerations for {keyword}?,0.79,0.8114461460265222,0.75
8600425,cloud computing,it,What tools are essential for cloud computing development?,troubleshooting,Beginner,"[""Introduction to cloud computing"", ""Key points and analysis"", ""Practical examples"", ""Expert insights"", ""Action items"", ""Conclusion""]","[""computing"", ""software"", ""it"", ""troubleshooting"", ""cloud"", ""technology""]",4,Students & Entry-level Developers,"[""machine learning"", ""web development"", ""cybersecurity"", ""data science""]",57,8,2025-10-25 21:09:19,en,What tools are essential for {keyword} development?,0.72,0.4767235046549865,0.81
8600426,content marketing,marketing,What tools are essential for content marketing analytics?,troubleshooting,Advanced,"[""Introduction to content marketing"", ""Key points and analysis"", ""Practical examples"", ""Expert insights"", ""Action items"", ""Conclusion""]","[""content"", ""troubleshooting"", ""marketing"", ""advertising"", ""branding""]",4,Marketing Managers & Strategists,"[""social media"", ""digital marketing"", ""brand management""]",57,8,2025-10-25 21:09:19,en,What tools are essential for {keyword} analytics?,0.92,0.907162023896179,0.64
8600427,financial modeling,economics,How do you benchmark financial modeling against alternatives?,evaluation,Beginner,"[""Overview of financial modeling"", ""Step-by-step implementation"", ""Best practices and tips"", ""Common challenges and solutions"", ""Tools and resources needed"", ""Conclusion and next steps""]","[""finance"", ""modeling"", ""financial"", ""evaluation"", ""business"", ""economics""]",6,Students & New Investors,"[""portfolio management"", ""investment planning"", ""market analysis""]",61,8,2025-10-25 21:09:19,en,How do you benchmark {keyword} against alternatives?,0.69,0.4520174326633354,0.65
8600428,social media,marketing,What budget should be allocated to social media?,comparison,Expert,"[""Introduction to social media"", ""Key points and analysis"", ""Practical examples"", ""Expert insights"", ""Action items"", ""Conclusion""]","[""media"", ""comparison"", ""marketing"", ""social"", ""advertising"", ""branding""]",4,Marketing Directors & CMOs,"[""brand management"", ""content marketing"", ""digital marketing""]",48,8,2025-10-25 21:09:19,en,What budget should be allocated to {keyword}?,0.76,1.0,0.55
8600429,brand management,marketing,What emerging platforms support brand management?,implementation,Expert,"[""Introduction to brand management"", ""Key points and analysis"", ""Practical examples"", ""Expert insights"", ""Action items"", ""Conclusion""]","[""implementation"", ""marketing"", ""digital"", ""management"", ""advertising"", ""brand""]",4,Marketing Directors & CMOs,"[""digital marketing"", ""content marketing"", ""social media""]",49,6,2025-10-25 21:09:19,en,What emerging platforms support {keyword}?,0.74,1.0,0.5
8600430,investment planning,economics,What insurance options are available for investment planning?,troubleshooting,Intermediate,"[""Introduction to investment planning"", ""Key points and analysis"", ""Practical examples"", ""Expert insights"", ""Action items"", ""Conclusion""]","[""investment"", ""planning"", ""finance"", ""troubleshooting"", ""economics""]",4,Individual Investors & Analysts,"[""market analysis"", ""financial modeling"", ""portfolio management""]",61,8,2025-10-25 21:09:19,en,What insurance options are available for {keyword}?,0.61,0.7111098608049911,0.34
8600431,digital marketing,marketing,How do you track and analyze digital marketing performance?,implementation,Advanced,"[""Overview of digital marketing"", ""Step-by-step implementation"", ""Best practices and tips"", ""Common challenges and solutions"", ""Tools and resources needed"", ""Conclusion and next steps""]","[""implementation"", ""marketing"", ""advertising"", ""digital""]",6,Marketing Managers & Strategists,"[""brand management"", ""content marketing"", ""social media""]",59,9,2025-10-25 21:09:19,en,How do you track and analyze {keyword} performance?,0.72,0.8094311492224233,0.44
8600432,machine learning,it,How do you design a scalable machine learning solution?,evaluation,Beginner,"[""Overview of machine learning"", ""Step-by-step implementation"", ""Best practices and tips"", ""Common challenges and solutions"", ""Tools and resources needed"", ""Conclusion and next steps""]","[""software"", ""development"", ""it"", ""learning"", ""evaluation"", ""machine""]",6,Students & Entry-level Developers,"[""data science"", ""cloud computing"", ""cybersecurity"", ""web development""]",55,9,2025-10-25 21:09:19,en,How do you design a scalable {keyword} solution?,0.71,0.4813105180534347,0.5
8600433,web development,it,What are the best practices for web development development?,how_to,Expert,"[""Introduction to web development"", ""Key concepts and definitions"", ""Main categories or types"", ""Examples and case studies"", ""Benefits and advantages"", ""Summary and recommendations""]","[""how_to"", ""development"", ""web"", ""it"", ""programming"", ""technology""]",6,Architects & Technical Directors,"[""machine learning"", ""cybersecurity"", ""cloud computing"", ""data science""]",60,9,2025-10-25 21:09:19,en,What are the best practices for {keyword} development?,0.64,1.0,0.48
8600434,cybersecurity,it,How can cybersecurity improve system performance and scalability?,analysis,Intermediate,"[""Introduction to cybersecurity"", ""Key points and analysis"", ""Practical examples"", ""Expert insights"", ""Action items"", ""Conclusion""]","[""software"", ""analysis"", ""it"", ""programming"", ""cybersecurity""]",4,Junior to Mid-level Developers,"[""web development"", ""data science"", ""machine learning"", ""cloud computing""]",65,8,2025-10-25 21:09:19,en,How can {keyword} improve system performance and scalability?,0.93,0.7070022330559579,0.59
8600435,social media,marketing,How do you innovate within social media?,troubleshooting,Expert,"[""Overview of social media"", ""Step-by-step implementation"", ""Best practices and tips"", ""Common challenges and solutions"", ""Tools and resources needed"", ""Conclusion and next steps""]","[""media"", ""troubleshooting"", ""digital"", ""marketing"", ""social"", ""advertising""]",6,Marketing Directors & CMOs,"[""brand management"", ""digital marketing"", ""content marketing""]",40,7,2025-10-25 21:09:19,en,How do you innovate within {keyword}?,0.67,1.0,0.82
8600436,portfolio management,economics,What are the seasonal patterns in portfolio management?,analysis,Beginner,"[""Introduction to portfolio management"", ""Key concepts and definitions"", ""Main categories or types"", ""Examples and case studies"", ""Benefits and advantages"", ""Summary and recommendations""]","[""investment"", ""analysis"", ""portfolio"", ""management"", ""business"", ""economics""]",6,Students & New Investors,"[""market analysis"", ""financial modeling"", ""investment planning""]",55,8,2025-10-25 21:09:19,en,What are the seasonal patterns in {keyword}?,0.66,0.38095033900407604,0.65
8600437,machine learning,it,How does machine learning impact business operations?,analysis,Beginner,"[""Introduction to machine learning"", ""Key points and analysis"", ""Practical examples"", ""Expert insights"", ""Action items"", ""Conclusion""]","[""analysis"", ""it"", ""development"", ""learning"", ""machine"", ""technology""]",4,Students & Entry-level Developers,"[""cybersecurity"", ""data science"", ""web development"", ""cloud computing""]",53,7,2025-10-25 21:09:19,en,How does {keyword} impact business operations?,0.93,0.3094241550417321,0.67
8600438,financial modeling,economics,What strategies work best for financial modeling investment?,evaluation,Beginner,"[""Introduction to financial modeling"", ""Key points and analysis"", ""Practical examples"", ""Expert insights"", ""Action items"", ""Conclusion""]","[""finance"", ""modeling"", ""financial"", ""evaluation"", ""business"", ""economics""]",4,Students & New Investors,"[""market analysis"", ""investment planning"", ""portfolio management""]",60,8,2025-10-25 21:09:19,en,What strategies work best for {keyword} investment?,0.64,0.48412824859847814,0.58
8600439,web development,it,What are the latest trends in web development technology?,planning,Expert,"[""Introduction to web development"", ""Key concepts and definitions"", ""Main categories or types"", ""Examples and case studies"", ""Benefits and advantages"", ""Summary and recommendations""]","[""planning"", ""development"", ""web"", ""it"", ""technology""]",6,Architects & Technical Directors,"[""data science"", ""machine learning"", ""cloud computing"", ""cybersecurity""]",57,9,2025-10-25 21:09:19,en,What are the latest trends in {keyword} technology?,0.7,1.0,0.47
8600440,financial modeling,economics,What tools help analyze financial modeling data?,planning,Intermediate,"[""Introduction to financial modeling"", ""Key points and analysis"", ""Practical examples"", ""Expert insights"", ""Action items"", ""Conclusion""]","[""planning"", ""finance"", ""modeling"", ""financial"", ""market"", ""economics""]",4,Individual Investors & Analysts,"[""market analysis"", ""portfolio management"", ""investment planning""]",48,7,2025-10-25 21:09:19,en,What tools help analyze {keyword} data?,0.81,0.7160091586049178,0.39
8600441,digital marketing,marketing,What are the latest trends in digital marketing?,analysis,Expert,"[""Introduction to digital marketing"", ""Key concepts and definitions"", ""Main categories or types"", ""Examples and case studies"", ""Benefits and advantages"", ""Summary and recommendations""]","[""analysis"", ""marketing"", ""digital"", ""advertising"", ""branding""]",6,Marketing Directors & CMOs,"[""content marketing"", ""brand management"", ""social media""]",48,8,2025-10-25 21:09:19,en,What are the latest trends in {keyword}?,0.87,1.0,0.37
8600442,cloud computing,it,How do you choose the right technology stack for cloud computing?,strategy,Intermediate,"[""Overview of cloud computing"", ""Step-by-step implementation"", ""Best practices and tips"", ""Common challenges and solutions"", ""Tools and resources needed"", ""Conclusion and next steps""]","[""computing"", ""cloud"", ""development"", ""it"", ""strategy"", ""technology""]",6,Junior to Mid-level Developers,"[""data science"", ""machine learning"", ""web development"", ""cybersecurity""]",65,11,2025-10-25 21:09:19,en,How do you choose the right technology stack for {keyword}?,0.82,0.6049644830024287,0.31
8600443,data science,it,How do you measure the success of data science projects?,how_to,Intermediate,"[""Overview of data science"", ""Step-by-step implementation"", ""Best practices and tips"", ""Common challenges and solutions"", ""Tools and resources needed"", ""Conclusion and next steps""]","[""how_to"", ""development"", ""it"", ""programming"", ""science"", ""data""]",6,Junior to Mid-level Developers,"[""web development"", ""machine learning"", ""cloud computing"", ""cybersecurity""]",56,10,2025-10-25 21:09:19,en,How do you measure the success of {keyword} projects?,0.87,0.6188073509883255,0.34
8600444,machine learning,it,How do you stay updated with machine learning developments?,implementation,Intermediate,"[""Overview of machine learning"", ""Step-by-step implementation"", ""Best practices and tips"", ""Common challenges and solutions"", ""Tools and resources needed"", ""Conclusion and next steps""]","[""software"", ""it"", ""implementation"", ""learning"", ""machine"", ""technology""]",6,Junior to Mid-level Developers,"[""cybersecurity"", ""web development"", ""data science"", ""cloud computing""]",59,9,2025-10-25 21:09:19,en,How do you stay updated with {keyword} developments?,0.94,0.6553596276105121,0.83
8600445,data science,it,What security considerations should be taken when using data science?,comparison,Advanced,"[""Introduction to data science"", ""Key points and analysis"", ""Practical examples"", ""Expert insights"", ""Action items"", ""Conclusion""]","[""technology"", ""development"", ""it"", ""comparison"", ""science"", ""data""]",4,Senior Developers & Tech Leads,"[""web development"", ""machine learning"", ""cloud computing"", ""cybersecurity""]",69,10,2025-10-25 21:09:19,en,What security considerations should be taken when using {keyword}?,0.89,0.9735140833918903,0.73
8600446,market analysis,economics,What metrics are most important for market analysis?,best_practice,Intermediate,"[""Introduction to market analysis"", ""Key points and analysis"", ""Practical examples"", ""Expert insights"", ""Action items"", ""Conclusion""]","[""investment"", ""finance"", ""analysis"", ""best_practice"", ""market"", ""economics""]",4,Individual Investors & Analysts,"[""financial modeling"", ""investment planning"", ""portfolio management""]",52,8,2025-10-25 21:09:19,en,What metrics are most important for {keyword}?,0.8,0.6471441230178614,0.9
8600447,financial modeling,economics,How do you assess and manage financial modeling risks?,strategy,Intermediate,"[""Overview of financial modeling"", ""Step-by-step implementation"", ""Best practices and tips"", ""Common challenges and solutions"", ""Tools and resources needed"", ""Conclusion and next steps""]","[""investment"", ""modeling"", ""financial"", ""market"", ""strategy"", ""economics""]",6,Individual Investors & Analysts,"[""investment planning"", ""portfolio management"", ""market analysis""]",54,9,2025-10-25 21:09:19,en,How do you assess and manage {keyword} risks?,0.65,0.7438596942816562,0.41
8600448,content marketing,marketing,What budget should be allocated to content marketing?,planning,Intermediate,"[""Introduction to content marketing"", ""Key points and analysis"", ""Practical examples"", ""Expert insights"", ""Action items"", ""Conclusion""]","[""planning"", ""content"", ""marketing"", ""digital"", ""advertising""]",4,Marketing Coordinators & Specialists,"[""brand management"", ""digital marketing"", ""social media""]",53,8,2025-10-25 21:09:19,en,What budget should be allocated to {keyword}?,0.62,0.6468339820496002,0.47
8600449,content marketing,marketing,How is AI changing content marketing approaches?,troubleshooting,Beginner,"[""Introduction to content marketing"", ""Key points and analysis"", ""Practical examples"", ""Expert insights"", ""Action items"", ""Conclusion""]","[""content"", ""troubleshooting"", ""digital"", ""marketing"", ""branding""]",4,Marketing Students & Interns,"[""digital marketing"", ""brand management"", ""social media""]",48,7,2025-10-25 21:09:19,en,How is AI changing {keyword} approaches?,0.66,0.3290870948690367,0.57
8600450,content marketing,marketing,What budget should be allocated to content marketing?,analysis,Beginner,"[""Introduction to content marketing"", ""Key points and analysis"", ""Practical examples"", ""Expert insights"", ""Action items"", ""Conclusion""]","[""content"", ""analysis"", ""marketing"", ""digital"", ""advertising""]",4,Marketing Students & Interns,"[""social media"", ""brand management"", ""digital marketing""]",53,8,2025-10-25 21:09:19,en,What budget should be allocated to {keyword}?,0.84,0.43168829185282664,0.78
8600451,market analysis,economics,How does global economics impact market analysis?,planning,Advanced,"[""Introduction to market analysis"", ""Key points and analysis"", ""Practical examples"", ""Expert insights"", ""Action items"", ""Conclusion""]","[""investment"", ""planning"", ""analysis"", ""market"", ""economics""]",4,Professional Investors & Advisors,"[""investment planning"", ""portfolio management"", ""financial modeling""]",49,7,2025-10-25 21:09:19,en,How does global economics impact {keyword}?,0.78,0.9766551837373936,0.89
8600452,cybersecurity,it,What ROI can be expected from cybersecurity implementation?,evaluation,Expert,"[""Introduction to cybersecurity"", ""Key points and analysis"", ""Practical examples"", ""Expert insights"", ""Action items"", ""Conclusion""]","[""software"", ""it"", ""programming"", ""evaluation"", ""cybersecurity""]",4,Architects & Technical Directors,"[""machine learning"", ""data science"", ""cloud computing"", ""web development""]",59,8,2025-10-25 21:09:19,en,What ROI can be expected from {keyword} implementation?,0.7,1.0,0.82
8600453,market analysis,economics,What factors should be considered when evaluating market analysis?,analysis,Expert,"[""Introduction to market analysis"", ""Key points and analysis"", ""Practical examples"", ""Expert insights"", ""Action items"", ""Conclusion""]","[""market"", ""investment"", ""economics"", ""analysis""]",4,Portfolio Managers & Financial Experts,"[""investment planning"", ""financial modeling"", ""portfolio management""]",66,9,2025-10-25 21:09:19,en,What factors should be considered when evaluating {keyword}?,0.9,1.0,0.52
8600454,social media,marketing,How do you personalize social media for different segments?,comparison,Advanced,"[""Overview of social media"", ""Step-by-step implementation"", ""Best practices and tips"", ""Common challenges and solutions"", ""Tools and resources needed"", ""Conclusion and next steps""]","[""media"", ""promotion"", ""comparison"", ""digital"", ""marketing"", ""social""]",6,Marketing Managers & Strategists,"[""brand management"", ""content marketing"", ""digital marketing""]",59,9,2025-10-25 21:09:19,en,How do you personalize {keyword} for different segments?,0.82,0.9877783678726937,0.36
8600455,financial modeling,economics,What exit strategies should be considered for financial modeling?,planning,Intermediate,"[""Introduction to financial modeling"", ""Key points and analysis"", ""Practical examples"", ""Expert insights"", ""Action items"", ""Conclusion""]","[""planning"", ""finance"", ""modeling"", ""financial"", ""business"", ""economics""]",4,Individual Investors & Analysts,"[""investment planning"", ""portfolio management"", ""market analysis""]",65,9,2025-10-25 21:09:19,en,What exit strategies should be considered for {keyword}?,0.64,0.6098020119127661,0.84
8600456,market analysis,economics,What are the seasonal patterns in market analysis?,best_practice,Intermediate,"[""Introduction to market analysis"", ""Key concepts and definitions"", ""Main categories or types"", ""Examples and case studies"", ""Benefits and advantages"", ""Summary and recommendations""]","[""investment"", ""analysis"", ""best_practice"", ""market"", ""business"", ""economics""]",6,Individual Investors & Analysts,"[""financial modeling"", ""investment planning"", ""portfolio management""]",50,8,2025-10-25 21:09:19,en,What are the seasonal patterns in {keyword}?,0.85,0.6323558896192208,0.82
8600457,portfolio management,economics,How do you adjust your portfolio management strategy during volatility?,best_practice,Intermediate,"[""Overview of portfolio management"", ""Step-by-step implementation"", ""Best practices and tips"", ""Common challenges and solutions"", ""Tools and resources needed"", ""Conclusion and next steps""]","[""portfolio"", ""best_practice"", ""management"", ""market"", ""business"", ""economics""]",6,Individual Investors & Analysts,"[""financial modeling"", ""investment planning"", ""market analysis""]",71,10,2025-10-25 21:09:19,en,How do you adjust your {keyword} strategy during volatility?,0.94,0.6288044109199717,0.87
8600458,social media,marketing,What emerging platforms support social media?,best_practice,Advanced,"[""Introduction to social media"", ""Key points and analysis"", ""Practical examples"", ""Expert insights"", ""Action items"", ""Conclusion""]","[""media"", ""promotion"", ""best_practice"", ""digital"", ""marketing"", ""social""]",4,Marketing Managers & Strategists,"[""brand management"", ""digital marketing"", ""content marketing""]",45,6,2025-10-25 21:09:19,en,What emerging platforms support {keyword}?,0.82,0.9602026131302066,0.77
8600459,digital marketing,marketing,How do you reach new customers through digital marketing?,planning,Intermediate,"[""Overview of digital marketing"", ""Step-by-step implementation"", ""Best practices and tips"", ""Common challenges and solutions"", ""Tools and resources needed"", ""Conclusion and next steps""]","[""planning"", ""promotion"", ""marketing"", ""digital"", ""branding""]",6,Marketing Coordinators & Specialists,"[""social media"", ""content marketing"", ""brand management""]",57,9,2025-10-25 21:09:19,en,How do you reach new customers through {keyword}?,0.81,0.7721844376826777,0.79
8600460,financial modeling,economics,How do you adjust your financial modeling strategy during volatility?,best_practice,Expert,"[""Overview of financial modeling"", ""Step-by-step implementation"", ""Best practices and tips"", ""Common challenges and solutions"", ""Tools and resources needed"", ""Conclusion and next steps""]","[""best_practice"", ""modeling"", ""financial"", ""market"", ""business"", ""economics""]",6,Portfolio Managers & Financial Experts,"[""investment planning"", ""market analysis"", ""portfolio management""]",69,10,2025-10-25 21:09:19,en,How do you adjust your {keyword} strategy during volatility?,0.79,1.0,0.41
8600461,investment planning,economics,How do you diversify your portfolio using investment planning?,comparison,Intermediate,"[""Overview of investment planning"", ""Step-by-step implementation"", ""Best practices and tips"", ""Common challenges and solutions"", ""Tools and resources needed"", ""Conclusion and next steps""]","[""investment"", ""planning"", ""comparison"", ""business"", ""economics""]",6,Individual Investors & Analysts,"[""market analysis"", ""financial modeling"", ""portfolio management""]",62,9,2025-10-25 21:09:19,en,How do you diversify your portfolio using {keyword}?,0.67,0.6427209731383139,0.38
8600462,content marketing,marketing,What demographics respond best to content marketing?,comparison,Advanced,"[""Introduction to content marketing"", ""Key points and analysis"", ""Practical examples"", ""Expert insights"", ""Action items"", ""Conclusion""]","[""content"", ""promotion"", ""comparison"", ""marketing"", ""digital""]",4,Marketing Managers & Strategists,"[""brand management"", ""social media"", ""digital marketing""]",52,7,2025-10-25 21:09:19,en,What demographics respond best to {keyword}?,0.89,0.9933860423298293,0.81
8600463,social media,marketing,What messaging works best in social media campaigns?,comparison,Beginner,"[""Introduction to social media"", ""Key points and analysis"", ""Practical examples"", ""Expert insights"", ""Action items"", ""Conclusion""]","[""media"", ""comparison"", ""digital"", ""marketing"", ""social"", ""branding""]",4,Marketing Students & Interns,"[""brand management"", ""content marketing"", ""digital marketing""]",52,8,2025-10-25 21:09:19,en,What messaging works best in {keyword} campaigns?,0.82,0.49370625922527545,0.32
8600464,content marketing,marketing,How do you reach new customers through content marketing?,comparison,Advanced,"[""Overview of content marketing"", ""Step-by-step implementation"", ""Best practices and tips"", ""Common challenges and solutions"", ""Tools and resources needed"", ""Conclusion and next steps""]","[""content"", ""promotion"", ""comparison"", ""marketing"", ""branding""]",6,Marketing Managers & Strategists,"[""brand management"", ""digital marketing"", ""social media""]",57,9,2025-10-25 21:09:19,en,How do you reach new customers through {keyword}?,0.89,0.8951484124814689,0.86
8600465,cybersecurity,it,How do you optimize cybersecurity for different platforms?,analysis,Advanced,"[""Overview of cybersecurity"", ""Step-by-step implementation"", ""Best practices and tips"", ""Common challenges and solutions"", ""Tools and resources needed"", ""Conclusion and next steps""]","[""software"", ""development"", ""analysis"", ""it"", ""cybersecurity""]",5,Senior Developers & Tech Leads,"[""web development"", ""cloud computing"", ""data science"", ""machine learning""]",58,8,2025-10-25 21:09:19,en,How do you optimize {keyword} for different platforms?,0.82,0.9010304055546646,0.39
8600466,machine learning,it,What are the key components of a machine learning implementation?,comparison,Beginner,"[""Introduction to machine learning"", ""Key concepts and definitions"", ""Main categories or types"", ""Examples and case studies"", ""Benefits and advantages"", ""Summary and recommendations""]","[""software"", ""it"", ""comparison"", ""learning"", ""machine"", ""technology""]",6,Students & Entry-level Developers,"[""web development"", ""cloud computing"", ""data science"", ""cybersecurity""]",65,10,2025-10-25 21:09:19,en,What are the key components of a {keyword} implementation?,0.83,0.3358529655812913,0.43
8600467,financial modeling,economics,What exit strategies should be considered for financial modeling?,how_to,Expert,"[""Introduction to financial modeling"", ""Key points and analysis"", ""Practical examples"", ""Expert insights"", ""Action items"", ""Conclusion""]","[""investment"", ""how_to"", ""modeling"", ""financial"", ""business"", ""economics""]",4,Portfolio Managers & Financial Experts,"[""investment planning"", ""portfolio management"", ""market analysis""]",65,9,2025-10-25 21:09:19,en,What exit strategies should be considered for {keyword}?,0.74,1.0,0.86
8600468,market analysis,economics,What strategies work best for market analysis investment?,analysis,Expert,"[""Introduction to market analysis"", ""Key points and analysis"", ""Practical examples"", ""Expert insights"", ""Action items"", ""Conclusion""]","[""finance"", ""market"", ""economics"", ""analysis""]",4,Portfolio Managers & Financial Experts,"[""financial modeling"", ""portfolio management"", ""investment planning""]",57,8,2025-10-25 21:09:19,en,What strategies work best for {keyword} investment?,0.85,1.0,0.63
8600469,brand management,marketing,How do you personalize brand management for different segments?,best_practice,Beginner,"[""Overview of brand management"", ""Step-by-step implementation"", ""Best practices and tips"", ""Common challenges and solutions"", ""Tools and resources needed"", ""Conclusion and next steps""]","[""best_practice"", ""marketing"", ""management"", ""advertising"", ""branding"", ""brand""]",6,Marketing Students & Interns,"[""content marketing"", ""social media"", ""digital marketing""]",63,9,2025-10-25 21:09:19,en,How do you personalize {keyword} for different segments?,0.89,0.3540135394070595,0.4
8600470,cybersecurity,it,What security considerations should be taken when using cybersecurity?,how_to,Expert,"[""Introduction to cybersecurity"", ""Key points and analysis"", ""Practical examples"", ""Expert insights"", ""Action items"", ""Conclusion""]","[""how_to"", ""development"", ""it"", ""programming"", ""cybersecurity""]",4,Architects & Technical Directors,"[""machine learning"", ""data science"", ""web development"", ""cloud computing""]",70,9,2025-10-25 21:09:19,en,What security considerations should be taken when using {keyword}?,0.77,1.0,0.36
8600471,portfolio management,economics,What metrics are most important for portfolio management?,troubleshooting,Beginner,"[""Introduction to portfolio management"", ""Key points and analysis"", ""Practical examples"", ""Expert insights"", ""Action items"", ""Conclusion""]","[""investment"", ""finance"", ""portfolio"", ""troubleshooting"", ""management"", ""economics""]",4,Students & New Investors,"[""market analysis"", ""investment planning"", ""financial modeling""]",57,8,2025-10-25 21:09:19,en,What metrics are most important for {keyword}?,0.7,0.44248262908655156,0.78
8600472,digital marketing,marketing,How do you develop an effective digital marketing strategy?,best_practice,Intermediate,"[""Overview of digital marketing"", ""Step-by-step implementation"", ""Best practices and tips"", ""Common challenges and solutions"", ""Tools and resources needed"", ""Conclusion and next steps""]","[""marketing"", ""advertising"", ""best_practice"", ""digital""]",6,Marketing Coordinators & Specialists,"[""content marketing"", ""brand management"", ""social media""]",59,9,2025-10-25 21:09:19,en,How do you develop an effective {keyword} strategy?,0.67,0.7642299043705147,0.47
8600473,content marketing,marketing,How do you identify the right audience for content marketing?,strategy,Intermediate,"[""Overview of content marketing"", ""Step-by-step implementation"", ""Best practices and tips"", ""Common challenges and solutions"", ""Tools and resources needed"", ""Conclusion and next steps""]","[""content"", ""marketing"", ""digital"", ""advertising"", ""strategy""]",6,Marketing Coordinators & Specialists,"[""social media"", ""digital marketing"", ""brand management""]",61,10,2025-10-25 21:09:19,en,How do you identify the right audience for {keyword}?,0.93,0.6549007376180216,0.56
8600474,portfolio management,economics,What timeline is realistic for portfolio management returns?,best_practice,Intermediate,"[""Introduction to portfolio management"", ""Key points and analysis"", ""Practical examples"", ""Expert insights"", ""Action items"", ""Conclusion""]","[""investment"", ""portfolio"", ""best_practice"", ""management"", ""business"", ""economics""]",4,Individual Investors & Analysts,"[""market analysis"", ""financial modeling"", ""investment planning""]",60,8,2025-10-25 21:09:19,en,What timeline is realistic for {keyword} returns?,0.66,0.7588955596393849,0.72
8600475,investment planning,economics,What tools help analyze investment planning data?,comparison,Expert,"[""Introduction to investment planning"", ""Key points and analysis"", ""Practical examples"", ""Expert insights"", ""Action items"", ""Conclusion""]","[""investment"", ""planning"", ""comparison"", ""business"", ""economics""]",4,Portfolio Managers & Financial Experts,"[""portfolio management"", ""market analysis"", ""financial modeling""]",49,7,2025-10-25 21:09:19,en,What tools help analyze {keyword} data?,0.73,1.0,0.32
8600476,financial modeling,economics,How do you assess and manage financial modeling risks?,how_to,Intermediate,"[""Overview of financial modeling"", ""Step-by-step implementation"", ""Best practices and tips"", ""Common challenges and solutions"", ""Tools and resources needed"", ""Conclusion and next steps""]","[""how_to"", ""finance"", ""modeling"", ""financial"", ""market"", ""economics""]",6,Individual Investors & Analysts,"[""portfolio management"", ""investment planning"", ""market analysis""]",54,9,2025-10-25 21:09:19,en,How do you assess and manage {keyword} risks?,0.66,0.7703946165507135,0.44
8600477,web development,it,What are the best practices for web development development?,planning,Intermediate,"[""Introduction to web development"", ""Key concepts and definitions"", ""Main categories or types"", ""Examples and case studies"", ""Benefits and advantages"", ""Summary and recommendations""]","[""software"", ""planning"", ""development"", ""it"", ""web""]",6,Junior to Mid-level Developers,"[""data science"", ""cybersecurity"", ""machine learning"", ""cloud computing""]",60,9,2025-10-25 21:09:19,en,What are the best practices for {keyword} development?,0.62,0.6544370418129161,0.31
8600478,content marketing,marketing,How do you innovate within content marketing?,evaluation,Advanced,"[""Overview of content marketing"", ""Step-by-step implementation"", ""Best practices and tips"", ""Common challenges and solutions"", ""Tools and resources needed"", ""Conclusion and next steps""]","[""content"", ""marketing"", ""advertising"", ""branding"", ""evaluation""]",6,Marketing Managers & Strategists,"[""brand management"", ""digital marketing"", ""social media""]",45,7,2025-10-25 21:09:19,en,How do you innovate within {keyword}?,0.85,0.8066358151553574,0.83
8600479,investment planning,economics,How do you benchmark investment planning against alternatives?,planning,Beginner,"[""Overview of investment planning"", ""Step-by-step implementation"", ""Best practices and tips"", ""Common challenges and solutions"", ""Tools and resources needed"", ""Conclusion and next steps""]","[""investment"", ""planning"", ""finance"", ""business"", ""economics""]",6,Students & New Investors,"[""market analysis"", ""financial modeling"", ""portfolio management""]",62,8,2025-10-25 21:09:19,en,How do you benchmark {keyword} against alternatives?,0.93,0.36930172948194584,0.45
8600480,data science,it,How can data science improve system performance and scalability?,implementation,Intermediate,"[""Introduction to data science"", ""Key points and analysis"", ""Practical examples"", ""Expert insights"", ""Action items"", ""Conclusion""]","[""technology"", ""it"", ""implementation"", ""programming"", ""science"", ""data""]",4,Junior to Mid-level Developers,"[""machine learning"", ""web development"", ""cloud computing"", ""cybersecurity""]",64,9,2025-10-25 21:09:19,en,How can {keyword} improve system performance and scalability?,0.63,0.7754623210221916,0.32
8600481,content marketing,marketing,How do you personalize content marketing for different segments?,planning,Expert,"[""Overview of content marketing"", ""Step-by-step implementation"", ""Best practices and tips"", ""Common challenges and solutions"", ""Tools and resources needed"", ""Conclusion and next steps""]","[""planning"", ""content"", ""marketing"", ""advertising"", ""branding""]",6,Marketing Directors & CMOs,"[""brand management"", ""social media"", ""digital marketing""]",64,9,2025-10-25 21:09:19,en,How do you personalize {keyword} for different segments?,0.69,1.0,0.31
8600482,web development,it,What is the recommended architecture for web development systems?,how_to,Advanced,"[""Introduction to web development"", ""Key points and analysis"", ""Practical examples"", ""Expert insights"", ""Action items"", ""Conclusion""]","[""how_to"", ""software"", ""development"", ""it"", ""programming"", ""web""]",4,Senior Developers & Tech Leads,"[""cloud computing"", ""cybersecurity"", ""data science"", ""machine learning""]",65,9,2025-10-25 21:09:19,en,What is the recommended architecture for {keyword} systems?,0.68,0.8206179691219804,0.66
8600483,data science,it,What skills are needed to master data science?,comparison,Beginner,"[""Introduction to data science"", ""Key points and analysis"", ""Practical examples"", ""Expert insights"", ""Action items"", ""Conclusion""]","[""technology"", ""software"", ""it"", ""comparison"", ""science"", ""data""]",4,Students & Entry-level Developers,"[""cybersecurity"", ""web development"", ""machine learning"", ""cloud computing""]",46,8,2025-10-25 21:09:19,en,What skills are needed to master {keyword}?,0.71,0.49959233318531293,0.72
8600484,cybersecurity,it,How can cybersecurity improve system performance and scalability?,troubleshooting,Intermediate,"[""Introduction to cybersecurity"", ""Key points and analysis"", ""Practical examples"", ""Expert insights"", ""Action items"", ""Conclusion""]","[""development"", ""it"", ""programming"", ""troubleshooting"", ""cybersecurity""]",4,Junior to Mid-level Developers,"[""cloud computing"", ""web development"", ""machine learning"", ""data science""]",65,8,2025-10-25 21:09:19,en,How can {keyword} improve system performance and scalability?,0.77,0.7364627551721457,0.42
8600485,portfolio management,economics,What exit strategies should be considered for portfolio management?,troubleshooting,Beginner,"[""Introduction to portfolio management"", ""Key points and analysis"", ""Practical examples"", ""Expert insights"", ""Action items"", ""Conclusion""]","[""portfolio"", ""troubleshooting"", ""management"", ""market"", ""business"", ""economics""]",4,Students & New Investors,"[""financial modeling"", ""investment planning"", ""market analysis""]",67,9,2025-10-25 21:09:19,en,What exit strategies should be considered for {keyword}?,0.67,0.33481202917287134,0.88
8600486,data science,it,What are the latest trends in data science technology?,analysis,Expert,"[""Introduction to data science"", ""Key concepts and definitions"", ""Main categories or types"", ""Examples and case studies"", ""Benefits and advantages"", ""Summary and recommendations""]","[""analysis"", ""it"", ""development"", ""programming"", ""science"", ""data""]",6,Architects & Technical Directors,"[""cloud computing"", ""cybersecurity"", ""machine learning"", ""web development""]",54,9,2025-10-25 21:09:19,en,What are the latest trends in {keyword} technology?,0.83,1.0,0.71
8600487,portfolio management,economics,How does global economics impact portfolio management?,comparison,Intermediate,"[""Introduction to portfolio management"", ""Key points and analysis"", ""Practical examples"", ""Expert insights"", ""Action items"", ""Conclusion""]","[""investment"", ""portfolio"", ""comparison"", ""management"", ""market"", ""economics""]",4,Individual Investors & Analysts,"[""investment planning"", ""market analysis"", ""financial modeling""]",54,7,2025-10-25 21:09:19,en,How does global economics impact {keyword}?,0.62,0.6854387151290623,0.68
8600488,investment planning,economics,What tools help analyze investment planning data?,best_practice,Advanced,"[""Introduction to investment planning"", ""Key points and analysis"", ""Practical examples"", ""Expert insights"", ""Action items"", ""Conclusion""]","[""investment"", ""planning"", ""finance"", ""best_practice"", ""business"", ""economics""]",4,Professional Investors & Advisors,"[""financial modeling"", ""market analysis"", ""portfolio management""]",49,7,2025-10-25 21:09:19,en,What tools help analyze {keyword} data?,0.86,0.8741431801096091,0.59
8600489,brand management,marketing,What demographics respond best to brand management?,troubleshooting,Intermediate,"[""Introduction to brand management"", ""Key points and analysis"", ""Practical examples"", ""Expert insights"", ""Action items"", ""Conclusion""]","[""troubleshooting"", ""digital"", ""marketing"", ""management"", ""advertising"", ""brand""]",4,Marketing Coordinators & Specialists,"[""digital marketing"", ""content marketing"", ""social media""]",51,7,2025-10-25 21:09:19,en,What demographics respond best to {keyword}?,0.64,0.7157936531549351,0.41
8600490,data science,it,What are the cost considerations for data science?,strategy,Advanced,"[""Introduction to data science"", ""Key concepts and definitions"", ""Main categories or types"", ""Examples and case studies"", ""Benefits and advantages"", ""Summary and recommendations""]","[""software"", ""it"", ""programming"", ""science"", ""strategy"", ""data""]",6,Senior Developers & Tech Leads,"[""machine learning"", ""cybersecurity"", ""web development"", ""cloud computing""]",50,8,2025-10-25 21:09:19,en,What are the cost considerations for {keyword}?,0.75,0.8412787348901304,0.66
8600491,cybersecurity,it,What security considerations should be taken when using cybersecurity?,how_to,Advanced,"[""Introduction to cybersecurity"", ""Key points and analysis"", ""Practical examples"", ""Expert insights"", ""Action items"", ""Conclusion""]","[""how_to"", ""development"", ""it"", ""programming"", ""cybersecurity""]",4,Senior Developers & Tech Leads,"[""cloud computing"", ""data science"", ""machine learning"", ""web development""]",70,9,2025-10-25 21:09:19,en,What security considerations should be taken when using {keyword}?,0.92,0.8517009076381,0.37
8600492,cloud computing,it,How can cloud computing improve system performance and scalability?,analysis,Advanced,"[""Introduction to cloud computing"", ""Key points and analysis"", ""Practical examples"", ""Expert insights"", ""Action items"", ""Conclusion""]","[""computing"", ""analysis"", ""it"", ""development"", ""programming"", ""cloud""]",4,Senior Developers & Tech Leads,"[""cybersecurity"", ""data science"", ""machine learning"", ""web development""]",67,9,2025-10-25 21:09:19,en,How can {keyword} improve system performance and scalability?,0.86,0.897238612006113,0.85
8600493,portfolio management,economics,How do you diversify your portfolio using portfolio management?,troubleshooting,Advanced,"[""Overview of portfolio management"", ""Step-by-step implementation"", ""Best practices and tips"", ""Common challenges and solutions"", ""Tools and resources needed"", ""Conclusion and next steps""]","[""finance"", ""portfolio"", ""troubleshooting"", ""management"", ""market"", ""economics""]",6,Professional Investors & Advisors,"[""financial modeling"", ""investment planning"", ""market analysis""]",63,9,2025-10-25 21:09:19,en,How do you diversify your portfolio using {keyword}?,0.88,0.9603537427352735,0.73
8600494,financial modeling,economics,What metrics are most important for financial modeling?,strategy,Beginner,"[""Introduction to financial modeling"", ""Key points and analysis"", ""Practical examples"", ""Expert insights"", ""Action items"", ""Conclusion""]","[""finance"", ""modeling"", ""financial"", ""market"", ""strategy"", ""economics""]",4,Students & New Investors,"[""market analysis"", ""portfolio management"", ""investment planning""]",55,8,2025-10-25 21:09:19,en,What metrics are most important for {keyword}?,0.82,0.3110600461814155,0.71
8600495,content marketing,marketing,What emerging platforms support content marketing?,optimization,Expert,"[""Introduction to content marketing"", ""Key points and analysis"", ""Practical examples"", ""Expert insights"", ""Action items"", ""Conclusion""]","[""content"", ""promotion"", ""marketing"", ""advertising"", ""optimization""]",4,Marketing Directors & CMOs,"[""brand management"", ""digital marketing"", ""social media""]",50,6,2025-10-25 21:09:19,en,What emerging platforms support {keyword}?,0.66,1.0,0.37
8600496,digital marketing,marketing,What tools are essential for digital marketing analytics?,strategy,Beginner,"[""Introduction to digital marketing"", ""Key points and analysis"", ""Practical examples"", ""Expert insights"", ""Action items"", ""Conclusion""]","[""promotion"", ""marketing"", ""digital"", ""branding"", ""strategy""]",4,Marketing Students & Interns,"[""content marketing"", ""brand management"", ""social media""]",57,8,2025-10-25 21:09:19,en,What tools are essential for {keyword} analytics?,0.8,0.406594803540559,0.77
8600497,portfolio management,economics,What insurance options are available for portfolio management?,troubleshooting,Advanced,"[""Introduction to portfolio management"", ""Key points and analysis"", ""Practical examples"", ""Expert insights"", ""Action items"", ""Conclusion""]","[""investment"", ""finance"", ""portfolio"", ""troubleshooting"", ""management"", ""economics""]",4,Professional Investors & Advisors,"[""market analysis"", ""investment planning"", ""financial modeling""]",62,8,2025-10-25 21:09:19,en,What insurance options are available for {keyword}?,0.91,0.865305955360836,0.73
8600498,social media,marketing,How do you reach new customers through social media?,best_practice,Advanced,"[""Overview of social media"", ""Step-by-step implementation"", ""Best practices and tips"", ""Common challenges and solutions"", ""Tools and resources needed"", ""Conclusion and next steps""]","[""media"", ""promotion"", ""best_practice"", ""marketing"", ""social"", ""branding""]",6,Marketing Managers & Strategists,"[""brand management"", ""digital marketing"", ""content marketing""]",52,9,2025-10-25 21:09:19,en,How do you reach new customers through {keyword}?,0.79,0.8340451705904702,0.62
8600499,social media,marketing,How do you automate social media processes?,evaluation,Beginner,"[""Overview of social media"", ""Step-by-step implementation"", ""Best practices and tips"", ""Common challenges and solutions"", ""Tools and resources needed"", ""Conclusion and next steps""]","[""media"", ""marketing"", ""social"", ""advertising"", ""branding"", ""evaluation""]",6,Marketing Students & Interns,"[""digital marketing"", ""brand management"", ""content marketing""]",43,7,2025-10-25 21:09:19,en,How do you automate {keyword} processes?,0.62,0.3519714281241635,0.54
8600500,portfolio management,economics,What are the seasonal patterns in portfolio management?,strategy,Advanced,"[""Introduction to portfolio management"", ""Key concepts and definitions"", ""Main categories or types"", ""Examples and case studies"", ""Benefits and advantages"", ""Summary and recommendations""]","[""investment"", ""portfolio"", ""management"", ""market"", ""strategy"", ""economics""]",6,Professional Investors & Advisors,"[""market analysis"", ""investment planning"", ""financial modeling""]",55,8,2025-10-25 21:09:19,en,What are the seasonal patterns in {keyword}?,0.77,0.803949304382981,0.55
8600501,machine learning,it,How do you implement machine learning in a production environment?,how_to,Expert,"[""Overview of machine learning"", ""Step-by-step implementation"", ""Best practices and tips"", ""Common challenges and solutions"", ""Tools and resources needed"", ""Conclusion and next steps""]","[""how_to"", ""software"", ""it"", ""programming"", ""learning"", ""machine""]",6,Architects & Technical Directors,"[""cloud computing"", ""cybersecurity"", ""web development"", ""data science""]",66,10,2025-10-25 21:09:19,en,How do you implement {keyword} in a production environment?,0.95,1.0,0.39
8600502,financial modeling,economics,What are the risks associated with financial modeling?,best_practice,Advanced,"[""Introduction to financial modeling"", ""Key concepts and definitions"", ""Main categories or types"", ""Examples and case studies"", ""Benefits and advantages"", ""Summary and recommendations""]","[""finance"", ""best_practice"", ""modeling"", ""financial"", ""market"", ""economics""]",6,Professional Investors & Advisors,"[""investment planning"", ""portfolio management"", ""market analysis""]",54,8,2025-10-25 21:09:19,en,What are the risks associated with {keyword}?,0.87,0.8247014146852774,0.53
8600503,digital marketing,marketing,What does the future hold for digital marketing?,strategy,Beginner,"[""Introduction to digital marketing"", ""Key points and analysis"", ""Practical examples"", ""Expert insights"", ""Action items"", ""Conclusion""]","[""marketing"", ""digital"", ""advertising"", ""branding"", ""strategy""]",4,Marketing Students & Interns,"[""social media"", ""content marketing"", ""brand management""]",48,8,2025-10-25 21:09:19,en,What does the future hold for {keyword}?,0.74,0.33604355976623357,0.82
8600504,data science,it,How do you design a scalable data science solution?,optimization,Advanced,"[""Overview of data science"", ""Step-by-step implementation"", ""Best practices and tips"", ""Common challenges and solutions"", ""Tools and resources needed"", ""Conclusion and next steps""]","[""technology"", ""it"", ""programming"", ""science"", ""optimization"", ""data""]",6,Senior Developers & Tech Leads,"[""web development"", ""cybersecurity"", ""machine learning"", ""cloud computing""]",51,9,2025-10-25 21:09:19,en,How do you design a scalable {keyword} solution?,0.65,0.9218198476572516,0.74
8600505,cloud computing,it,How do you design a scalable cloud computing solution?,implementation,Advanced,"[""Overview of cloud computing"", ""Step-by-step implementation"", ""Best practices and tips"", ""Common challenges and solutions"", ""Tools and resources needed"", ""Conclusion and next steps""]","[""computing"", ""it"", ""implementation"", ""programming"", ""cloud"", ""technology""]",6,Senior Developers & Tech Leads,"[""machine learning"", ""cybersecurity"", ""web development"", ""data science""]",54,9,2025-10-25 21:09:19,en,How do you design a scalable {keyword} solution?,0.62,0.904315062528672,0.64
8600506,web development,it,What tools are essential for web development development?,troubleshooting,Intermediate,"[""Introduction to web development"", ""Key points and analysis"", ""Practical examples"", ""Expert insights"", ""Action items"", ""Conclusion""]","[""software"", ""development"", ""web"", ""it"", ""troubleshooting"", ""technology""]",4,Junior to Mid-level Developers,"[""cloud computing"", ""data science"", ""machine learning"", ""cybersecurity""]",57,8,2025-10-25 21:09:19,en,What tools are essential for {keyword} development?,0.76,0.7502725922349887,0.89
8600507,digital marketing,marketing,What emerging platforms support digital marketing?,troubleshooting,Intermediate,"[""Introduction to digital marketing"", ""Key points and analysis"", ""Practical examples"", ""Expert insights"", ""Action items"", ""Conclusion""]","[""marketing"", ""promotion"", ""troubleshooting"", ""digital""]",4,Marketing Coordinators & Specialists,"[""social media"", ""brand management"", ""content marketing""]",50,6,2025-10-25 21:09:19,en,What emerging platforms support {keyword}?,0.86,0.6459486052480227,0.34
8600508,machine learning,it,What is the recommended architecture for machine learning systems?,comparison,Beginner,"[""Introduction to machine learning"", ""Key points and analysis"", ""Practical examples"", ""Expert insights"", ""Action items"", ""Conclusion""]","[""it"", ""comparison"", ""programming"", ""learning"", ""machine"", ""technology""]",4,Students & Entry-level Developers,"[""web development"", ""data science"", ""cybersecurity"", ""cloud computing""]",66,9,2025-10-25 21:09:19,en,What is the recommended architecture for {keyword} systems?,0.79,0.44076684541050665,0.44
8600509,cloud computing,it,How do you design a scalable cloud computing solution?,implementation,Beginner,"[""Overview of cloud computing"", ""Step-by-step implementation"", ""Best practices and tips"", ""Common challenges and solutions"", ""Tools and resources needed"", ""Conclusion and next steps""]","[""computing"", ""software"", ""it"", ""implementation"", ""cloud"", ""technology""]",6,Students & Entry-level Developers,"[""data science"", ""machine learning"", ""cybersecurity"", ""web development""]",54,9,2025-10-25 21:09:19,en,How do you design a scalable {keyword} solution?,0.68,0.45309359693697226,0.37
8600510,content marketing,marketing,What content types work best for content marketing?,implementation,Intermediate,"[""Introduction to content marketing"", ""Key points and analysis"", ""Practical examples"", ""Expert insights"", ""Action items"", ""Conclusion""]","[""content"", ""implementation"", ""marketing"", ""digital"", ""advertising""]",4,Marketing Coordinators & Specialists,"[""digital marketing"", ""social media"", ""brand management""]",51,8,2025-10-25 21:09:19,en,What content types work best for {keyword}?,0.63,0.7439943776694069,0.41
8600511,cloud computing,it,What is the recommended architecture for cloud computing systems?,how_to,Beginner,"[""Introduction to cloud computing"", ""Key points and analysis"", ""Practical examples"", ""Expert insights"", ""Action items"", ""Conclusion""]","[""computing"", ""how_to"", ""software"", ""development"", ""it"", ""cloud""]",4,Students & Entry-level Developers,"[""web development"", ""cybersecurity"", ""machine learning"", ""data science""]",65,9,2025-10-25 21:09:19,en,What is the recommended architecture for {keyword} systems?,0.83,0.4273027763685518,0.53
8600512,portfolio management,economics,How do you benchmark portfolio management against alternatives?,troubleshooting,Beginner,"[""Overview of portfolio management"", ""Step-by-step implementation"", ""Best practices and tips"", ""Common challenges and solutions"", ""Tools and resources needed"", ""Conclusion and next steps""]","[""finance"", ""portfolio"", ""troubleshooting"", ""management"", ""market"", ""economics""]",6,Students & New Investors,"[""financial modeling"", ""market analysis"", ""investment planning""]",63,8,2025-10-25 21:09:19,en,How do you benchmark {keyword} against alternatives?,0.85,0.3364350849099649,0.32
8600513,investment planning,economics,How do you assess and manage investment planning risks?,best_practice,Advanced,"[""Overview of investment planning"", ""Step-by-step implementation"", ""Best practices and tips"", ""Common challenges and solutions"", ""Tools and resources needed"", ""Conclusion and next steps""]","[""investment"", ""planning"", ""finance"", ""best_practice"", ""business"", ""economics""]",6,Professional Investors & Advisors,"[""financial modeling"", ""portfolio management"", ""market analysis""]",55,9,2025-10-25 21:09:19,en,How do you assess and manage {keyword} risks?,0.83,0.9319163130636077,0.54
8600514,digital marketing,marketing,How do you reach new customers through digital marketing?,how_to,Expert,"[""Overview of digital marketing"", ""Step-by-step implementation"", ""Best practices and tips"", ""Common challenges and solutions"", ""Tools and resources needed"", ""Conclusion and next steps""]","[""how_to"", ""promotion"", ""marketing"", ""digital"", ""advertising""]",6,Marketing Directors & CMOs,"[""social media"", ""content marketing"", ""brand management""]",57,9,2025-10-25 21:09:19,en,How do you reach new customers through {keyword}?,0.79,1.0,0.38
8600515,cloud computing,it,How do you stay updated with cloud computing developments?,best_practice,Beginner,"[""Overview of cloud computing"", ""Step-by-step implementation"", ""Best practices and tips"", ""Common challenges and solutions"", ""Tools and resources needed"", ""Conclusion and next steps""]","[""computing"", ""software"", ""development"", ""it"", ""best_practice"", ""cloud""]",6,Students & Entry-level Developers,"[""cybersecurity"", ""data science"", ""web development"", ""machine learning""]",58,9,2025-10-25 21:09:19,en,How do you stay updated with {keyword} developments?,0.85,0.4931121934317884,0.61
8600516,financial modeling,economics,What are the risks associated with financial modeling?,how_to,Advanced,"[""Introduction to financial modeling"", ""Key concepts and definitions"", ""Main categories or types"", ""Examples and case studies"", ""Benefits and advantages"", ""Summary and recommendations""]","[""how_to"", ""finance"", ""modeling"", ""financial"", ""market"", ""economics""]",6,Professional Investors & Advisors,"[""market analysis"", ""investment planning"", ""portfolio management""]",54,8,2025-10-25 21:09:19,en,What are the risks associated with {keyword}?,0.86,0.8814218145103115,0.83
8600517,digital marketing,marketing,How do you reach new customers through digital marketing?,implementation,Expert,"[""Overview of digital marketing"", ""Step-by-step implementation"", ""Best practices and tips"", ""Common challenges and solutions"", ""Tools and resources needed"", ""Conclusion and next steps""]","[""implementation"", ""promotion"", ""marketing"", ""digital"", ""branding""]",6,Marketing Directors & CMOs,"[""brand management"", ""content marketing"", ""social media""]",57,9,2025-10-25 21:09:19,en,How do you reach new customers through {keyword}?,0.67,1.0,0.3
8600518,portfolio management,economics,How does global economics impact portfolio management?,evaluation,Expert,"[""Introduction to portfolio management"", ""Key points and analysis"", ""Practical examples"", ""Expert insights"", ""Action items"", ""Conclusion""]","[""investment"", ""portfolio"", ""management"", ""evaluation"", ""market"", ""economics""]",4,Portfolio Managers & Financial Experts,"[""market analysis"", ""financial modeling"", ""investment planning""]",54,7,2025-10-25 21:09:19,en,How does global economics impact {keyword}?,0.82,1.0,0.8
8600519,brand management,marketing,What tools are essential for brand management analytics?,planning,Advanced,"[""Introduction to brand management"", ""Key points and analysis"", ""Practical examples"", ""Expert insights"", ""Action items"", ""Conclusion""]","[""planning"", ""digital"", ""marketing"", ""management"", ""advertising"", ""brand""]",4,Marketing Managers & Strategists,"[""digital marketing"", ""social media"", ""content marketing""]",56,8,2025-10-25 21:09:19,en,What tools are essential for {keyword} analytics?,0.82,0.8652140154449696,0.82
8600520,content marketing,marketing,How do you attribute success to content marketing efforts?,comparison,Advanced,"[""Overview of content marketing"", ""Step-by-step implementation"", ""Best practices and tips"", ""Common challenges and solutions"", ""Tools and resources needed"", ""Conclusion and next steps""]","[""content"", ""comparison"", ""marketing"", ""digital"", ""advertising""]",6,Marketing Managers & Strategists,"[""digital marketing"", ""social media"", ""brand management""]",58,9,2025-10-25 21:09:19,en,How do you attribute success to {keyword} efforts?,0.92,0.9930161581037764,0.87
8600521,machine learning,it,How do you stay updated with machine learning developments?,planning,Advanced,"[""Overview of machine learning"", ""Step-by-step implementation"", ""Best practices and tips"", ""Common challenges and solutions"", ""Tools and resources needed"", ""Conclusion and next steps""]","[""planning"", ""software"", ""it"", ""learning"", ""machine"", ""technology""]",6,Senior Developers & Tech Leads,"[""data science"", ""cybersecurity"", ""cloud computing"", ""web development""]",59,9,2025-10-25 21:09:19,en,How do you stay updated with {keyword} developments?,0.76,0.9576742279365179,0.34
8600522,brand management,marketing,What content types work best for brand management?,evaluation,Beginner,"[""Introduction to brand management"", ""Key points and analysis"", ""Practical examples"", ""Expert insights"", ""Action items"", ""Conclusion""]","[""marketing"", ""management"", ""digital"", ""branding"", ""evaluation"", ""brand""]",4,Marketing Students & Interns,"[""digital marketing"", ""content marketing"", ""social media""]",50,8,2025-10-25 21:09:19,en,What content types work best for {keyword}?,0.7,0.3769996620283283,0.77
8600523,brand management,marketing,How do you measure the ROI of brand management campaigns?,optimization,Intermediate,"[""Overview of brand management"", ""Step-by-step implementation"", ""Best practices and tips"", ""Common challenges and solutions"", ""Tools and resources needed"", ""Conclusion and next steps""]","[""promotion"", ""marketing"", ""management"", ""branding"", ""optimization"", ""brand""]",6,Marketing Coordinators & Specialists,"[""content marketing"", ""social media"", ""digital marketing""]",57,10,2025-10-25 21:09:19,en,How do you measure the ROI of {keyword} campaigns?,0.89,0.7757503878822384,0.85
8600524,social media,marketing,What are the latest trends in social media?,optimization,Beginner,"[""Introduction to social media"", ""Key concepts and definitions"", ""Main categories or types"", ""Examples and case studies"", ""Benefits and advantages"", ""Summary and recommendations""]","[""media"", ""promotion"", ""marketing"", ""social"", ""branding"", ""optimization""]",6,Marketing Students & Interns,"[""brand management"", ""digital marketing"", ""content marketing""]",43,8,2025-10-25 21:09:19,en,What are the latest trends in {keyword}?,0.68,0.4541671940123817,0.86
8600525,machine learning,it,What design patterns work best with machine learning?,comparison,Intermediate,"[""Introduction to machine learning"", ""Key points and analysis"", ""Practical examples"", ""Expert insights"", ""Action items"", ""Conclusion""]","[""development"", ""it"", ""comparison"", ""programming"", ""learning"", ""machine""]",4,Junior to Mid-level Developers,"[""web development"", ""cloud computing"", ""cybersecurity"", ""data science""]",53,8,2025-10-25 21:09:19,en,What design patterns work best with {keyword}?,0.81,0.6466786680495828,0.65
8600526,cloud computing,it,How does cloud computing impact business operations?,planning,Intermediate,"[""Introduction to cloud computing"", ""Key points and analysis"", ""Practical examples"", ""Expert insights"", ""Action items"", ""Conclusion""]","[""computing"", ""planning"", ""development"", ""it"", ""software"", ""cloud""]",4,Junior to Mid-level Developers,"[""data science"", ""machine learning"", ""cybersecurity"", ""web development""]",52,7,2025-10-25 21:09:19,en,How does {keyword} impact business operations?,0.71,0.6020412711834158,0.45
8600527,data science,it,What tools are essential for data science development?,analysis,Expert,"[""Introduction to data science"", ""Key points and analysis"", ""Practical examples"", ""Expert insights"", ""Action items"", ""Conclusion""]","[""software"", ""analysis"", ""it"", ""programming"", ""science"", ""data""]",4,Architects & Technical Directors,"[""cloud computing"", ""cybersecurity"", ""web development"", ""machine learning""]",54,8,2025-10-25 21:09:19,en,What tools are essential for {keyword} development?,0.66,1.0,0.66
8600528,brand management,marketing,What budget should be allocated to brand management?,strategy,Intermediate,"[""Introduction to brand management"", ""Key points and analysis"", ""Practical examples"", ""Expert insights"", ""Action items"", ""Conclusion""]","[""digital"", ""marketing"", ""management"", ""advertising"", ""strategy"", ""brand""]",4,Marketing Coordinators & Specialists,"[""social media"", ""content marketing"", ""digital marketing""]",52,8,2025-10-25 21:09:19,en,What budget should be allocated to {keyword}?,0.69,0.7890339979585903,0.46
8600529,web development,it,Which frameworks support web development implementation?,how_to,Intermediate,"[""Introduction to web development"", ""Key points and analysis"", ""Practical examples"", ""Expert insights"", ""Action items"", ""Conclusion""]","[""how_to"", ""technology"", ""software"", ""development"", ""it"", ""web""]",4,Junior to Mid-level Developers,"[""cloud computing"", ""data science"", ""machine learning"", ""cybersecurity""]",56,6,2025-10-25 21:09:19,en,Which frameworks support {keyword} implementation?,0.76,0.6205507143599294,0.31
8600530,web development,it,How does web development impact business operations?,optimization,Beginner,"[""Introduction to web development"", ""Key points and analysis"", ""Practical examples"", ""Expert insights"", ""Action items"", ""Conclusion""]","[""technology"", ""software"", ""development"", ""it"", ""optimization"", ""web""]",4,Students & Entry-level Developers,"[""machine learning"", ""cybersecurity"", ""data science"", ""cloud computing""]",52,7,2025-10-25 21:09:19,en,How does {keyword} impact business operations?,0.86,0.4548297087995785,0.75
8600531,brand management,marketing,How do you identify the right audience for brand management?,troubleshooting,Advanced,"[""Overview of brand management"", ""Step-by-step implementation"", ""Best practices and tips"", ""Common challenges and solutions"", ""Tools and resources needed"", ""Conclusion and next steps""]","[""promotion"", ""troubleshooting"", ""digital"", ""marketing"", ""management"", ""brand""]",6,Marketing Managers & Strategists,"[""content marketing"", ""digital marketing"", ""social media""]",60,10,2025-10-25 21:09:19,en,How do you identify the right audience for {keyword}?,0.63,0.8175510536232793,0.89
8600532,machine learning,it,How do you implement machine learning in a production environment?,implementation,Advanced,"[""Overview of machine learning"", ""Step-by-step implementation"", ""Best practices and tips"", ""Common challenges and solutions"", ""Tools and resources needed"", ""Conclusion and next steps""]","[""software"", ""it"", ""implementation"", ""learning"", ""machine"", ""technology""]",6,Senior Developers & Tech Leads,"[""cybersecurity"", ""cloud computing"", ""data science"", ""web development""]",66,10,2025-10-25 21:09:19,en,How do you implement {keyword} in a production environment?,0.77,0.8817837126517546,0.3
8600533,financial modeling,economics,How do economic conditions affect financial modeling performance?,comparison,Intermediate,"[""Introduction to financial modeling"", ""Key points and analysis"", ""Practical examples"", ""Expert insights"", ""Action items"", ""Conclusion""]","[""investment"", ""finance"", ""comparison"", ""modeling"", ""financial"", ""economics""]",4,Individual Investors & Analysts,"[""portfolio management"", ""market analysis"", ""investment planning""]",65,8,2025-10-25 21:09:19,en,How do economic conditions affect {keyword} performance?,0.65,0.7093454080602649,0.65
8600534,market analysis,economics,How do you hedge against market analysis market downturns?,planning,Intermediate,"[""Overview of market analysis"", ""Step-by-step implementation"", ""Best practices and tips"", ""Common challenges and solutions"", ""Tools and resources needed"", ""Conclusion and next steps""]","[""investment"", ""planning"", ""finance"", ""analysis"", ""market"", ""economics""]",6,Individual Investors & Analysts,"[""financial modeling"", ""investment planning"", ""portfolio management""]",58,9,2025-10-25 21:09:19,en,How do you hedge against {keyword} market downturns?,0.78,0.7559384996635263,0.62
8600535,cloud computing,it,What is the recommended architecture for cloud computing systems?,strategy,Beginner,"[""Introduction to cloud computing"", ""Key points and analysis"", ""Practical examples"", ""Expert insights"", ""Action items"", ""Conclusion""]","[""computing"", ""cloud"", ""development"", ""it"", ""programming"", ""strategy""]",4,Students & Entry-level Developers,"[""machine learning"", ""web development"", ""data science"", ""cybersecurity""]",65,9,2025-10-25 21:09:19,en,What is the recommended architecture for {keyword} systems?,0.8,0.40638538837296456,0.37
8600536,investment planning,economics,How do you assess and manage investment planning risks?,implementation,Expert,"[""Overview of investment planning"", ""Step-by-step implementation"", ""Best practices and tips"", ""Common challenges and solutions"", ""Tools and resources needed"", ""Conclusion and next steps""]","[""investment"", ""planning"", ""finance"", ""implementation"", ""economics""]",6,Portfolio Managers & Financial Experts,"[""portfolio management"", ""market analysis"", ""financial modeling""]",55,9,2025-10-25 21:09:19,en,How do you assess and manage {keyword} risks?,0.6,1.0,0.83
8600537,cloud computing,it,How do you implement cloud computing in a production environment?,troubleshooting,Advanced,"[""Overview of cloud computing"", ""Step-by-step implementation"", ""Best practices and tips"", ""Common challenges and solutions"", ""Tools and resources needed"", ""Conclusion and next steps""]","[""computing"", ""it"", ""programming"", ""troubleshooting"", ""cloud"", ""technology""]",6,Senior Developers & Tech Leads,"[""machine learning"", ""web development"", ""data science"", ""cybersecurity""]",65,10,2025-10-25 21:09:19,en,How do you implement {keyword} in a production environment?,0.89,0.9943144942999222,0.58
8600538,investment planning,economics,How do economic conditions affect investment planning performance?,strategy,Expert,"[""Introduction to investment planning"", ""Key points and analysis"", ""Practical examples"", ""Expert insights"", ""Action items"", ""Conclusion""]","[""investment"", ""planning"", ""finance"", ""market"", ""strategy"", ""economics""]",4,Portfolio Managers & Financial Experts,"[""financial modeling"", ""market analysis"", ""portfolio management""]",66,8,2025-10-25 21:09:19,en,How do economic conditions affect {keyword} performance?,0.62,1.0,0.45
8600539,market analysis,economics,What is the optimal allocation for market analysis in a portfolio?,how_to,Advanced,"[""Introduction to market analysis"", ""Key points and analysis"", ""Practical examples"", ""Expert insights"", ""Action items"", ""Conclusion""]","[""how_to"", ""analysis"", ""finance"", ""market"", ""business"", ""economics""]",4,Professional Investors & Advisors,"[""financial modeling"", ""investment planning"", ""portfolio management""]",66,11,2025-10-25 21:09:19,en,What is the optimal allocation for {keyword} in a portfolio?,0.64,0.9319259081618234,0.44
8600540,financial modeling,economics,What is the optimal allocation for financial modeling in a portfolio?,strategy,Advanced,"[""Introduction to financial modeling"", ""Key points and analysis"", ""Practical examples"", ""Expert insights"", ""Action items"", ""Conclusion""]","[""modeling"", ""financial"", ""business"", ""market"", ""strategy"", ""economics""]",4,Professional Investors & Advisors,"[""investment planning"", ""market analysis"", ""portfolio management""]",69,11,2025-10-25 21:09:19,en,What is the optimal allocation for {keyword} in a portfolio?,0.6,0.9650829065432002,0.55
8600541,content marketing,marketing,How do you optimize content marketing for mobile users?,best_practice,Expert,"[""Overview of content marketing"", ""Step-by-step implementation"", ""Best practices and tips"", ""Common challenges and solutions"", ""Tools and resources needed"", ""Conclusion and next steps""]","[""content"", ""promotion"", ""best_practice"", ""marketing"", ""digital""]",6,Marketing Directors & CMOs,"[""brand management"", ""social media"", ""digital marketing""]",55,9,2025-10-25 21:09:19,en,How do you optimize {keyword} for mobile users?,0.85,1.0,0.38
8600542,cybersecurity,it,What career opportunities exist in cybersecurity?,evaluation,Beginner,"[""Introduction to cybersecurity"", ""Key points and analysis"", ""Practical examples"", ""Expert insights"", ""Action items"", ""Conclusion""]","[""it"", ""programming"", ""evaluation"", ""cybersecurity"", ""technology""]",4,Students & Entry-level Developers,"[""web development"", ""data science"", ""machine learning"", ""cloud computing""]",49,6,2025-10-25 21:09:19,en,What career opportunities exist in {keyword}?,0.85,0.3466203715738174,0.36
8600543,machine learning,it,How does machine learning impact business operations?,strategy,Intermediate,"[""Introduction to machine learning"", ""Key points and analysis"", ""Practical examples"", ""Expert insights"", ""Action items"", ""Conclusion""]","[""software"", ""it"", ""programming"", ""learning"", ""strategy"", ""machine""]",4,Junior to Mid-level Developers,"[""cloud computing"", ""web development"", ""cybersecurity"", ""data science""]",53,7,2025-10-25 21:09:19,en,How does {keyword} impact business operations?,0.78,0.7840880754879291,0.65
8600544,machine learning,it,What are the key components of a machine learning implementation?,evaluation,Advanced,"[""Introduction to machine learning"", ""Key concepts and definitions"", ""Main categories or types"", ""Examples and case studies"", ""Benefits and advantages"", ""Summary and recommendations""]","[""software"", ""development"", ""it"", ""learning"", ""evaluation"", ""machine""]",6,Senior Developers & Tech Leads,"[""cloud computing"", ""data science"", ""web development"", ""cybersecurity""]",65,10,2025-10-25 21:09:19,en,What are the key components of a {keyword} implementation?,0.85,0.8453677720698415,0.9
8600545,investment planning,economics,What are the regulatory considerations for investment planning?,comparison,Beginner,"[""Introduction to investment planning"", ""Key concepts and definitions"", ""Main categories or types"", ""Examples and case studies"", ""Benefits and advantages"", ""Summary and recommendations""]","[""investment"", ""planning"", ""comparison"", ""market"", ""business"", ""economics""]",6,Students & New Investors,"[""financial modeling"", ""portfolio management"", ""market analysis""]",63,8,2025-10-25 21:09:19,en,What are the regulatory considerations for {keyword}?,0.82,0.3858513198770056,0.3
8600546,cloud computing,it,What skills are needed to master cloud computing?,implementation,Beginner,"[""Introduction to cloud computing"", ""Key points and analysis"", ""Practical examples"", ""Expert insights"", ""Action items"", ""Conclusion""]","[""computing"", ""development"", ""it"", ""implementation"", ""cloud"", ""technology""]",4,Students & Entry-level Developers,"[""machine learning"", ""cybersecurity"", ""data science"", ""web development""]",49,8,2025-10-25 21:09:19,en,What skills are needed to master {keyword}?,0.71,0.3719461284418275,0.67
8600547,market analysis,economics,What exit strategies should be considered for market analysis?,planning,Expert,"[""Introduction to market analysis"", ""Key points and analysis"", ""Practical examples"", ""Expert insights"", ""Action items"", ""Conclusion""]","[""investment"", ""planning"", ""analysis"", ""market"", ""business"", ""economics""]",4,Portfolio Managers & Financial Experts,"[""portfolio management"", ""investment planning"", ""financial modeling""]",62,9,2025-10-25 21:09:19,en,What exit strategies should be considered for {keyword}?,0.8,1.0,0.76
8600548,investment planning,economics,What are the risks associated with investment planning?,implementation,Intermediate,"[""Introduction to investment planning"", ""Key concepts and definitions"", ""Main categories or types"", ""Examples and case studies"", ""Benefits and advantages"", ""Summary and recommendations""]","[""investment"", ""planning"", ""implementation"", ""market"", ""business"", ""economics""]",6,Individual Investors & Analysts,"[""portfolio management"", ""market analysis"", ""financial modeling""]",55,8,2025-10-25 21:09:19,en,What are the risks associated with {keyword}?,0.81,0.7746873730352691,0.84
8600549,market analysis,economics,What exit strategies should be considered for market analysis?,evaluation,Intermediate,"[""Introduction to market analysis"", ""Key points and analysis"", ""Practical examples"", ""Expert insights"", ""Action items"", ""Conclusion""]","[""analysis"", ""evaluation"", ""market"", ""business"", ""economics""]",4,Individual Investors & Analysts,"[""investment planning"", ""portfolio management"", ""financial modeling""]",62,9,2025-10-25 21:09:19,en,What exit strategies should be considered for {keyword}?,0.78,0.6846044316462744,0.62
8600550,social media,marketing,How do you automate social media processes?,optimization,Beginner,"[""Overview of social media"", ""Step-by-step implementation"", ""Best practices and tips"", ""Common challenges and solutions"", ""Tools and resources needed"", ""Conclusion and next steps""]","[""media"", ""marketing"", ""social"", ""advertising"", ""branding"", ""optimization""]",6,Marketing Students & Interns,"[""digital marketing"", ""content marketing"", ""brand management""]",43,7,2025-10-25 21:09:19,en,How do you automate {keyword} processes?,0.8,0.456624856613493,0.58
8600551,social media,marketing,How do you optimize social media for mobile users?,best_practice,Intermediate,"[""Overview of social media"", ""Step-by-step implementation"", ""Best practices and tips"", ""Common challenges and solutions"", ""Tools and resources needed"", ""Conclusion and next steps""]","[""media"", ""best_practice"", ""marketing"", ""digital"", ""social"", ""branding""]",6,Marketing Coordinators & Specialists,"[""brand management"", ""digital marketing"", ""content marketing""]",50,9,2025-10-25 21:09:19,en,How do you optimize {keyword} for mobile users?,0.8,0.7461291411236208,0.73
8600552,investment planning,economics,What exit strategies should be considered for investment planning?,strategy,Expert,"[""Introduction to investment planning"", ""Key points and analysis"", ""Practical examples"", ""Expert insights"", ""Action items"", ""Conclusion""]","[""investment"", ""planning"", ""business"", ""strategy"", ""economics""]",4,Portfolio Managers & Financial Experts,"[""market analysis"", ""portfolio management"", ""financial modeling""]",66,9,2025-10-25 21:09:19,en,What exit strategies should be considered for {keyword}?,0.77,1.0,0.45
8600553,content marketing,marketing,How do you track and analyze content marketing performance?,evaluation,Beginner,"[""Overview of content marketing"", ""Step-by-step implementation"", ""Best practices and tips"", ""Common challenges and solutions"", ""Tools and resources needed"", ""Conclusion and next steps""]","[""content"", ""marketing"", ""digital"", ""branding"", ""evaluation""]",6,Marketing Students & Interns,"[""digital marketing"", ""brand management"", ""social media""]",59,9,2025-10-25 21:09:19,en,How do you track and analyze {keyword} performance?,0.65,0.38358552480124314,0.88
8600554,data science,it,How do you choose the right technology stack for data science?,evaluation,Expert,"[""Overview of data science"", ""Step-by-step implementation"", ""Best practices and tips"", ""Common challenges and solutions"", ""Tools and resources needed"", ""Conclusion and next steps""]","[""software"", ""it"", ""programming"", ""science"", ""evaluation"", ""data""]",6,Architects & Technical Directors,"[""machine learning"", ""cybersecurity"", ""web development"", ""cloud computing""]",62,11,2025-10-25 21:09:19,en,How do you choose the right technology stack for {keyword}?,0.72,1.0,0.66
8600555,cybersecurity,it,What design patterns work best with cybersecurity?,troubleshooting,Advanced,"[""Introduction to cybersecurity"", ""Key points and analysis"", ""Practical examples"", ""Expert insights"", ""Action items"", ""Conclusion""]","[""development"", ""it"", ""programming"", ""troubleshooting"", ""cybersecurity""]",4,Senior Developers & Tech Leads,"[""web development"", ""data science"", ""cloud computing"", ""machine learning""]",50,7,2025-10-25 21:09:19,en,What design patterns work best with {keyword}?,0.71,0.9125381418023005,0.88
8600556,investment planning,economics,How do you report on investment planning performance to stakeholders?,how_to,Advanced,"[""Overview of investment planning"", ""Step-by-step implementation"", ""Best practices and tips"", ""Common challenges and solutions"", ""Tools and resources needed"", ""Conclusion and next steps""]","[""investment"", ""how_to"", ""planning"", ""market"", ""business"", ""economics""]",6,Professional Investors & Advisors,"[""financial modeling"", ""market analysis"", ""portfolio management""]",69,10,2025-10-25 21:09:19,en,How do you report on {keyword} performance to stakeholders?,0.76,0.9738300719922468,0.58
8600557,social media,marketing,What emerging platforms support social media?,best_practice,Expert,"[""Introduction to social media"", ""Key points and analysis"", ""Practical examples"", ""Expert insights"", ""Action items"", ""Conclusion""]","[""media"", ""best_practice"", ""digital"", ""marketing"", ""social"", ""branding""]",4,Marketing Directors & CMOs,"[""content marketing"", ""brand management"", ""digital marketing""]",45,6,2025-10-25 21:09:19,en,What emerging platforms support {keyword}?,0.64,1.0,0.33
8600558,market analysis,economics,How do you report on market analysis performance to stakeholders?,comparison,Expert,"[""Overview of market analysis"", ""Step-by-step implementation"", ""Best practices and tips"", ""Common challenges and solutions"", ""Tools and resources needed"", ""Conclusion and next steps""]","[""investment"", ""finance"", ""analysis"", ""comparison"", ""market"", ""economics""]",6,Portfolio Managers & Financial Experts,"[""financial modeling"", ""portfolio management"", ""investment planning""]",65,10,2025-10-25 21:09:19,en,How do you report on {keyword} performance to stakeholders?,0.9,1.0,0.63
8600559,social media,marketing,What content types work best for social media?,strategy,Expert,"[""Introduction to social media"", ""Key points and analysis"", ""Practical examples"", ""Expert insights"", ""Action items"", ""Conclusion""]","[""media"", ""promotion"", ""digital"", ""marketing"", ""social"", ""strategy""]",4,Marketing Directors & CMOs,"[""content marketing"", ""digital marketing"", ""brand management""]",46,8,2025-10-25 21:09:19,en,What content types work best for {keyword}?,0.79,1.0,0.38
8600560,investment planning,economics,What metrics are most important for investment planning?,comparison,Advanced,"[""Introduction to investment planning"", ""Key points and analysis"", ""Practical examples"", ""Expert insights"", ""Action items"", ""Conclusion""]","[""investment"", ""planning"", ""comparison"", ""market"", ""business"", ""economics""]",4,Professional Investors & Advisors,"[""financial modeling"", ""portfolio management"", ""market analysis""]",56,8,2025-10-25 21:09:19,en,What metrics are most important for {keyword}?,0.63,0.9965418428961584,0.61
8600561,content marketing,marketing,How do you identify the right audience for content marketing?,best_practice,Intermediate,"[""Overview of content marketing"", ""Step-by-step implementation"", ""Best practices and tips"", ""Common challenges and solutions"", ""Tools and resources needed"", ""Conclusion and next steps""]","[""content"", ""promotion"", ""best_practice"", ""marketing"", ""digital""]",6,Marketing Coordinators & Specialists,"[""brand management"", ""social media"", ""digital marketing""]",61,10,2025-10-25 21:09:19,en,How do you identify the right audience for {keyword}?,0.75,0.7057065245455401,0.68
8600562,social media,marketing,What content types work best for social media?,best_practice,Beginner,"[""Introduction to social media"", ""Key points and analysis"", ""Practical examples"", ""Expert insights"", ""Action items"", ""Conclusion""]","[""media"", ""best_practice"", ""digital"", ""marketing"", ""social"", ""advertising""]",4,Marketing Students & Interns,"[""content marketing"", ""brand management"", ""digital marketing""]",46,8,2025-10-25 21:09:19,en,What content types work best for {keyword}?,0.77,0.4761229380905337,0.72
8600563,content marketing,marketing,What are the latest trends in content marketing?,implementation,Expert,"[""Introduction to content marketing"", ""Key concepts and definitions"", ""Main categories or types"", ""Examples and case studies"", ""Benefits and advantages"", ""Summary and recommendations""]","[""content"", ""implementation"", ""promotion"", ""marketing"", ""digital""]",6,Marketing Directors & CMOs,"[""digital marketing"", ""brand management"", ""social media""]",48,8,2025-10-25 21:09:19,en,What are the latest trends in {keyword}?,0.67,1.0,0.84
8600564,portfolio management,economics,How do you hedge against portfolio management market downturns?,comparison,Advanced,"[""Overview of portfolio management"", ""Step-by-step implementation"", ""Best practices and tips"", ""Common challenges and solutions"", ""Tools and resources needed"", ""Conclusion and next steps""]","[""investment"", ""portfolio"", ""comparison"", ""management"", ""market"", ""economics""]",6,Professional Investors & Advisors,"[""financial modeling"", ""market analysis"", ""investment planning""]",63,9,2025-10-25 21:09:19,en,How do you hedge against {keyword} market downturns?,0.63,0.9459030435877058,0.84
8600565,web development,it,What are the latest trends in web development technology?,how_to,Expert,"[""Introduction to web development"", ""Key concepts and definitions"", ""Main categories or types"", ""Examples and case studies"", ""Benefits and advantages"", ""Summary and recommendations""]","[""how_to"", ""development"", ""web"", ""it"", ""technology""]",6,Architects & Technical Directors,"[""data science"", ""cloud computing"", ""cybersecurity"", ""machine learning""]",57,9,2025-10-25 21:09:19,en,What are the latest trends in {keyword} technology?,0.74,1.0,0.65
8600566,web development,it,How does web development impact business operations?,implementation,Beginner,"[""Introduction to web development"", ""Key points and analysis"", ""Practical examples"", ""Expert insights"", ""Action items"", ""Conclusion""]","[""software"", ""development"", ""it"", ""implementation"", ""web""]",4,Students & Entry-level Developers,"[""cybersecurity"", ""cloud computing"", ""machine learning"", ""data science""]",52,7,2025-10-25 21:09:19,en,How does {keyword} impact business operations?,0.86,0.3851582247087316,0.59
8600567,investment planning,economics,How do you create a long-term plan for investment planning?,planning,Advanced,"[""Overview of investment planning"", ""Step-by-step implementation"", ""Best practices and tips"", ""Common challenges and solutions"", ""Tools and resources needed"", ""Conclusion and next steps""]","[""market"", ""investment"", ""economics"", ""planning""]",6,Professional Investors & Advisors,"[""portfolio management"", ""financial modeling"", ""market analysis""]",59,10,2025-10-25 21:09:19,en,How do you create a long-term plan for {keyword}?,0.88,0.9011954635337347,0.6
8600568,content marketing,marketing,What budget should be allocated to content marketing?,optimization,Beginner,"[""Introduction to content marketing"", ""Key points and analysis"", ""Practical examples"", ""Expert insights"", ""Action items"", ""Conclusion""]","[""content"", ""marketing"", ""digital"", ""advertising"", ""optimization""]",4,Marketing Students & Interns,"[""brand management"", ""social media"", ""digital marketing""]",53,8,2025-10-25 21:09:19,en,What budget should be allocated to {keyword}?,0.63,0.47171719328165146,0.48
8600569,machine learning,it,What are the latest trends in machine learning technology?,strategy,Intermediate,"[""Introduction to machine learning"", ""Key concepts and definitions"", ""Main categories or types"", ""Examples and case studies"", ""Benefits and advantages"", ""Summary and recommendations""]","[""software"", ""development"", ""it"", ""learning"", ""strategy"", ""machine""]",6,Junior to Mid-level Developers,"[""data science"", ""web development"", ""cloud computing"", ""cybersecurity""]",58,9,2025-10-25 21:09:19,en,What are the latest trends in {keyword} technology?,0.81,0.6796905202200288,0.59
8600570,cloud computing,it,What ROI can be expected from cloud computing implementation?,planning,Expert,"[""Introduction to cloud computing"", ""Key points and analysis"", ""Practical examples"", ""Expert insights"", ""Action items"", ""Conclusion""]","[""computing"", ""planning"", ""development"", ""it"", ""cloud"", ""technology""]",4,Architects & Technical Directors,"[""cybersecurity"", ""machine learning"", ""data science"", ""web development""]",61,9,2025-10-25 21:09:19,en,What ROI can be expected from {keyword} implementation?,0.89,1.0,0.69
8600571,brand management,marketing,How do you track and analyze brand management performance?,optimization,Intermediate,"[""Overview of brand management"", ""Step-by-step implementation"", ""Best practices and tips"", ""Common challenges and solutions"", ""Tools and resources needed"", ""Conclusion and next steps""]","[""marketing"", ""management"", ""advertising"", ""digital"", ""optimization"", ""brand""]",6,Marketing Coordinators & Specialists,"[""digital marketing"", ""social media"", ""content marketing""]",58,9,2025-10-25 21:09:19,en,How do you track and analyze {keyword} performance?,0.76,0.7402538813747536,0.33
8600572,portfolio management,economics,What is the optimal allocation for portfolio management in a portfolio?,implementation,Expert,"[""Introduction to portfolio management"", ""Key points and analysis"", ""Practical examples"", ""Expert insights"", ""Action items"", ""Conclusion""]","[""finance"", ""implementation"", ""portfolio"", ""management"", ""market"", ""economics""]",4,Portfolio Managers & Financial Experts,"[""market analysis"", ""investment planning"", ""financial modeling""]",71,11,2025-10-25 21:09:19,en,What is the optimal allocation for {keyword} in a portfolio?,0.61,1.0,0.82
8600573,content marketing,marketing,How do you personalize content marketing for different segments?,implementation,Beginner,"[""Overview of content marketing"", ""Step-by-step implementation"", ""Best practices and tips"", ""Common challenges and solutions"", ""Tools and resources needed"", ""Conclusion and next steps""]","[""content"", ""implementation"", ""promotion"", ""marketing"", ""digital""]",6,Marketing Students & Interns,"[""digital marketing"", ""social media"", ""brand management""]",64,9,2025-10-25 21:09:19,en,How do you personalize {keyword} for different segments?,0.77,0.3547842895510387,0.61
8600574,machine learning,it,How do you troubleshoot common issues with machine learning?,troubleshooting,Intermediate,"[""Overview of machine learning"", ""Step-by-step implementation"", ""Best practices and tips"", ""Common challenges and solutions"", ""Tools and resources needed"", ""Conclusion and next steps""]","[""software"", ""development"", ""it"", ""troubleshooting"", ""learning"", ""machine""]",6,Junior to Mid-level Developers,"[""cybersecurity"", ""cloud computing"", ""data science"", ""web development""]",60,9,2025-10-25 21:09:19,en,How do you troubleshoot common issues with {keyword}?,0.68,0.764384850676237,0.76
8600575,market analysis,economics,How do you analyze market trends in market analysis?,planning,Beginner,"[""Overview of market analysis"", ""Step-by-step implementation"", ""Best practices and tips"", ""Common challenges and solutions"", ""Tools and resources needed"", ""Conclusion and next steps""]","[""investment"", ""planning"", ""finance"", ""analysis"", ""market"", ""economics""]",6,Students & New Investors,"[""financial modeling"", ""portfolio management"", ""investment planning""]",52,9,2025-10-25 21:09:19,en,How do you analyze market trends in {keyword}?,0.86,0.4829803936987593,0.8
8600576,financial modeling,economics,How do you analyze market trends in financial modeling?,best_practice,Intermediate,"[""Overview of financial modeling"", ""Step-by-step implementation"", ""Best practices and tips"", ""Common challenges and solutions"", ""Tools and resources needed"", ""Conclusion and next steps""]","[""finance"", ""best_practice"", ""modeling"", ""financial"", ""market"", ""economics""]",6,Individual Investors & Analysts,"[""investment planning"", ""market analysis"", ""portfolio management""]",55,9,2025-10-25 21:09:19,en,How do you analyze market trends in {keyword}?,0.92,0.6550236578238605,0.61
8600577,social media,marketing,How do you attribute success to social media efforts?,strategy,Beginner,"[""Overview of social media"", ""Step-by-step implementation"", ""Best practices and tips"", ""Common challenges and solutions"", ""Tools and resources needed"", ""Conclusion and next steps""]","[""media"", ""promotion"", ""marketing"", ""social"", ""advertising"", ""strategy""]",6,Marketing Students & Interns,"[""content marketing"", ""digital marketing"", ""brand management""]",53,9,2025-10-25 21:09:19,en,How do you attribute success to {keyword} efforts?,0.93,0.4497385444606106,0.48
8600578,financial modeling,economics,How do you hedge against financial modeling market downturns?,implementation,Beginner,"[""Overview of financial modeling"", ""Step-by-step implementation"", ""Best practices and tips"", ""Common challenges and solutions"", ""Tools and resources needed"", ""Conclusion and next steps""]","[""investment"", ""implementation"", ""modeling"", ""financial"", ""market"", ""economics""]",6,Students & New Investors,"[""investment planning"", ""portfolio management"", ""market analysis""]",61,9,2025-10-25 21:09:19,en,How do you hedge against {keyword} market downturns?,0.94,0.3671794761683755,0.82
8600579,brand management,marketing,How do you optimize brand management for mobile users?,comparison,Intermediate,"[""Overview of brand management"", ""Step-by-step implementation"", ""Best practices and tips"", ""Common challenges and solutions"", ""Tools and resources needed"", ""Conclusion and next steps""]","[""comparison"", ""marketing"", ""management"", ""advertising"", ""branding"", ""brand""]",6,Marketing Coordinators & Specialists,"[""social media"", ""digital marketing"", ""content marketing""]",54,9,2025-10-25 21:09:19,en,How do you optimize {keyword} for mobile users?,0.93,0.6620617639812216,0.3
8600580,content marketing,marketing,What emerging platforms support content marketing?,evaluation,Expert,"[""Introduction to content marketing"", ""Key points and analysis"", ""Practical examples"", ""Expert insights"", ""Action items"", ""Conclusion""]","[""content"", ""marketing"", ""advertising"", ""branding"", ""evaluation""]",4,Marketing Directors & CMOs,"[""social media"", ""digital marketing"", ""brand management""]",50,6,2025-10-25 21:09:19,en,What emerging platforms support {keyword}?,0.73,1.0,0.62
8600581,investment planning,economics,What are the regulatory considerations for investment planning?,implementation,Expert,"[""Introduction to investment planning"", ""Key concepts and definitions"", ""Main categories or types"", ""Examples and case studies"", ""Benefits and advantages"", ""Summary and recommendations""]","[""investment"", ""planning"", ""implementation"", ""market"", ""economics""]",6,Portfolio Managers & Financial Experts,"[""portfolio management"", ""market analysis"", ""financial modeling""]",63,8,2025-10-25 21:09:19,en,What are the regulatory considerations for {keyword}?,0.88,1.0,0.34
8600582,data science,it,How do you get started with data science as a beginner?,strategy,Advanced,"[""Overview of data science"", ""Step-by-step implementation"", ""Best practices and tips"", ""Common challenges and solutions"", ""Tools and resources needed"", ""Conclusion and next steps""]","[""development"", ""it"", ""programming"", ""science"", ""strategy"", ""data""]",6,Senior Developers & Tech Leads,"[""cybersecurity"", ""cloud computing"", ""machine learning"", ""web development""]",55,11,2025-10-25 21:09:19,en,How do you get started with {keyword} as a beginner?,0.87,0.8945338601432087,0.6
8600583,market analysis,economics,What timeline is realistic for market analysis returns?,troubleshooting,Expert,"[""Introduction to market analysis"", ""Key points and analysis"", ""Practical examples"", ""Expert insights"", ""Action items"", ""Conclusion""]","[""investment"", ""analysis"", ""finance"", ""troubleshooting"", ""market"", ""economics""]",4,Portfolio Managers & Financial Experts,"[""portfolio management"", ""investment planning"", ""financial modeling""]",55,8,2025-10-25 21:09:19,en,What timeline is realistic for {keyword} returns?,0.67,1.0,0.38
8600584,machine learning,it,How do you measure the success of machine learning projects?,troubleshooting,Intermediate,"[""Overview of machine learning"", ""Step-by-step implementation"", ""Best practices and tips"", ""Common challenges and solutions"", ""Tools and resources needed"", ""Conclusion and next steps""]","[""software"", ""it"", ""programming"", ""troubleshooting"", ""learning"", ""machine""]",6,Junior to Mid-level Developers,"[""data science"", ""cybersecurity"", ""cloud computing"", ""web development""]",60,10,2025-10-25 21:09:19,en,How do you measure the success of {keyword} projects?,0.9,0.6404401809348679,0.36
8600585,portfolio management,economics,What factors should be considered when evaluating portfolio management?,troubleshooting,Expert,"[""Introduction to portfolio management"", ""Key points and analysis"", ""Practical examples"", ""Expert insights"", ""Action items"", ""Conclusion""]","[""portfolio"", ""troubleshooting"", ""management"", ""market"", ""business"", ""economics""]",4,Portfolio Managers & Financial Experts,"[""financial modeling"", ""investment planning"", ""market analysis""]",71,9,2025-10-25 21:09:19,en,What factors should be considered when evaluating {keyword}?,0.62,1.0,0.81
8600586,financial modeling,economics,How do you adjust your financial modeling strategy during volatility?,comparison,Advanced,"[""Overview of financial modeling"", ""Step-by-step implementation"", ""Best practices and tips"", ""Common challenges and solutions"", ""Tools and resources needed"", ""Conclusion and next steps""]","[""comparison"", ""modeling"", ""financial"", ""market"", ""business"", ""economics""]",6,Professional Investors & Advisors,"[""market analysis"", ""portfolio management"", ""investment planning""]",69,10,2025-10-25 21:09:19,en,How do you adjust your {keyword} strategy during volatility?,0.79,0.8081139334502048,0.66
8600587,social media,marketing,What timing strategies work for social media?,how_to,Expert,"[""Introduction to social media"", ""Key points and analysis"", ""Practical examples"", ""Expert insights"", ""Action items"", ""Conclusion""]","[""how_to"", ""media"", ""promotion"", ""marketing"", ""social"", ""branding""]",4,Marketing Directors & CMOs,"[""digital marketing"", ""brand management"", ""content marketing""]",45,7,2025-10-25 21:09:19,en,What timing strategies work for {keyword}?,0.85,1.0,0.78
8600588,machine learning,it,How do you measure the success of machine learning projects?,implementation,Intermediate,"[""Overview of machine learning"", ""Step-by-step implementation"", ""Best practices and tips"", ""Common challenges and solutions"", ""Tools and resources needed"", ""Conclusion and next steps""]","[""software"", ""it"", ""implementation"", ""programming"", ""learning"", ""machine""]",6,Junior to Mid-level Developers,"[""cybersecurity"", ""data science"", ""cloud computing"", ""web development""]",60,10,2025-10-25 21:09:19,en,How do you measure the success of {keyword} projects?,0.69,0.7578593490946988,0.7
8600589,financial modeling,economics,What strategies work best for financial modeling investment?,how_to,Intermediate,"[""Introduction to financial modeling"", ""Key points and analysis"", ""Practical examples"", ""Expert insights"", ""Action items"", ""Conclusion""]","[""how_to"", ""finance"", ""modeling"", ""financial"", ""business"", ""economics""]",4,Individual Investors & Analysts,"[""investment planning"", ""market analysis"", ""portfolio management""]",60,8,2025-10-25 21:09:19,en,What strategies work best for {keyword} investment?,0.87,0.7788403104130692,0.66
8600590,cybersecurity,it,What is the recommended architecture for cybersecurity systems?,analysis,Expert,"[""Introduction to cybersecurity"", ""Key points and analysis"", ""Practical examples"", ""Expert insights"", ""Action items"", ""Conclusion""]","[""development"", ""analysis"", ""it"", ""cybersecurity"", ""technology""]",4,Architects & Technical Directors,"[""cloud computing"", ""data science"", ""web development"", ""machine learning""]",63,8,2025-10-25 21:09:19,en,What is the recommended architecture for {keyword} systems?,0.93,1.0,0.8
8600591,financial modeling,economics,How does global economics impact financial modeling?,how_to,Advanced,"[""Introduction to financial modeling"", ""Key points and analysis"", ""Practical examples"", ""Expert insights"", ""Action items"", ""Conclusion""]","[""how_to"", ""finance"", ""modeling"", ""financial"", ""market"", ""economics""]",4,Professional Investors & Advisors,"[""market analysis"", ""investment planning"", ""portfolio management""]",52,7,2025-10-25 21:09:19,en,How does global economics impact {keyword}?,0.73,0.9618954641120874,0.51
8600592,digital marketing,marketing,What channels are most effective for digital marketing?,how_to,Advanced,"[""Introduction to digital marketing"", ""Key points and analysis"", ""Practical examples"", ""Expert insights"", ""Action items"", ""Conclusion""]","[""how_to"", ""promotion"", ""marketing"", ""digital"", ""advertising""]",4,Marketing Managers & Strategists,"[""content marketing"", ""brand management"", ""social media""]",55,8,2025-10-25 21:09:19,en,What channels are most effective for {keyword}?,0.62,0.9317388108065929,0.41
8600593,brand management,marketing,What does the future hold for brand management?,optimization,Beginner,"[""Introduction to brand management"", ""Key points and analysis"", ""Practical examples"", ""Expert insights"", ""Action items"", ""Conclusion""]","[""promotion"", ""marketing"", ""management"", ""advertising"", ""optimization"", ""brand""]",4,Marketing Students & Interns,"[""content marketing"", ""digital marketing"", ""social media""]",47,8,2025-10-25 21:09:19,en,What does the future hold for {keyword}?,0.73,0.4848856701149509,0.81
8600594,investment planning,economics,What insurance options are available for investment planning?,evaluation,Expert,"[""Introduction to investment planning"", ""Key points and analysis"", ""Practical examples"", ""Expert insights"", ""Action items"", ""Conclusion""]","[""investment"", ""planning"", ""evaluation"", ""business"", ""economics""]",4,Portfolio Managers & Financial Experts,"[""market analysis"", ""financial modeling"", ""portfolio management""]",61,8,2025-10-25 21:09:19,en,What insurance options are available for {keyword}?,0.76,1.0,0.64
8600595,machine learning,it,How do you stay updated with machine learning developments?,evaluation,Advanced,"[""Overview of machine learning"", ""Step-by-step implementation"", ""Best practices and tips"", ""Common challenges and solutions"", ""Tools and resources needed"", ""Conclusion and next steps""]","[""software"", ""development"", ""it"", ""learning"", ""evaluation"", ""machine""]",6,Senior Developers & Tech Leads,"[""cybersecurity"", ""web development"", ""cloud computing"", ""data science""]",59,9,2025-10-25 21:09:19,en,How do you stay updated with {keyword} developments?,0.86,0.8583196517156345,0.58
8600596,brand management,marketing,What tools are essential for brand management analytics?,comparison,Intermediate,"[""Introduction to brand management"", ""Key points and analysis"", ""Practical examples"", ""Expert insights"", ""Action items"", ""Conclusion""]","[""promotion"", ""comparison"", ""marketing"", ""management"", ""advertising"", ""brand""]",4,Marketing Coordinators & Specialists,"[""digital marketing"", ""content marketing"", ""social media""]",56,8,2025-10-25 21:09:19,en,What tools are essential for {keyword} analytics?,0.79,0.6594841430410318,0.55
8600597,machine learning,it,What security considerations should be taken when using machine learning?,optimization,Intermediate,"[""Introduction to machine learning"", ""Key points and analysis"", ""Practical examples"", ""Expert insights"", ""Action items"", ""Conclusion""]","[""software"", ""it"", ""programming"", ""learning"", ""optimization"", ""machine""]",4,Junior to Mid-level Developers,"[""web development"", ""cloud computing"", ""cybersecurity"", ""data science""]",73,10,2025-10-25 21:09:19,en,What security considerations should be taken when using {keyword}?,0.73,0.6778195752362772,0.42
8600598,machine learning,it,What design patterns work best with machine learning?,troubleshooting,Expert,"[""Introduction to machine learning"", ""Key points and analysis"", ""Practical examples"", ""Expert insights"", ""Action items"", ""Conclusion""]","[""software"", ""it"", ""troubleshooting"", ""learning"", ""machine"", ""technology""]",4,Architects & Technical Directors,"[""cybersecurity"", ""data science"", ""web development"", ""cloud computing""]",53,8,2025-10-25 21:09:19,en,What design patterns work best with {keyword}?,0.83,1.0,0.88
8600599,investment planning,economics,What is the optimal allocation for investment planning in a portfolio?,implementation,Advanced,"[""Introduction to investment planning"", ""Key points and analysis"", ""Practical examples"", ""Expert insights"", ""Action items"", ""Conclusion""]","[""investment"", ""planning"", ""finance"", ""implementation"", ""economics""]",4,Professional Investors & Advisors,"[""portfolio management"", ""financial modeling"", ""market analysis""]",70,11,2025-10-25 21:09:19,en,What is the optimal allocation for {keyword} in a portfolio?,0.79,0.8800081287751016,0.62
8600600,data science,it,What are the key components of a data science implementation?,analysis,Beginner,"[""Introduction to data science"", ""Key concepts and definitions"", ""Main categories or types"", ""Examples and case studies"", ""Benefits and advantages"", ""Summary and recommendations""]","[""technology"", ""development"", ""analysis"", ""it"", ""science"", ""data""]",6,Students & Entry-level Developers,"[""cybersecurity"", ""web development"", ""machine learning"", ""cloud computing""]",61,10,2025-10-25 21:09:19,en,What are the key components of a {keyword} implementation?,0.67,0.3828360777112875,0.47
8600601,data science,it,How do you troubleshoot common issues with data science?,troubleshooting,Beginner,"[""Overview of data science"", ""Step-by-step implementation"", ""Best practices and tips"", ""Common challenges and solutions"", ""Tools and resources needed"", ""Conclusion and next steps""]","[""technology"", ""development"", ""it"", ""troubleshooting"", ""science"", ""data""]",6,Students & Entry-level Developers,"[""cloud computing"", ""machine learning"", ""web development"", ""cybersecurity""]",56,9,2025-10-25 21:09:19,en,How do you troubleshoot common issues with {keyword}?,0.68,0.43357013229661084,0.75
8600602,investment planning,economics,What tools help analyze investment planning data?,best_practice,Intermediate,"[""Introduction to investment planning"", ""Key points and analysis"", ""Practical examples"", ""Expert insights"", ""Action items"", ""Conclusion""]","[""investment"", ""planning"", ""finance"", ""best_practice"", ""economics""]",4,Individual Investors & Analysts,"[""market analysis"", ""portfolio management"", ""financial modeling""]",49,7,2025-10-25 21:09:19,en,What tools help analyze {keyword} data?,0.8,0.7624425283939369,0.62
8600603,social media,marketing,What does the future hold for social media?,comparison,Advanced,"[""Introduction to social media"", ""Key points and analysis"", ""Practical examples"", ""Expert insights"", ""Action items"", ""Conclusion""]","[""media"", ""promotion"", ""comparison"", ""marketing"", ""social"", ""advertising""]",4,Marketing Managers & Strategists,"[""digital marketing"", ""brand management"", ""content marketing""]",43,8,2025-10-25 21:09:19,en,What does the future hold for {keyword}?,0.91,0.8172220712290436,0.89
8600604,machine learning,it,How do you convince stakeholders to invest in machine learning?,analysis,Advanced,"[""Overview of machine learning"", ""Step-by-step implementation"", ""Best practices and tips"", ""Common challenges and solutions"", ""Tools and resources needed"", ""Conclusion and next steps""]","[""development"", ""analysis"", ""it"", ""learning"", ""machine"", ""technology""]",6,Senior Developers & Tech Leads,"[""web development"", ""data science"", ""cloud computing"", ""cybersecurity""]",63,10,2025-10-25 21:09:19,en,How do you convince stakeholders to invest in {keyword}?,0.61,0.9156965267641057,0.46
8600605,web development,it,What skills are needed to master web development?,strategy,Beginner,"[""Introduction to web development"", ""Key points and analysis"", ""Practical examples"", ""Expert insights"", ""Action items"", ""Conclusion""]","[""technology"", ""software"", ""development"", ""it"", ""strategy"", ""web""]",4,Students & Entry-level Developers,"[""cloud computing"", ""cybersecurity"", ""machine learning"", ""data science""]",49,8,2025-10-25 21:09:19,en,What skills are needed to master {keyword}?,0.66,0.483035895457281,0.56
8600606,cybersecurity,it,How can cybersecurity improve system performance and scalability?,optimization,Beginner,"[""Introduction to cybersecurity"", ""Key points and analysis"", ""Practical examples"", ""Expert insights"", ""Action items"", ""Conclusion""]","[""it"", ""programming"", ""optimization"", ""cybersecurity"", ""technology""]",4,Students & Entry-level Developers,"[""web development"", ""data science"", ""cloud computing"", ""machine learning""]",65,8,2025-10-25 21:09:19,en,How can {keyword} improve system performance and scalability?,0.82,0.41464107154626095,0.45
8600607,machine learning,it,How do you optimize machine learning for different platforms?,planning,Expert,"[""Overview of machine learning"", ""Step-by-step implementation"", ""Best practices and tips"", ""Common challenges and solutions"", ""Tools and resources needed"", ""Conclusion and next steps""]","[""planning"", ""software"", ""it"", ""programming"", ""learning"", ""machine""]",6,Architects & Technical Directors,"[""cloud computing"", ""data science"", ""cybersecurity"", ""web development""]",61,9,2025-10-25 21:09:19,en,How do you optimize {keyword} for different platforms?,0.82,1.0,0.42
8600608,digital marketing,marketing,What are the latest trends in digital marketing?,best_practice,Beginner,"[""Introduction to digital marketing"", ""Key concepts and definitions"", ""Main categories or types"", ""Examples and case studies"", ""Benefits and advantages"", ""Summary and recommendations""]","[""marketing"", ""advertising"", ""best_practice"", ""digital""]",6,Marketing Students & Interns,"[""content marketing"", ""social media"", ""brand management""]",48,8,2025-10-25 21:09:19,en,What are the latest trends in {keyword}?,0.74,0.4273952299005479,0.52
8600609,data science,it,How do you optimize data science for different platforms?,implementation,Advanced,"[""Overview of data science"", ""Step-by-step implementation"", ""Best practices and tips"", ""Common challenges and solutions"", ""Tools and resources needed"", ""Conclusion and next steps""]","[""technology"", ""software"", ""it"", ""implementation"", ""science"", ""data""]",6,Senior Developers & Tech Leads,"[""cybersecurity"", ""cloud computing"", ""machine learning"", ""web development""]",57,9,2025-10-25 21:09:19,en,How do you optimize {keyword} for different platforms?,0.7,0.9530872059464405,0.59
8600610,social media,marketing,How do you measure the ROI of social media campaigns?,evaluation,Intermediate,"[""Overview of social media"", ""Step-by-step implementation"", ""Best practices and tips"", ""Common challenges and solutions"", ""Tools and resources needed"", ""Conclusion and next steps""]","[""media"", ""marketing"", ""digital"", ""social"", ""advertising"", ""evaluation""]",6,Marketing Coordinators & Specialists,"[""content marketing"", ""digital marketing"", ""brand management""]",53,10,2025-10-25 21:09:19,en,How do you measure the ROI of {keyword} campaigns?,0.93,0.7206130084184972,0.31
8600611,financial modeling,economics,What are the risks associated with financial modeling?,evaluation,Beginner,"[""Introduction to financial modeling"", ""Key concepts and definitions"", ""Main categories or types"", ""Examples and case studies"", ""Benefits and advantages"", ""Summary and recommendations""]","[""finance"", ""modeling"", ""financial"", ""evaluation"", ""business"", ""economics""]",6,Students & New Investors,"[""investment planning"", ""portfolio management"", ""market analysis""]",54,8,2025-10-25 21:09:19,en,What are the risks associated with {keyword}?,0.75,0.4017787228566548,0.78
8600612,cloud computing,it,How do you stay updated with cloud computing developments?,implementation,Intermediate,"[""Overview of cloud computing"", ""Step-by-step implementation"", ""Best practices and tips"", ""Common challenges and solutions"", ""Tools and resources needed"", ""Conclusion and next steps""]","[""computing"", ""software"", ""development"", ""it"", ""implementation"", ""cloud""]",6,Junior to Mid-level Developers,"[""data science"", ""cybersecurity"", ""web development"", ""machine learning""]",58,9,2025-10-25 21:09:19,en,How do you stay updated with {keyword} developments?,0.92,0.6745497260879377,0.51
8600613,cloud computing,it,What skills are needed to master cloud computing?,strategy,Advanced,"[""Introduction to cloud computing"", ""Key points and analysis"", ""Practical examples"", ""Expert insights"", ""Action items"", ""Conclusion""]","[""computing"", ""cloud"", ""development"", ""it"", ""strategy"", ""technology""]",4,Senior Developers & Tech Leads,"[""data science"", ""machine learning"", ""web development"", ""cybersecurity""]",49,8,2025-10-25 21:09:19,en,What skills are needed to master {keyword}?,0.87,0.8312754211627251,0.54
8600614,content marketing,marketing,What timing strategies work for content marketing?,strategy,Intermediate,"[""Introduction to content marketing"", ""Key points and analysis"", ""Practical examples"", ""Expert insights"", ""Action items"", ""Conclusion""]","[""content"", ""marketing"", ""digital"", ""branding"", ""strategy""]",4,Marketing Coordinators & Specialists,"[""brand management"", ""social media"", ""digital marketing""]",50,7,2025-10-25 21:09:19,en,What timing strategies work for {keyword}?,0.64,0.7668701551787993,0.71
8600615,digital marketing,marketing,What tools are essential for digital marketing analytics?,best_practice,Beginner,"[""Introduction to digital marketing"", ""Key points and analysis"", ""Practical examples"", ""Expert insights"", ""Action items"", ""Conclusion""]","[""promotion"", ""best_practice"", ""marketing"", ""digital"", ""branding""]",4,Marketing Students & Interns,"[""content marketing"", ""social media"", ""brand management""]",57,8,2025-10-25 21:09:19,en,What tools are essential for {keyword} analytics?,0.65,0.3175825869491228,0.82
8600616,content marketing,marketing,How do you attribute success to content marketing efforts?,troubleshooting,Advanced,"[""Overview of content marketing"", ""Step-by-step implementation"", ""Best practices and tips"", ""Common challenges and solutions"", ""Tools and resources needed"", ""Conclusion and next steps""]","[""content"", ""promotion"", ""troubleshooting"", ""marketing"", ""advertising""]",6,Marketing Managers & Strategists,"[""social media"", ""brand management"", ""digital marketing""]",58,9,2025-10-25 21:09:19,en,How do you attribute success to {keyword} efforts?,0.8,0.8850540716885615,0.53
8600617,machine learning,it,How do you convince stakeholders to invest in machine learning?,how_to,Advanced,"[""Overview of machine learning"", ""Step-by-step implementation"", ""Best practices and tips"", ""Common challenges and solutions"", ""Tools and resources needed"", ""Conclusion and next steps""]","[""how_to"", ""software"", ""it"", ""learning"", ""machine"", ""technology""]",6,Senior Developers & Tech Leads,"[""web development"", ""cybersecurity"", ""data science"", ""cloud computing""]",63,10,2025-10-25 21:09:19,en,How do you convince stakeholders to invest in {keyword}?,0.92,0.932165689747267,0.47
8600618,cloud computing,it,How does cloud computing impact business operations?,how_to,Beginner,"[""Introduction to cloud computing"", ""Key points and analysis"", ""Practical examples"", ""Expert insights"", ""Action items"", ""Conclusion""]","[""computing"", ""how_to"", ""development"", ""it"", ""programming"", ""cloud""]",4,Students & Entry-level Developers,"[""data science"", ""web development"", ""machine learning"", ""cybersecurity""]",52,7,2025-10-25 21:09:19,en,How does {keyword} impact business operations?,0.61,0.4545832484964616,0.86
8600619,market analysis,economics,What timeline is realistic for market analysis returns?,evaluation,Advanced,"[""Introduction to market analysis"", ""Key points and analysis"", ""Practical examples"", ""Expert insights"", ""Action items"", ""Conclusion""]","[""investment"", ""analysis"", ""evaluation"", ""market"", ""business"", ""economics""]",4,Professional Investors & Advisors,"[""financial modeling"", ""portfolio management"", ""investment planning""]",55,8,2025-10-25 21:09:19,en,What timeline is realistic for {keyword} returns?,0.62,0.9548224538140863,0.42
8600620,web development,it,How do you measure the success of web development projects?,best_practice,Intermediate,"[""Overview of web development"", ""Step-by-step implementation"", ""Best practices and tips"", ""Common challenges and solutions"", ""Tools and resources needed"", ""Conclusion and next steps""]","[""software"", ""development"", ""it"", ""best_practice"", ""web""]",6,Junior to Mid-level Developers,"[""cybersecurity"", ""machine learning"", ""data science"", ""cloud computing""]",59,10,2025-10-25 21:09:19,en,How do you measure the success of {keyword} projects?,0.79,0.6035491282292208,0.66
8600621,data science,it,What is the recommended architecture for data science systems?,comparison,Beginner,"[""Introduction to data science"", ""Key points and analysis"", ""Practical examples"", ""Expert insights"", ""Action items"", ""Conclusion""]","[""technology"", ""development"", ""it"", ""comparison"", ""science"", ""data""]",4,Students & Entry-level Developers,"[""web development"", ""cybersecurity"", ""machine learning"", ""cloud computing""]",62,9,2025-10-25 21:09:19,en,What is the recommended architecture for {keyword} systems?,0.69,0.36189087122434466,0.67
8600622,web development,it,What career opportunities exist in web development?,analysis,Advanced,"[""Introduction to web development"", ""Key points and analysis"", ""Practical examples"", ""Expert insights"", ""Action items"", ""Conclusion""]","[""development"", ""web"", ""analysis"", ""it"", ""technology""]",4,Senior Developers & Tech Leads,"[""cloud computing"", ""cybersecurity"", ""machine learning"", ""data science""]",51,7,2025-10-25 21:09:19,en,What career opportunities exist in {keyword}?,0.76,0.8588475440310269,0.5
8600623,cybersecurity,it,How do you implement cybersecurity in a production environment?,strategy,Expert,"[""Overview of cybersecurity"", ""Step-by-step implementation"", ""Best practices and tips"", ""Common challenges and solutions"", ""Tools and resources needed"", ""Conclusion and next steps""]","[""software"", ""it"", ""programming"", ""strategy"", ""cybersecurity""]",5,Architects & Technical Directors,"[""data science"", ""cloud computing"", ""machine learning"", ""web development""]",63,9,2025-10-25 21:09:19,en,How do you implement {keyword} in a production environment?,0.68,1.0,0.33
8600624,investment planning,economics,How do you assess and manage investment planning risks?,best_practice,Expert,"[""Overview of investment planning"", ""Step-by-step implementation"", ""Best practices and tips"", ""Common challenges and solutions"", ""Tools and resources needed"", ""Conclusion and next steps""]","[""investment"", ""planning"", ""finance"", ""best_practice"", ""market"", ""economics""]",6,Portfolio Managers & Financial Experts,"[""financial modeling"", ""portfolio management"", ""market analysis""]",55,9,2025-10-25 21:09:19,en,How do you assess and manage {keyword} risks?,0.74,1.0,0.46
8600625,content marketing,marketing,How do you attribute success to content marketing efforts?,implementation,Intermediate,"[""Overview of content marketing"", ""Step-by-step implementation"", ""Best practices and tips"", ""Common challenges and solutions"", ""Tools and resources needed"", ""Conclusion and next steps""]","[""content"", ""implementation"", ""promotion"", ""marketing"", ""digital""]",6,Marketing Coordinators & Specialists,"[""digital marketing"", ""brand management"", ""social media""]",58,9,2025-10-25 21:09:19,en,How do you attribute success to {keyword} efforts?,0.94,0.6471834709304745,0.53
8600626,social media,marketing,What messaging works best in social media campaigns?,evaluation,Expert,"[""Introduction to social media"", ""Key points and analysis"", ""Practical examples"", ""Expert insights"", ""Action items"", ""Conclusion""]","[""media"", ""promotion"", ""marketing"", ""social"", ""advertising"", ""evaluation""]",4,Marketing Directors & CMOs,"[""brand management"", ""content marketing"", ""digital marketing""]",52,8,2025-10-25 21:09:19,en,What messaging works best in {keyword} campaigns?,0.69,1.0,0.56
8600627,content marketing,marketing,How do you attribute success to content marketing efforts?,comparison,Expert,"[""Overview of content marketing"", ""Step-by-step implementation"", ""Best practices and tips"", ""Common challenges and solutions"", ""Tools and resources needed"", ""Conclusion and next steps""]","[""content"", ""promotion"", ""comparison"", ""marketing"", ""branding""]",6,Marketing Directors & CMOs,"[""social media"", ""brand management"", ""digital marketing""]",58,9,2025-10-25 21:09:19,en,How do you attribute success to {keyword} efforts?,0.94,1.0,0.77
8600628,brand management,marketing,What demographics respond best to brand management?,strategy,Beginner,"[""Introduction to brand management"", ""Key points and analysis"", ""Practical examples"", ""Expert insights"", ""Action items"", ""Conclusion""]","[""promotion"", ""marketing"", ""management"", ""advertising"", ""strategy"", ""brand""]",4,Marketing Students & Interns,"[""content marketing"", ""digital marketing"", ""social media""]",51,7,2025-10-25 21:09:19,en,What demographics respond best to {keyword}?,0.61,0.3235484479092614,0.75
8600629,portfolio management,economics,How do you identify opportunities in portfolio management markets?,how_to,Beginner,"[""Overview of portfolio management"", ""Step-by-step implementation"", ""Best practices and tips"", ""Common challenges and solutions"", ""Tools and resources needed"", ""Conclusion and next steps""]","[""investment"", ""how_to"", ""portfolio"", ""management"", ""business"", ""economics""]",6,Students & New Investors,"[""financial modeling"", ""market analysis"", ""investment planning""]",66,9,2025-10-25 21:09:19,en,How do you identify opportunities in {keyword} markets?,0.74,0.3350500006848549,0.77
8600630,digital marketing,marketing,What timing strategies work for digital marketing?,comparison,Beginner,"[""Introduction to digital marketing"", ""Key points and analysis"", ""Practical examples"", ""Expert insights"", ""Action items"", ""Conclusion""]","[""marketing"", ""promotion"", ""comparison"", ""digital""]",4,Marketing Students & Interns,"[""social media"", ""brand management"", ""content marketing""]",50,7,2025-10-25 21:09:19,en,What timing strategies work for {keyword}?,0.89,0.3933321485697737,0.76
8600631,market analysis,economics,How do economic conditions affect market analysis performance?,evaluation,Intermediate,"[""Introduction to market analysis"", ""Key points and analysis"", ""Practical examples"", ""Expert insights"", ""Action items"", ""Conclusion""]","[""investment"", ""analysis"", ""evaluation"", ""market"", ""business"", ""economics""]",4,Individual Investors & Analysts,"[""financial modeling"", ""investment planning"", ""portfolio management""]",62,8,2025-10-25 21:09:19,en,How do economic conditions affect {keyword} performance?,0.91,0.7283932612907218,0.62
8600632,market analysis,economics,How do economic conditions affect market analysis performance?,planning,Intermediate,"[""Introduction to market analysis"", ""Key points and analysis"", ""Practical examples"", ""Expert insights"", ""Action items"", ""Conclusion""]","[""planning"", ""finance"", ""analysis"", ""market"", ""economics""]",4,Individual Investors & Analysts,"[""investment planning"", ""financial modeling"", ""portfolio management""]",62,8,2025-10-25 21:09:19,en,How do economic conditions affect {keyword} performance?,0.86,0.7580393847200406,0.77
8600633,market analysis,economics,What tools help analyze market analysis data?,how_to,Advanced,"[""Introduction to market analysis"", ""Key points and analysis"", ""Practical examples"", ""Expert insights"", ""Action items"", ""Conclusion""]","[""how_to"", ""analysis"", ""finance"", ""market"", ""business"", ""economics""]",4,Professional Investors & Advisors,"[""financial modeling"", ""investment planning"", ""portfolio management""]",45,7,2025-10-25 21:09:19,en,What tools help analyze {keyword} data?,0.83,0.8178710658155411,0.73
8600634,market analysis,economics,What timeline is realistic for market analysis returns?,evaluation,Expert,"[""Introduction to market analysis"", ""Key points and analysis"", ""Practical examples"", ""Expert insights"", ""Action items"", ""Conclusion""]","[""investment"", ""analysis"", ""evaluation"", ""market"", ""economics""]",4,Portfolio Managers & Financial Experts,"[""investment planning"", ""portfolio management"", ""financial modeling""]",55,8,2025-10-25 21:09:19,en,What timeline is realistic for {keyword} returns?,0.8,1.0,0.35
8600635,portfolio management,economics,What tools help analyze portfolio management data?,implementation,Beginner,"[""Introduction to portfolio management"", ""Key points and analysis"", ""Practical examples"", ""Expert insights"", ""Action items"", ""Conclusion""]","[""investment"", ""implementation"", ""portfolio"", ""management"", ""business"", ""economics""]",4,Students & New Investors,"[""investment planning"", ""market analysis"", ""financial modeling""]",50,7,2025-10-25 21:09:19,en,What tools help analyze {keyword} data?,0.85,0.47523648660487783,0.83
8600636,cloud computing,it,What security considerations should be taken when using cloud computing?,troubleshooting,Advanced,"[""Introduction to cloud computing"", ""Key points and analysis"", ""Practical examples"", ""Expert insights"", ""Action items"", ""Conclusion""]","[""computing"", ""software"", ""it"", ""programming"", ""troubleshooting"", ""cloud""]",4,Senior Developers & Tech Leads,"[""data science"", ""cybersecurity"", ""machine learning"", ""web development""]",72,10,2025-10-25 21:09:19,en,What security considerations should be taken when using {keyword}?,0.73,0.9184871356805916,0.34
8600637,digital marketing,marketing,How do you develop an effective digital marketing strategy?,best_practice,Beginner,"[""Overview of digital marketing"", ""Step-by-step implementation"", ""Best practices and tips"", ""Common challenges and solutions"", ""Tools and resources needed"", ""Conclusion and next steps""]","[""promotion"", ""best_practice"", ""marketing"", ""digital"", ""advertising""]",6,Marketing Students & Interns,"[""social media"", ""content marketing"", ""brand management""]",59,9,2025-10-25 21:09:19,en,How do you develop an effective {keyword} strategy?,0.77,0.3079837170372591,0.69
8600638,cloud computing,it,How do you convince stakeholders to invest in cloud computing?,analysis,Advanced,"[""Overview of cloud computing"", ""Step-by-step implementation"", ""Best practices and tips"", ""Common challenges and solutions"", ""Tools and resources needed"", ""Conclusion and next steps""]","[""computing"", ""software"", ""analysis"", ""it"", ""programming"", ""cloud""]",6,Senior Developers & Tech Leads,"[""data science"", ""web development"", ""machine learning"", ""cybersecurity""]",62,10,2025-10-25 21:09:19,en,How do you convince stakeholders to invest in {keyword}?,0.64,0.9603661789781806,0.54
8600639,investment planning,economics,How do you hedge against investment planning market downturns?,evaluation,Advanced,"[""Overview of investment planning"", ""Step-by-step implementation"", ""Best practices and tips"", ""Common challenges and solutions"", ""Tools and resources needed"", ""Conclusion and next steps""]","[""investment"", ""planning"", ""evaluation"", ""market"", ""economics""]",6,Professional Investors & Advisors,"[""financial modeling"", ""market analysis"", ""portfolio management""]",62,9,2025-10-25 21:09:19,en,How do you hedge against {keyword} market downturns?,0.89,0.9179988958863677,0.59
8600640,content marketing,marketing,How do you develop an effective content marketing strategy?,troubleshooting,Intermediate,"[""Overview of content marketing"", ""Step-by-step implementation"", ""Best practices and tips"", ""Common challenges and solutions"", ""Tools and resources needed"", ""Conclusion and next steps""]","[""content"", ""troubleshooting"", ""marketing"", ""digital"", ""branding""]",6,Marketing Coordinators & Specialists,"[""social media"", ""brand management"", ""digital marketing""]",59,9,2025-10-25 21:09:19,en,How do you develop an effective {keyword} strategy?,0.77,0.676740885448523,0.42
8600641,cybersecurity,it,What certifications are valuable for cybersecurity professionals?,planning,Beginner,"[""Introduction to cybersecurity"", ""Key points and analysis"", ""Practical examples"", ""Expert insights"", ""Action items"", ""Conclusion""]","[""planning"", ""development"", ""it"", ""programming"", ""cybersecurity""]",4,Students & Entry-level Developers,"[""data science"", ""machine learning"", ""cloud computing"", ""web development""]",65,7,2025-10-25 21:09:19,en,What certifications are valuable for {keyword} professionals?,0.69,0.43813898367916254,0.74
8600642,web development,it,How do you choose the right technology stack for web development?,implementation,Advanced,"[""Overview of web development"", ""Step-by-step implementation"", ""Best practices and tips"", ""Common challenges and solutions"", ""Tools and resources needed"", ""Conclusion and next steps""]","[""development"", ""web"", ""implementation"", ""it"", ""programming"", ""technology""]",6,Senior Developers & Tech Leads,"[""data science"", ""cloud computing"", ""cybersecurity"", ""machine learning""]",65,11,2025-10-25 21:09:19,en,How do you choose the right technology stack for {keyword}?,0.68,0.9245720543348256,0.42
8600643,brand management,marketing,How do you automate brand management processes?,best_practice,Advanced,"[""Overview of brand management"", ""Step-by-step implementation"", ""Best practices and tips"", ""Common challenges and solutions"", ""Tools and resources needed"", ""Conclusion and next steps""]","[""promotion"", ""best_practice"", ""marketing"", ""management"", ""digital"", ""brand""]",6,Marketing Managers & Strategists,"[""content marketing"", ""social media"", ""digital marketing""]",47,7,2025-10-25 21:09:19,en,How do you automate {keyword} processes?,0.65,0.8080867410916325,0.42
8600644,cloud computing,it,How do you optimize cloud computing for different platforms?,troubleshooting,Advanced,"[""Overview of cloud computing"", ""Step-by-step implementation"", ""Best practices and tips"", ""Common challenges and solutions"", ""Tools and resources needed"", ""Conclusion and next steps""]","[""computing"", ""software"", ""development"", ""it"", ""troubleshooting"", ""cloud""]",6,Senior Developers & Tech Leads,"[""data science"", ""cybersecurity"", ""machine learning"", ""web development""]",60,9,2025-10-25 21:09:19,en,How do you optimize {keyword} for different platforms?,0.69,0.9181607377920942,0.87
8600645,digital marketing,marketing,What timing strategies work for digital marketing?,implementation,Advanced,"[""Introduction to digital marketing"", ""Key points and analysis"", ""Practical examples"", ""Expert insights"", ""Action items"", ""Conclusion""]","[""implementation"", ""promotion"", ""marketing"", ""digital"", ""branding""]",4,Marketing Managers & Strategists,"[""brand management"", ""social media"", ""content marketing""]",50,7,2025-10-25 21:09:19,en,What timing strategies work for {keyword}?,0.62,0.8546614518418465,0.81
8600646,market analysis,economics,What is the optimal allocation for market analysis in a portfolio?,evaluation,Advanced,"[""Introduction to market analysis"", ""Key points and analysis"", ""Practical examples"", ""Expert insights"", ""Action items"", ""Conclusion""]","[""investment"", ""analysis"", ""finance"", ""evaluation"", ""market"", ""economics""]",4,Professional Investors & Advisors,"[""financial modeling"", ""portfolio management"", ""investment planning""]",66,11,2025-10-25 21:09:19,en,What is the optimal allocation for {keyword} in a portfolio?,0.95,0.8924854698905744,0.64
8600647,investment planning,economics,How do you benchmark investment planning against alternatives?,troubleshooting,Expert,"[""Overview of investment planning"", ""Step-by-step implementation"", ""Best practices and tips"", ""Common challenges and solutions"", ""Tools and resources needed"", ""Conclusion and next steps""]","[""investment"", ""planning"", ""troubleshooting"", ""market"", ""business"", ""economics""]",6,Portfolio Managers & Financial Experts,"[""market analysis"", ""portfolio management"", ""financial modeling""]",62,8,2025-10-25 21:09:19,en,How do you benchmark {keyword} against alternatives?,0.91,1.0,0.72
8600648,portfolio management,economics,What insurance options are available for portfolio management?,how_to,Beginner,"[""Introduction to portfolio management"", ""Key points and analysis"", ""Practical examples"", ""Expert insights"", ""Action items"", ""Conclusion""]","[""how_to"", ""portfolio"", ""management"", ""market"", ""business"", ""economics""]",4,Students & New Investors,"[""investment planning"", ""market analysis"", ""financial modeling""]",62,8,2025-10-25 21:09:19,en,What insurance options are available for {keyword}?,0.63,0.32265347347653067,0.87
8600649,web development,it,How do you measure the success of web development projects?,implementation,Expert,"[""Overview of web development"", ""Step-by-step implementation"", ""Best practices and tips"", ""Common challenges and solutions"", ""Tools and resources needed"", ""Conclusion and next steps""]","[""software"", ""development"", ""it"", ""implementation"", ""programming"", ""web""]",6,Architects & Technical Directors,"[""data science"", ""machine learning"", ""cybersecurity"", ""cloud computing""]",59,10,2025-10-25 21:09:19,en,How do you measure the success of {keyword} projects?,0.61,1.0,0.3
8600650,digital marketing,marketing,What KPIs are most important for digital marketing?,analysis,Intermediate,"[""Introduction to digital marketing"", ""Key points and analysis"", ""Practical examples"", ""Expert insights"", ""Action items"", ""Conclusion""]","[""analysis"", ""marketing"", ""digital"", ""advertising"", ""branding""]",4,Marketing Coordinators & Specialists,"[""brand management"", ""social media"", ""content marketing""]",51,8,2025-10-25 21:09:19,en,What KPIs are most important for {keyword}?,0.78,0.6339696815361959,0.85
8600651,digital marketing,marketing,What does the future hold for digital marketing?,implementation,Expert,"[""Introduction to digital marketing"", ""Key points and analysis"", ""Practical examples"", ""Expert insights"", ""Action items"", ""Conclusion""]","[""implementation"", ""promotion"", ""marketing"", ""digital"", ""advertising""]",4,Marketing Directors & CMOs,"[""content marketing"", ""brand management"", ""social media""]",48,8,2025-10-25 21:09:19,en,What does the future hold for {keyword}?,0.65,1.0,0.39
8600652,market analysis,economics,How do you diversify your portfolio using market analysis?,best_practice,Expert,"[""Overview of market analysis"", ""Step-by-step implementation"", ""Best practices and tips"", ""Common challenges and solutions"", ""Tools and resources needed"", ""Conclusion and next steps""]","[""finance"", ""analysis"", ""best_practice"", ""market"", ""business"", ""economics""]",6,Portfolio Managers & Financial Experts,"[""portfolio management"", ""investment planning"", ""financial modeling""]",58,9,2025-10-25 21:09:19,en,How do you diversify your portfolio using {keyword}?,0.81,1.0,0.54
8600653,cybersecurity,it,How do you choose the right technology stack for cybersecurity?,analysis,Expert,"[""Overview of cybersecurity"", ""Step-by-step implementation"", ""Best practices and tips"", ""Common challenges and solutions"", ""Tools and resources needed"", ""Conclusion and next steps""]","[""software"", ""analysis"", ""it"", ""programming"", ""cybersecurity""]",5,Architects & Technical Directors,"[""data science"", ""web development"", ""cloud computing"", ""machine learning""]",63,10,2025-10-25 21:09:19,en,How do you choose the right technology stack for {keyword}?,0.78,1.0,0.64
8600654,financial modeling,economics,What factors should be considered when evaluating financial modeling?,best_practice,Intermediate,"[""Introduction to financial modeling"", ""Key points and analysis"", ""Practical examples"", ""Expert insights"", ""Action items"", ""Conclusion""]","[""finance"", ""best_practice"", ""modeling"", ""financial"", ""market"", ""economics""]",4,Individual Investors & Analysts,"[""investment planning"", ""portfolio management"", ""market analysis""]",69,9,2025-10-25 21:09:19,en,What factors should be considered when evaluating {keyword}?,0.7,0.6901569040057144,0.77
8600655,digital marketing,marketing,How is AI changing digital marketing approaches?,evaluation,Beginner,"[""Introduction to digital marketing"", ""Key points and analysis"", ""Practical examples"", ""Expert insights"", ""Action items"", ""Conclusion""]","[""promotion"", ""marketing"", ""digital"", ""branding"", ""evaluation""]",4,Marketing Students & Interns,"[""social media"", ""brand management"", ""content marketing""]",48,7,2025-10-25 21:09:19,en,How is AI changing {keyword} approaches?,0.91,0.35919351609146355,0.36
8600656,web development,it,How do you optimize web development for different platforms?,comparison,Intermediate,"[""Overview of web development"", ""Step-by-step implementation"", ""Best practices and tips"", ""Common challenges and solutions"", ""Tools and resources needed"", ""Conclusion and next steps""]","[""development"", ""web"", ""it"", ""comparison"", ""programming"", ""technology""]",6,Junior to Mid-level Developers,"[""cybersecurity"", ""machine learning"", ""cloud computing"", ""data science""]",60,9,2025-10-25 21:09:19,en,How do you optimize {keyword} for different platforms?,0.64,0.6864893529202525,0.78
8600657,data science,it,How do you get started with data science as a beginner?,how_to,Intermediate,"[""Overview of data science"", ""Step-by-step implementation"", ""Best practices and tips"", ""Common challenges and solutions"", ""Tools and resources needed"", ""Conclusion and next steps""]","[""how_to"", ""development"", ""it"", ""programming"", ""science"", ""data""]",6,Junior to Mid-level Developers,"[""web development"", ""cloud computing"", ""cybersecurity"", ""machine learning""]",55,11,2025-10-25 21:09:19,en,How do you get started with {keyword} as a beginner?,0.65,0.7959799290143285,0.42
8600658,digital marketing,marketing,What channels are most effective for digital marketing?,comparison,Beginner,"[""Introduction to digital marketing"", ""Key points and analysis"", ""Practical examples"", ""Expert insights"", ""Action items"", ""Conclusion""]","[""promotion"", ""comparison"", ""marketing"", ""digital"", ""branding""]",4,Marketing Students & Interns,"[""content marketing"", ""social media"", ""brand management""]",55,8,2025-10-25 21:09:19,en,What channels are most effective for {keyword}?,0.89,0.3371057151697822,0.68
8600659,cybersecurity,it,How do you implement cybersecurity in a production environment?,best_practice,Advanced,"[""Overview of cybersecurity"", ""Step-by-step implementation"", ""Best practices and tips"", ""Common challenges and solutions"", ""Tools and resources needed"", ""Conclusion and next steps""]","[""software"", ""development"", ""it"", ""best_practice"", ""cybersecurity""]",5,Senior Developers & Tech Leads,"[""data science"", ""cloud computing"", ""machine learning"", ""web development""]",63,9,2025-10-25 21:09:19,en,How do you implement {keyword} in a production environment?,0.65,0.9944644717708334,0.86
8600660,digital marketing,marketing,How do you improve digital marketing conversion rates?,best_practice,Intermediate,"[""Overview of digital marketing"", ""Step-by-step implementation"", ""Best practices and tips"", ""Common challenges and solutions"", ""Tools and resources needed"", ""Conclusion and next steps""]","[""promotion"", ""best_practice"", ""marketing"", ""digital"", ""advertising""]",6,Marketing Coordinators & Specialists,"[""content marketing"", ""brand management"", ""social media""]",54,8,2025-10-25 21:09:19,en,How do you improve {keyword} conversion rates?,0.65,0.6873372408171964,0.84
8600661,market analysis,economics,How do you diversify your portfolio using market analysis?,strategy,Expert,"[""Overview of market analysis"", ""Step-by-step implementation"", ""Best practices and tips"", ""Common challenges and solutions"", ""Tools and resources needed"", ""Conclusion and next steps""]","[""finance"", ""analysis"", ""market"", ""strategy"", ""economics""]",6,Portfolio Managers & Financial Experts,"[""financial modeling"", ""portfolio management"", ""investment planning""]",58,9,2025-10-25 21:09:19,en,How do you diversify your portfolio using {keyword}?,0.81,1.0,0.5
8600662,machine learning,it,How do you convince stakeholders to invest in machine learning?,how_to,Expert,"[""Overview of machine learning"", ""Step-by-step implementation"", ""Best practices and tips"", ""Common challenges and solutions"", ""Tools and resources needed"", ""Conclusion and next steps""]","[""how_to"", ""software"", ""development"", ""it"", ""learning"", ""machine""]",6,Architects & Technical Directors,"[""data science"", ""cloud computing"", ""cybersecurity"", ""web development""]",63,10,2025-10-25 21:09:19,en,How do you convince stakeholders to invest in {keyword}?,0.88,1.0,0.61
8600663,financial modeling,economics,How do you diversify your portfolio using financial modeling?,comparison,Expert,"[""Overview of financial modeling"", ""Step-by-step implementation"", ""Best practices and tips"", ""Common challenges and solutions"", ""Tools and resources needed"", ""Conclusion and next steps""]","[""investment"", ""finance"", ""comparison"", ""modeling"", ""financial"", ""economics""]",6,Portfolio Managers & Financial Experts,"[""market analysis"", ""investment planning"", ""portfolio management""]",61,9,2025-10-25 21:09:19,en,How do you diversify your portfolio using {keyword}?,0.62,1.0,0.48
8600664,social media,marketing,How do you measure the ROI of social media campaigns?,implementation,Advanced,"[""Overview of social media"", ""Step-by-step implementation"", ""Best practices and tips"", ""Common challenges and solutions"", ""Tools and resources needed"", ""Conclusion and next steps""]","[""media"", ""implementation"", ""marketing"", ""digital"", ""social"", ""advertising""]",6,Marketing Managers & Strategists,"[""content marketing"", ""digital marketing"", ""brand management""]",53,10,2025-10-25 21:09:19,en,How do you measure the ROI of {keyword} campaigns?,0.62,0.8960702997305074,0.34
8600665,cloud computing,it,What are the best practices for cloud computing development?,troubleshooting,Beginner,"[""Introduction to cloud computing"", ""Key concepts and definitions"", ""Main categories or types"", ""Examples and case studies"", ""Benefits and advantages"", ""Summary and recommendations""]","[""computing"", ""it"", ""programming"", ""troubleshooting"", ""cloud"", ""technology""]",6,Students & Entry-level Developers,"[""cybersecurity"", ""data science"", ""web development"", ""machine learning""]",60,9,2025-10-25 21:09:19,en,What are the best practices for {keyword} development?,0.63,0.34124389671699606,0.51
8600666,machine learning,it,How do you convince stakeholders to invest in machine learning?,planning,Expert,"[""Overview of machine learning"", ""Step-by-step implementation"", ""Best practices and tips"", ""Common challenges and solutions"", ""Tools and resources needed"", ""Conclusion and next steps""]","[""planning"", ""development"", ""it"", ""programming"", ""learning"", ""machine""]",6,Architects & Technical Directors,"[""cloud computing"", ""web development"", ""cybersecurity"", ""data science""]",63,10,2025-10-25 21:09:19,en,How do you convince stakeholders to invest in {keyword}?,0.84,1.0,0.75
8600667,brand management,marketing,How do you develop an effective brand management strategy?,troubleshooting,Expert,"[""Overview of brand management"", ""Step-by-step implementation"", ""Best practices and tips"", ""Common challenges and solutions"", ""Tools and resources needed"", ""Conclusion and next steps""]","[""troubleshooting"", ""marketing"", ""management"", ""advertising"", ""branding"", ""brand""]",6,Marketing Directors & CMOs,"[""digital marketing"", ""content marketing"", ""social media""]",58,9,2025-10-25 21:09:19,en,How do you develop an effective {keyword} strategy?,0.79,1.0,0.68
8600668,portfolio management,economics,How do you benchmark portfolio management against alternatives?,optimization,Beginner,"[""Overview of portfolio management"", ""Step-by-step implementation"", ""Best practices and tips"", ""Common challenges and solutions"", ""Tools and resources needed"", ""Conclusion and next steps""]","[""portfolio"", ""management"", ""business"", ""market"", ""optimization"", ""economics""]",6,Students & New Investors,"[""investment planning"", ""financial modeling"", ""market analysis""]",63,8,2025-10-25 21:09:19,en,How do you benchmark {keyword} against alternatives?,0.64,0.3497270723930495,0.71
8600669,machine learning,it,How do you stay updated with machine learning developments?,how_to,Beginner,"[""Overview of machine learning"", ""Step-by-step implementation"", ""Best practices and tips"", ""Common challenges and solutions"", ""Tools and resources needed"", ""Conclusion and next steps""]","[""how_to"", ""software"", ""it"", ""programming"", ""learning"", ""machine""]",6,Students & Entry-level Developers,"[""data science"", ""cybersecurity"", ""cloud computing"", ""web development""]",59,9,2025-10-25 21:09:19,en,How do you stay updated with {keyword} developments?,0.67,0.3769065556517743,0.37
8600670,portfolio management,economics,What is the optimal allocation for portfolio management in a portfolio?,planning,Intermediate,"[""Introduction to portfolio management"", ""Key points and analysis"", ""Practical examples"", ""Expert insights"", ""Action items"", ""Conclusion""]","[""investment"", ""planning"", ""finance"", ""portfolio"", ""management"", ""economics""]",4,Individual Investors & Analysts,"[""market analysis"", ""financial modeling"", ""investment planning""]",71,11,2025-10-25 21:09:19,en,What is the optimal allocation for {keyword} in a portfolio?,0.88,0.7652604546973498,0.78
8600671,digital marketing,marketing,How is AI changing digital marketing approaches?,comparison,Intermediate,"[""Introduction to digital marketing"", ""Key points and analysis"", ""Practical examples"", ""Expert insights"", ""Action items"", ""Conclusion""]","[""marketing"", ""promotion"", ""comparison"", ""digital""]",4,Marketing Coordinators & Specialists,"[""content marketing"", ""social media"", ""brand management""]",48,7,2025-10-25 21:09:19,en,How is AI changing {keyword} approaches?,0.66,0.7116398824370341,0.59
8600672,brand management,marketing,What content types work best for brand management?,evaluation,Beginner,"[""Introduction to brand management"", ""Key points and analysis"", ""Practical examples"", ""Expert insights"", ""Action items"", ""Conclusion""]","[""promotion"", ""marketing"", ""management"", ""advertising"", ""evaluation"", ""brand""]",4,Marketing Students & Interns,"[""content marketing"", ""digital marketing"", ""social media""]",50,8,2025-10-25 21:09:19,en,What content types work best for {keyword}?,0.71,0.47165332498340173,0.55
8600673,portfolio management,economics,What factors should be considered when evaluating portfolio management?,strategy,Advanced,"[""Introduction to portfolio management"", ""Key points and analysis"", ""Practical examples"", ""Expert insights"", ""Action items"", ""Conclusion""]","[""finance"", ""portfolio"", ""management"", ""market"", ""strategy"", ""economics""]",4,Professional Investors & Advisors,"[""investment planning"", ""market analysis"", ""financial modeling""]",71,9,2025-10-25 21:09:19,en,What factors should be considered when evaluating {keyword}?,0.73,0.837042133317394,0.66
8600674,portfolio management,economics,How do you identify opportunities in portfolio management markets?,strategy,Expert,"[""Overview of portfolio management"", ""Step-by-step implementation"", ""Best practices and tips"", ""Common challenges and solutions"", ""Tools and resources needed"", ""Conclusion and next steps""]","[""finance"", ""portfolio"", ""management"", ""business"", ""strategy"", ""economics""]",6,Portfolio Managers & Financial Experts,"[""investment planning"", ""financial modeling"", ""market analysis""]",66,9,2025-10-25 21:09:19,en,How do you identify opportunities in {keyword} markets?,0.73,1.0,0.64
8600675,brand management,marketing,What emerging platforms support brand management?,analysis,Beginner,"[""Introduction to brand management"", ""Key points and analysis"", ""Practical examples"", ""Expert insights"", ""Action items"", ""Conclusion""]","[""analysis"", ""promotion"", ""digital"", ""marketing"", ""management"", ""brand""]",4,Marketing Students & Interns,"[""content marketing"", ""social media"", ""digital marketing""]",49,6,2025-10-25 21:09:19,en,What emerging platforms support {keyword}?,0.82,0.4156700007997283,0.56
8600676,content marketing,marketing,How do you improve content marketing conversion rates?,analysis,Intermediate,"[""Overview of content marketing"", ""Step-by-step implementation"", ""Best practices and tips"", ""Common challenges and solutions"", ""Tools and resources needed"", ""Conclusion and next steps""]","[""content"", ""analysis"", ""promotion"", ""marketing"", ""advertising""]",6,Marketing Coordinators & Specialists,"[""brand management"", ""digital marketing"", ""social media""]",54,8,2025-10-25 21:09:19,en,How do you improve {keyword} conversion rates?,0.85,0.7336422169662717,0.7
8600677,brand management,marketing,How do you innovate within brand management?,planning,Advanced,"[""Overview of brand management"", ""Step-by-step implementation"", ""Best practices and tips"", ""Common challenges and solutions"", ""Tools and resources needed"", ""Conclusion and next steps""]","[""planning"", ""marketing"", ""management"", ""advertising"", ""digital"", ""brand""]",6,Marketing Managers & Strategists,"[""social media"", ""digital marketing"", ""content marketing""]",44,7,2025-10-25 21:09:19,en,How do you innovate within {keyword}?,0.86,0.9049835205163922,0.52
8600678,financial modeling,economics,What exit strategies should be considered for financial modeling?,troubleshooting,Expert,"[""Introduction to financial modeling"", ""Key points and analysis"", ""Practical examples"", ""Expert insights"", ""Action items"", ""Conclusion""]","[""finance"", ""troubleshooting"", ""modeling"", ""financial"", ""business"", ""economics""]",4,Portfolio Managers & Financial Experts,"[""portfolio management"", ""investment planning"", ""market analysis""]",65,9,2025-10-25 21:09:19,en,What exit strategies should be considered for {keyword}?,0.94,1.0,0.43
8600679,cloud computing,it,What ROI can be expected from cloud computing implementation?,analysis,Expert,"[""Introduction to cloud computing"", ""Key points and analysis"", ""Practical examples"", ""Expert insights"", ""Action items"", ""Conclusion""]","[""computing"", ""software"", ""development"", ""analysis"", ""it"", ""cloud""]",4,Architects & Technical Directors,"[""cybersecurity"", ""machine learning"", ""data science"", ""web development""]",61,9,2025-10-25 21:09:19,en,What ROI can be expected from {keyword} implementation?,0.72,1.0,0.83
8600680,machine learning,it,How do you implement machine learning in a production environment?,comparison,Intermediate,"[""Overview of machine learning"", ""Step-by-step implementation"", ""Best practices and tips"", ""Common challenges and solutions"", ""Tools and resources needed"", ""Conclusion and next steps""]","[""software"", ""it"", ""comparison"", ""learning"", ""machine"", ""technology""]",6,Junior to Mid-level Developers,"[""web development"", ""cybersecurity"", ""cloud computing"", ""data science""]",66,10,2025-10-25 21:09:19,en,How do you implement {keyword} in a production environment?,0.65,0.6038513862794905,0.63
8600681,content marketing,marketing,What content types work best for content marketing?,comparison,Beginner,"[""Introduction to content marketing"", ""Key points and analysis"", ""Practical examples"", ""Expert insights"", ""Action items"", ""Conclusion""]","[""content"", ""comparison"", ""digital"", ""marketing"", ""branding""]",4,Marketing Students & Interns,"[""digital marketing"", ""brand management"", ""social media""]",51,8,2025-10-25 21:09:19,en,What content types work best for {keyword}?,0.61,0.44500102888569326,0.32
8600682,financial modeling,economics,How do you analyze market trends in financial modeling?,implementation,Beginner,"[""Overview of financial modeling"", ""Step-by-step implementation"", ""Best practices and tips"", ""Common challenges and solutions"", ""Tools and resources needed"", ""Conclusion and next steps""]","[""implementation"", ""modeling"", ""financial"", ""market"", ""business"", ""economics""]",6,Students & New Investors,"[""portfolio management"", ""market analysis"", ""investment planning""]",55,9,2025-10-25 21:09:19,en,How do you analyze market trends in {keyword}?,0.85,0.43154289952963854,0.34
8600683,social media,marketing,How do you innovate within social media?,comparison,Expert,"[""Overview of social media"", ""Step-by-step implementation"", ""Best practices and tips"", ""Common challenges and solutions"", ""Tools and resources needed"", ""Conclusion and next steps""]","[""media"", ""comparison"", ""digital"", ""marketing"", ""social"", ""branding""]",6,Marketing Directors & CMOs,"[""brand management"", ""digital marketing"", ""content marketing""]",40,7,2025-10-25 21:09:19,en,How do you innovate within {keyword}?,0.78,1.0,0.67
8600684,social media,marketing,How do you measure the ROI of social media campaigns?,optimization,Expert,"[""Overview of social media"", ""Step-by-step implementation"", ""Best practices and tips"", ""Common challenges and solutions"", ""Tools and resources needed"", ""Conclusion and next steps""]","[""media"", ""promotion"", ""digital"", ""marketing"", ""social"", ""optimization""]",6,Marketing Directors & CMOs,"[""digital marketing"", ""brand management"", ""content marketing""]",53,10,2025-10-25 21:09:19,en,How do you measure the ROI of {keyword} campaigns?,0.88,1.0,0.89
8600685,cybersecurity,it,What design patterns work best with cybersecurity?,best_practice,Beginner,"[""Introduction to cybersecurity"", ""Key points and analysis"", ""Practical examples"", ""Expert insights"", ""Action items"", ""Conclusion""]","[""software"", ""development"", ""it"", ""best_practice"", ""cybersecurity""]",4,Students & Entry-level Developers,"[""machine learning"", ""web development"", ""cloud computing"", ""data science""]",50,7,2025-10-25 21:09:19,en,What design patterns work best with {keyword}?,0.67,0.40442944839044576,0.5
8600686,brand management,marketing,What KPIs are most important for brand management?,best_practice,Expert,"[""Introduction to brand management"", ""Key points and analysis"", ""Practical examples"", ""Expert insights"", ""Action items"", ""Conclusion""]","[""promotion"", ""best_practice"", ""marketing"", ""management"", ""advertising"", ""brand""]",4,Marketing Directors & CMOs,"[""digital marketing"", ""content marketing"", ""social media""]",50,8,2025-10-25 21:09:19,en,What KPIs are most important for {keyword}?,0.93,1.0,0.89
8600687,investment planning,economics,How do you benchmark investment planning against alternatives?,analysis,Advanced,"[""Overview of investment planning"", ""Step-by-step implementation"", ""Best practices and tips"", ""Common challenges and solutions"", ""Tools and resources needed"", ""Conclusion and next steps""]","[""investment"", ""planning"", ""analysis"", ""business"", ""economics""]",6,Professional Investors & Advisors,"[""financial modeling"", ""market analysis"", ""portfolio management""]",62,8,2025-10-25 21:09:19,en,How do you benchmark {keyword} against alternatives?,0.87,0.9443506338902821,0.54
8600688,investment planning,economics,What metrics are most important for investment planning?,comparison,Intermediate,"[""Introduction to investment planning"", ""Key points and analysis"", ""Practical examples"", ""Expert insights"", ""Action items"", ""Conclusion""]","[""investment"", ""planning"", ""comparison"", ""market"", ""economics""]",4,Individual Investors & Analysts,"[""market analysis"", ""portfolio management"", ""financial modeling""]",56,8,2025-10-25 21:09:19,en,What metrics are most important for {keyword}?,0.88,0.7562714176833238,0.4
8600689,digital marketing,marketing,How do you optimize digital marketing for mobile users?,planning,Expert,"[""Overview of digital marketing"", ""Step-by-step implementation"", ""Best practices and tips"", ""Common challenges and solutions"", ""Tools and resources needed"", ""Conclusion and next steps""]","[""marketing"", ""promotion"", ""planning"", ""digital""]",6,Marketing Directors & CMOs,"[""brand management"", ""content marketing"", ""social media""]",55,9,2025-10-25 21:09:19,en,How do you optimize {keyword} for mobile users?,0.87,1.0,0.71
8600690,content marketing,marketing,What emerging platforms support content marketing?,comparison,Intermediate,"[""Introduction to content marketing"", ""Key points and analysis"", ""Practical examples"", ""Expert insights"", ""Action items"", ""Conclusion""]","[""content"", ""comparison"", ""marketing"", ""advertising"", ""branding""]",4,Marketing Coordinators & Specialists,"[""brand management"", ""digital marketing"", ""social media""]",50,6,2025-10-25 21:09:19,en,What emerging platforms support {keyword}?,0.69,0.644218920763033,0.42
8600691,brand management,marketing,How do you attribute success to brand management efforts?,implementation,Advanced,"[""Overview of brand management"", ""Step-by-step implementation"", ""Best practices and tips"", ""Common challenges and solutions"", ""Tools and resources needed"", ""Conclusion and next steps""]","[""implementation"", ""promotion"", ""marketing"", ""management"", ""advertising"", ""brand""]",6,Marketing Managers & Strategists,"[""social media"", ""content marketing"", ""digital marketing""]",57,9,2025-10-25 21:09:19,en,How do you attribute success to {keyword} efforts?,0.8,0.9696903402602731,0.69
8600692,portfolio management,economics,What factors should be considered when evaluating portfolio management?,troubleshooting,Intermediate,"[""Introduction to portfolio management"", ""Key points and analysis"", ""Practical examples"", ""Expert insights"", ""Action items"", ""Conclusion""]","[""investment"", ""portfolio"", ""troubleshooting"", ""management"", ""business"", ""economics""]",4,Individual Investors & Analysts,"[""market analysis"", ""investment planning"", ""financial modeling""]",71,9,2025-10-25 21:09:19,en,What factors should be considered when evaluating {keyword}?,0.81,0.6175659749107142,0.68
8600693,web development,it,Which frameworks support web development implementation?,optimization,Expert,"[""Introduction to web development"", ""Key points and analysis"", ""Practical examples"", ""Expert insights"", ""Action items"", ""Conclusion""]","[""software"", ""development"", ""it"", ""programming"", ""optimization"", ""web""]",4,Architects & Technical Directors,"[""cybersecurity"", ""machine learning"", ""cloud computing"", ""data science""]",56,6,2025-10-25 21:09:19,en,Which frameworks support {keyword} implementation?,0.67,1.0,0.31
8600694,machine learning,it,What are the best practices for machine learning development?,how_to,Advanced,"[""Introduction to machine learning"", ""Key concepts and definitions"", ""Main categories or types"", ""Examples and case studies"", ""Benefits and advantages"", ""Summary and recommendations""]","[""how_to"", ""development"", ""it"", ""learning"", ""machine"", ""technology""]",6,Senior Developers & Tech Leads,"[""data science"", ""cybersecurity"", ""cloud computing"", ""web development""]",61,9,2025-10-25 21:09:19,en,What are the best practices for {keyword} development?,0.72,0.8085313370725965,0.4
8600695,financial modeling,economics,How do you identify opportunities in financial modeling markets?,optimization,Intermediate,"[""Overview of financial modeling"", ""Step-by-step implementation"", ""Best practices and tips"", ""Common challenges and solutions"", ""Tools and resources needed"", ""Conclusion and next steps""]","[""investment"", ""modeling"", ""financial"", ""market"", ""optimization"", ""economics""]",6,Individual Investors & Analysts,"[""portfolio management"", ""investment planning"", ""market analysis""]",64,9,2025-10-25 21:09:19,en,How do you identify opportunities in {keyword} markets?,0.76,0.6444348095285871,0.53
8600696,market analysis,economics,How do you measure market analysis performance?,implementation,Intermediate,"[""Overview of market analysis"", ""Step-by-step implementation"", ""Best practices and tips"", ""Common challenges and solutions"", ""Tools and resources needed"", ""Conclusion and next steps""]","[""finance"", ""analysis"", ""implementation"", ""market"", ""economics""]",6,Individual Investors & Analysts,"[""portfolio management"", ""financial modeling"", ""investment planning""]",47,7,2025-10-25 21:09:19,en,How do you measure {keyword} performance?,0.89,0.6607828617602797,0.61
8600697,cybersecurity,it,How do you get started with cybersecurity as a beginner?,planning,Expert,"[""Overview of cybersecurity"", ""Step-by-step implementation"", ""Best practices and tips"", ""Common challenges and solutions"", ""Tools and resources needed"", ""Conclusion and next steps""]","[""software"", ""planning"", ""it"", ""cybersecurity"", ""technology""]",5,Architects & Technical Directors,"[""web development"", ""cloud computing"", ""machine learning"", ""data science""]",56,10,2025-10-25 21:09:19,en,How do you get started with {keyword} as a beginner?,0.83,1.0,0.81
8600698,investment planning,economics,What factors should be considered when evaluating investment planning?,evaluation,Advanced,"[""Introduction to investment planning"", ""Key points and analysis"", ""Practical examples"", ""Expert insights"", ""Action items"", ""Conclusion""]","[""investment"", ""planning"", ""evaluation"", ""market"", ""economics""]",4,Professional Investors & Advisors,"[""market analysis"", ""portfolio management"", ""financial modeling""]",70,9,2025-10-25 21:09:19,en,What factors should be considered when evaluating {keyword}?,0.68,0.8071661095644066,0.4
8600699,data science,it,What career opportunities exist in data science?,troubleshooting,Expert,"[""Introduction to data science"", ""Key points and analysis"", ""Practical examples"", ""Expert insights"", ""Action items"", ""Conclusion""]","[""software"", ""development"", ""it"", ""troubleshooting"", ""science"", ""data""]",4,Architects & Technical Directors,"[""cloud computing"", ""cybersecurity"", ""machine learning"", ""web development""]",48,7,2025-10-25 21:09:19,en,What career opportunities exist in {keyword}?,0.9,1.0,0.42
8600700,machine learning,it,How do you integrate machine learning with existing systems?,evaluation,Intermediate,"[""Overview of machine learning"", ""Step-by-step implementation"", ""Best practices and tips"", ""Common challenges and solutions"", ""Tools and resources needed"", ""Conclusion and next steps""]","[""software"", ""development"", ""it"", ""learning"", ""evaluation"", ""machine""]",6,Junior to Mid-level Developers,"[""web development"", ""cloud computing"", ""cybersecurity"", ""data science""]",60,9,2025-10-25 21:09:19,en,How do you integrate {keyword} with existing systems?,0.91,0.6936109856143158,0.69
8600701,cybersecurity,it,What are the key components of a cybersecurity implementation?,how_to,Beginner,"[""Introduction to cybersecurity"", ""Key concepts and definitions"", ""Main categories or types"", ""Examples and case studies"", ""Benefits and advantages"", ""Summary and recommendations""]","[""how_to"", ""it"", ""programming"", ""cybersecurity"", ""technology""]",5,Students & Entry-level Developers,"[""web development"", ""data science"", ""cloud computing"", ""machine learning""]",62,9,2025-10-25 21:09:19,en,What are the key components of a {keyword} implementation?,0.78,0.45657742631493514,0.83
8600702,content marketing,marketing,How do you measure the ROI of content marketing campaigns?,planning,Beginner,"[""Overview of content marketing"", ""Step-by-step implementation"", ""Best practices and tips"", ""Common challenges and solutions"", ""Tools and resources needed"", ""Conclusion and next steps""]","[""planning"", ""content"", ""marketing"", ""digital"", ""branding""]",6,Marketing Students & Interns,"[""brand management"", ""social media"", ""digital marketing""]",58,10,2025-10-25 21:09:19,en,How do you measure the ROI of {keyword} campaigns?,0.71,0.4929942762291586,0.76
8600703,machine learning,it,How do you get started with machine learning as a beginner?,evaluation,Expert,"[""Overview of machine learning"", ""Step-by-step implementation"", ""Best practices and tips"", ""Common challenges and solutions"", ""Tools and resources needed"", ""Conclusion and next steps""]","[""development"", ""it"", ""learning"", ""evaluation"", ""machine"", ""technology""]",6,Architects & Technical Directors,"[""data science"", ""cybersecurity"", ""web development"", ""cloud computing""]",59,11,2025-10-25 21:09:19,en,How do you get started with {keyword} as a beginner?,0.86,1.0,0.76
8600704,market analysis,economics,What are the risks associated with market analysis?,planning,Expert,"[""Introduction to market analysis"", ""Key concepts and definitions"", ""Main categories or types"", ""Examples and case studies"", ""Benefits and advantages"", ""Summary and recommendations""]","[""planning"", ""analysis"", ""finance"", ""market"", ""business"", ""economics""]",6,Portfolio Managers & Financial Experts,"[""investment planning"", ""financial modeling"", ""portfolio management""]",51,8,2025-10-25 21:09:19,en,What are the risks associated with {keyword}?,0.9,1.0,0.59
8600705,social media,marketing,How do you track and analyze social media performance?,planning,Beginner,"[""Overview of social media"", ""Step-by-step implementation"", ""Best practices and tips"", ""Common challenges and solutions"", ""Tools and resources needed"", ""Conclusion and next steps""]","[""planning"", ""media"", ""promotion"", ""marketing"", ""digital"", ""social""]",6,Marketing Students & Interns,"[""brand management"", ""content marketing"", ""digital marketing""]",54,9,2025-10-25 21:09:19,en,How do you track and analyze {keyword} performance?,0.75,0.4096307283378035,0.88
8600706,cloud computing,it,How do you integrate cloud computing with existing systems?,troubleshooting,Expert,"[""Overview of cloud computing"", ""Step-by-step implementation"", ""Best practices and tips"", ""Common challenges and solutions"", ""Tools and resources needed"", ""Conclusion and next steps""]","[""computing"", ""development"", ""it"", ""troubleshooting"", ""cloud"", ""technology""]",6,Architects & Technical Directors,"[""web development"", ""cybersecurity"", ""machine learning"", ""data science""]",59,9,2025-10-25 21:09:19,en,How do you integrate {keyword} with existing systems?,0.86,1.0,0.36
8600707,digital marketing,marketing,What content types work best for digital marketing?,comparison,Advanced,"[""Introduction to digital marketing"", ""Key points and analysis"", ""Practical examples"", ""Expert insights"", ""Action items"", ""Conclusion""]","[""promotion"", ""comparison"", ""marketing"", ""digital"", ""branding""]",4,Marketing Managers & Strategists,"[""brand management"", ""content marketing"", ""social media""]",51,8,2025-10-25 21:09:19,en,What content types work best for {keyword}?,0.84,0.8128522850901354,0.3
8600708,investment planning,economics,What are the regulatory considerations for investment planning?,comparison,Advanced,"[""Introduction to investment planning"", ""Key concepts and definitions"", ""Main categories or types"", ""Examples and case studies"", ""Benefits and advantages"", ""Summary and recommendations""]","[""investment"", ""planning"", ""finance"", ""comparison"", ""business"", ""economics""]",6,Professional Investors & Advisors,"[""market analysis"", ""financial modeling"", ""portfolio management""]",63,8,2025-10-25 21:09:19,en,What are the regulatory considerations for {keyword}?,0.62,0.8246215060717841,0.6
8600709,cybersecurity,it,What career opportunities exist in cybersecurity?,strategy,Beginner,"[""Introduction to cybersecurity"", ""Key points and analysis"", ""Practical examples"", ""Expert insights"", ""Action items"", ""Conclusion""]","[""it"", ""programming"", ""strategy"", ""cybersecurity"", ""technology""]",4,Students & Entry-level Developers,"[""data science"", ""cloud computing"", ""web development"", ""machine learning""]",49,6,2025-10-25 21:09:19,en,What career opportunities exist in {keyword}?,0.89,0.4368407856582299,0.59
8600710,content marketing,marketing,How do you optimize content marketing for mobile users?,evaluation,Beginner,"[""Overview of content marketing"", ""Step-by-step implementation"", ""Best practices and tips"", ""Common challenges and solutions"", ""Tools and resources needed"", ""Conclusion and next steps""]","[""content"", ""marketing"", ""digital"", ""branding"", ""evaluation""]",6,Marketing Students & Interns,"[""brand management"", ""digital marketing"", ""social media""]",55,9,2025-10-25 21:09:19,en,How do you optimize {keyword} for mobile users?,0.92,0.43685682644451423,0.8
8600711,brand management,marketing,How do you innovate within brand management?,best_practice,Beginner,"[""Overview of brand management"", ""Step-by-step implementation"", ""Best practices and tips"", ""Common challenges and solutions"", ""Tools and resources needed"", ""Conclusion and next steps""]","[""promotion"", ""best_practice"", ""marketing"", ""management"", ""branding"", ""brand""]",6,Marketing Students & Interns,"[""social media"", ""digital marketing"", ""content marketing""]",44,7,2025-10-25 21:09:19,en,How do you innovate within {keyword}?,0.81,0.314491119882887,0.86
8600712,cybersecurity,it,What security considerations should be taken when using cybersecurity?,strategy,Intermediate,"[""Introduction to cybersecurity"", ""Key points and analysis"", ""Practical examples"", ""Expert insights"", ""Action items"", ""Conclusion""]","[""software"", ""it"", ""programming"", ""strategy"", ""cybersecurity""]",4,Junior to Mid-level Developers,"[""cloud computing"", ""machine learning"", ""web development"", ""data science""]",70,9,2025-10-25 21:09:19,en,What security considerations should be taken when using {keyword}?,0.94,0.6831614653835155,0.73
8600713,data science,it,How does data science impact business operations?,planning,Advanced,"[""Introduction to data science"", ""Key points and analysis"", ""Practical examples"", ""Expert insights"", ""Action items"", ""Conclusion""]","[""planning"", ""development"", ""it"", ""programming"", ""science"", ""data""]",4,Senior Developers & Tech Leads,"[""machine learning"", ""web development"", ""cloud computing"", ""cybersecurity""]",49,7,2025-10-25 21:09:19,en,How does {keyword} impact business operations?,0.68,0.9026952141962529,0.35
8600714,cybersecurity,it,What design patterns work best with cybersecurity?,optimization,Beginner,"[""Introduction to cybersecurity"", ""Key points and analysis"", ""Practical examples"", ""Expert insights"", ""Action items"", ""Conclusion""]","[""it"", ""programming"", ""optimization"", ""cybersecurity"", ""technology""]",4,Students & Entry-level Developers,"[""machine learning"", ""data science"", ""web development"", ""cloud computing""]",50,7,2025-10-25 21:09:19,en,What design patterns work best with {keyword}?,0.78,0.31442388191956017,0.53
8600715,digital marketing,marketing,What KPIs are most important for digital marketing?,optimization,Expert,"[""Introduction to digital marketing"", ""Key points and analysis"", ""Practical examples"", ""Expert insights"", ""Action items"", ""Conclusion""]","[""marketing"", ""optimization"", ""promotion"", ""digital""]",4,Marketing Directors & CMOs,"[""social media"", ""brand management"", ""content marketing""]",51,8,2025-10-25 21:09:19,en,What KPIs are most important for {keyword}?,0.9,1.0,0.62
8600716,portfolio management,economics,What are the regulatory considerations for portfolio management?,how_to,Advanced,"[""Introduction to portfolio management"", ""Key concepts and definitions"", ""Main categories or types"", ""Examples and case studies"", ""Benefits and advantages"", ""Summary and recommendations""]","[""how_to"", ""finance"", ""portfolio"", ""management"", ""business"", ""economics""]",6,Professional Investors & Advisors,"[""financial modeling"", ""market analysis"", ""investment planning""]",64,8,2025-10-25 21:09:19,en,What are the regulatory considerations for {keyword}?,0.62,0.9009093941679875,0.64
8600717,market analysis,economics,How do economic conditions affect market analysis performance?,optimization,Beginner,"[""Introduction to market analysis"", ""Key points and analysis"", ""Practical examples"", ""Expert insights"", ""Action items"", ""Conclusion""]","[""investment"", ""analysis"", ""finance"", ""market"", ""optimization"", ""economics""]",4,Students & New Investors,"[""financial modeling"", ""portfolio management"", ""investment planning""]",62,8,2025-10-25 21:09:19,en,How do economic conditions affect {keyword} performance?,0.86,0.3023547541671427,0.88
8600718,data science,it,How do you stay updated with data science developments?,how_to,Expert,"[""Overview of data science"", ""Step-by-step implementation"", ""Best practices and tips"", ""Common challenges and solutions"", ""Tools and resources needed"", ""Conclusion and next steps""]","[""how_to"", ""software"", ""it"", ""programming"", ""science"", ""data""]",6,Architects & Technical Directors,"[""cloud computing"", ""cybersecurity"", ""web development"", ""machine learning""]",55,9,2025-10-25 21:09:19,en,How do you stay updated with {keyword} developments?,0.71,1.0,0.34
8600719,cloud computing,it,Which frameworks support cloud computing implementation?,best_practice,Expert,"[""Introduction to cloud computing"", ""Key points and analysis"", ""Practical examples"", ""Expert insights"", ""Action items"", ""Conclusion""]","[""computing"", ""software"", ""it"", ""best_practice"", ""cloud"", ""technology""]",4,Architects & Technical Directors,"[""data science"", ""web development"", ""cybersecurity"", ""machine learning""]",56,6,2025-10-25 21:09:19,en,Which frameworks support {keyword} implementation?,0.92,1.0,0.52
8600720,web development,it,What skills are needed to master web development?,how_to,Expert,"[""Introduction to web development"", ""Key points and analysis"", ""Practical examples"", ""Expert insights"", ""Action items"", ""Conclusion""]","[""how_to"", ""software"", ""development"", ""it"", ""web""]",4,Architects & Technical Directors,"[""cybersecurity"", ""machine learning"", ""data science"", ""cloud computing""]",49,8,2025-10-25 21:09:19,en,What skills are needed to master {keyword}?,0.84,1.0,0.77
8600721,web development,it,What are the cost considerations for web development?,comparison,Intermediate,"[""Introduction to web development"", ""Key concepts and definitions"", ""Main categories or types"", ""Examples and case studies"", ""Benefits and advantages"", ""Summary and recommendations""]","[""technology"", ""software"", ""development"", ""it"", ""comparison"", ""web""]",6,Junior to Mid-level Developers,"[""data science"", ""cloud computing"", ""cybersecurity"", ""machine learning""]",53,8,2025-10-25 21:09:19,en,What are the cost considerations for {keyword}?,0.84,0.6591621159653404,0.55
8600722,data science,it,How do you integrate data science with existing systems?,optimization,Intermediate,"[""Overview of data science"", ""Step-by-step implementation"", ""Best practices and tips"", ""Common challenges and solutions"", ""Tools and resources needed"", ""Conclusion and next steps""]","[""technology"", ""software"", ""it"", ""science"", ""optimization"", ""data""]",6,Junior to Mid-level Developers,"[""machine learning"", ""cybersecurity"", ""cloud computing"", ""web development""]",56,9,2025-10-25 21:09:19,en,How do you integrate {keyword} with existing systems?,0.66,0.7314535024826699,0.63
8600723,social media,marketing,What tools are essential for social media analytics?,analysis,Intermediate,"[""Introduction to social media"", ""Key points and analysis"", ""Practical examples"", ""Expert insights"", ""Action items"", ""Conclusion""]","[""analysis"", ""media"", ""digital"", ""marketing"", ""social"", ""branding""]",4,Marketing Coordinators & Specialists,"[""brand management"", ""content marketing"", ""digital marketing""]",52,8,2025-10-25 21:09:19,en,What tools are essential for {keyword} analytics?,0.72,0.7613027047001799,0.59
8600724,machine learning,it,What ROI can be expected from machine learning implementation?,comparison,Intermediate,"[""Introduction to machine learning"", ""Key points and analysis"", ""Practical examples"", ""Expert insights"", ""Action items"", ""Conclusion""]","[""development"", ""it"", ""comparison"", ""programming"", ""learning"", ""machine""]",4,Junior to Mid-level Developers,"[""web development"", ""cybersecurity"", ""cloud computing"", ""data science""]",62,9,2025-10-25 21:09:19,en,What ROI can be expected from {keyword} implementation?,0.65,0.607394525254474,0.33
8600725,social media,marketing,How do you develop an effective social media strategy?,comparison,Intermediate,"[""Overview of social media"", ""Step-by-step implementation"", ""Best practices and tips"", ""Common challenges and solutions"", ""Tools and resources needed"", ""Conclusion and next steps""]","[""media"", ""promotion"", ""comparison"", ""marketing"", ""social"", ""branding""]",6,Marketing Coordinators & Specialists,"[""brand management"", ""content marketing"", ""digital marketing""]",54,9,2025-10-25 21:09:19,en,How do you develop an effective {keyword} strategy?,0.68,0.7207436887310709,0.81
8600726,cybersecurity,it,How do you choose the right technology stack for cybersecurity?,comparison,Beginner,"[""Overview of cybersecurity"", ""Step-by-step implementation"", ""Best practices and tips"", ""Common challenges and solutions"", ""Tools and resources needed"", ""Conclusion and next steps""]","[""it"", ""comparison"", ""programming"", ""cybersecurity"", ""technology""]",5,Students & Entry-level Developers,"[""web development"", ""machine learning"", ""cloud computing"", ""data science""]",63,10,2025-10-25 21:09:19,en,How do you choose the right technology stack for {keyword}?,0.62,0.4202399323286715,0.57
8600727,cybersecurity,it,How do you stay updated with cybersecurity developments?,troubleshooting,Intermediate,"[""Overview of cybersecurity"", ""Step-by-step implementation"", ""Best practices and tips"", ""Common challenges and solutions"", ""Tools and resources needed"", ""Conclusion and next steps""]","[""software"", ""it"", ""programming"", ""troubleshooting"", ""cybersecurity""]",5,Junior to Mid-level Developers,"[""web development"", ""cloud computing"", ""data science"", ""machine learning""]",56,8,2025-10-25 21:09:19,en,How do you stay updated with {keyword} developments?,0.73,0.6806409568771871,0.38
8600728,cloud computing,it,How do you stay updated with cloud computing developments?,troubleshooting,Beginner,"[""Overview of cloud computing"", ""Step-by-step implementation"", ""Best practices and tips"", ""Common challenges and solutions"", ""Tools and resources needed"", ""Conclusion and next steps""]","[""computing"", ""it"", ""programming"", ""troubleshooting"", ""cloud"", ""technology""]",6,Students & Entry-level Developers,"[""machine learning"", ""cybersecurity"", ""web development"", ""data science""]",58,9,2025-10-25 21:09:19,en,How do you stay updated with {keyword} developments?,0.64,0.48437175757665274,0.79
8600729,digital marketing,marketing,How do you optimize digital marketing for mobile users?,planning,Advanced,"[""Overview of digital marketing"", ""Step-by-step implementation"", ""Best practices and tips"", ""Common challenges and solutions"", ""Tools and resources needed"", ""Conclusion and next steps""]","[""marketing"", ""advertising"", ""planning"", ""digital""]",6,Marketing Managers & Strategists,"[""social media"", ""content marketing"", ""brand management""]",55,9,2025-10-25 21:09:19,en,How do you optimize {keyword} for mobile users?,0.68,0.8213922660186109,0.54
8600730,financial modeling,economics,How do you measure financial modeling performance?,planning,Expert,"[""Overview of financial modeling"", ""Step-by-step implementation"", ""Best practices and tips"", ""Common challenges and solutions"", ""Tools and resources needed"", ""Conclusion and next steps""]","[""investment"", ""planning"", ""modeling"", ""financial"", ""market"", ""economics""]",6,Portfolio Managers & Financial Experts,"[""market analysis"", ""investment planning"", ""portfolio management""]",50,7,2025-10-25 21:09:19,en,How do you measure {keyword} performance?,0.81,1.0,0.7
8600731,investment planning,economics,What timeline is realistic for investment planning returns?,best_practice,Intermediate,"[""Introduction to investment planning"", ""Key points and analysis"", ""Practical examples"", ""Expert insights"", ""Action items"", ""Conclusion""]","[""investment"", ""planning"", ""best_practice"", ""market"", ""economics""]",4,Individual Investors & Analysts,"[""portfolio management"", ""financial modeling"", ""market analysis""]",59,8,2025-10-25 21:09:19,en,What timeline is realistic for {keyword} returns?,0.79,0.7646676756200823,0.86
8600732,brand management,marketing,What are the latest trends in brand management?,evaluation,Intermediate,"[""Introduction to brand management"", ""Key concepts and definitions"", ""Main categories or types"", ""Examples and case studies"", ""Benefits and advantages"", ""Summary and recommendations""]","[""marketing"", ""management"", ""advertising"", ""digital"", ""evaluation"", ""brand""]",6,Marketing Coordinators & Specialists,"[""social media"", ""content marketing"", ""digital marketing""]",47,8,2025-10-25 21:09:19,en,What are the latest trends in {keyword}?,0.73,0.7223715711184517,0.9
8600733,investment planning,economics,What indicators predict investment planning market movements?,planning,Advanced,"[""Introduction to investment planning"", ""Key points and analysis"", ""Practical examples"", ""Expert insights"", ""Action items"", ""Conclusion""]","[""investment"", ""planning"", ""finance"", ""market"", ""economics""]",4,Professional Investors & Advisors,"[""market analysis"", ""portfolio management"", ""financial modeling""]",61,7,2025-10-25 21:09:19,en,What indicators predict {keyword} market movements?,0.82,0.8656154241686693,0.82
8600734,portfolio management,economics,How do you benchmark portfolio management against alternatives?,how_to,Beginner,"[""Overview of portfolio management"", ""Step-by-step implementation"", ""Best practices and tips"", ""Common challenges and solutions"", ""Tools and resources needed"", ""Conclusion and next steps""]","[""investment"", ""how_to"", ""portfolio"", ""management"", ""business"", ""economics""]",6,Students & New Investors,"[""financial modeling"", ""investment planning"", ""market analysis""]",63,8,2025-10-25 21:09:19,en,How do you benchmark {keyword} against alternatives?,0.9,0.43261669030512817,0.42
8600735,digital marketing,marketing,What channels are most effective for digital marketing?,planning,Beginner,"[""Introduction to digital marketing"", ""Key points and analysis"", ""Practical examples"", ""Expert insights"", ""Action items"", ""Conclusion""]","[""marketing"", ""advertising"", ""planning"", ""digital""]",4,Marketing Students & Interns,"[""content marketing"", ""brand management"", ""social media""]",55,8,2025-10-25 21:09:19,en,What channels are most effective for {keyword}?,0.67,0.43797297562697274,0.55
8600736,content marketing,marketing,How do you innovate within content marketing?,how_to,Beginner,"[""Overview of content marketing"", ""Step-by-step implementation"", ""Best practices and tips"", ""Common challenges and solutions"", ""Tools and resources needed"", ""Conclusion and next steps""]","[""how_to"", ""content"", ""promotion"", ""marketing"", ""advertising""]",6,Marketing Students & Interns,"[""social media"", ""digital marketing"", ""brand management""]",45,7,2025-10-25 21:09:19,en,How do you innovate within {keyword}?,0.92,0.4347978562135712,0.76
8600737,investment planning,economics,How do you protect your investment planning investments?,how_to,Beginner,"[""Overview of investment planning"", ""Step-by-step implementation"", ""Best practices and tips"", ""Common challenges and solutions"", ""Tools and resources needed"", ""Conclusion and next steps""]","[""investment"", ""how_to"", ""planning"", ""market"", ""economics""]",6,Students & New Investors,"[""financial modeling"", ""portfolio management"", ""market analysis""]",56,8,2025-10-25 21:09:19,en,How do you protect your {keyword} investments?,0.93,0.4006589642899366,0.84
8600738,market analysis,economics,How do you protect your market analysis investments?,troubleshooting,Expert,"[""Overview of market analysis"", ""Step-by-step implementation"", ""Best practices and tips"", ""Common challenges and solutions"", ""Tools and resources needed"", ""Conclusion and next steps""]","[""investment"", ""analysis"", ""finance"", ""troubleshooting"", ""market"", ""economics""]",6,Portfolio Managers & Financial Experts,"[""investment planning"", ""portfolio management"", ""financial modeling""]",52,8,2025-10-25 21:09:19,en,How do you protect your {keyword} investments?,0.91,1.0,0.38
8600739,data science,it,What skills are needed to master data science?,optimization,Advanced,"[""Introduction to data science"", ""Key points and analysis"", ""Practical examples"", ""Expert insights"", ""Action items"", ""Conclusion""]","[""software"", ""it"", ""programming"", ""science"", ""optimization"", ""data""]",4,Senior Developers & Tech Leads,"[""machine learning"", ""cloud computing"", ""cybersecurity"", ""web development""]",46,8,2025-10-25 21:09:19,en,What skills are needed to master {keyword}?,0.72,0.8653060231385867,0.31
8600740,portfolio management,economics,How does global economics impact portfolio management?,analysis,Expert,"[""Introduction to portfolio management"", ""Key points and analysis"", ""Practical examples"", ""Expert insights"", ""Action items"", ""Conclusion""]","[""analysis"", ""portfolio"", ""management"", ""market"", ""business"", ""economics""]",4,Portfolio Managers & Financial Experts,"[""financial modeling"", ""market analysis"", ""investment planning""]",54,7,2025-10-25 21:09:19,en,How does global economics impact {keyword}?,0.61,1.0,0.66
8600741,web development,it,What are the best practices for web development development?,optimization,Expert,"[""Introduction to web development"", ""Key concepts and definitions"", ""Main categories or types"", ""Examples and case studies"", ""Benefits and advantages"", ""Summary and recommendations""]","[""technology"", ""software"", ""development"", ""it"", ""optimization"", ""web""]",6,Architects & Technical Directors,"[""cloud computing"", ""machine learning"", ""cybersecurity"", ""data science""]",60,9,2025-10-25 21:09:19,en,What are the best practices for {keyword} development?,0.68,1.0,0.81
8600742,digital marketing,marketing,How do you identify the right audience for digital marketing?,best_practice,Expert,"[""Overview of digital marketing"", ""Step-by-step implementation"", ""Best practices and tips"", ""Common challenges and solutions"", ""Tools and resources needed"", ""Conclusion and next steps""]","[""promotion"", ""best_practice"", ""marketing"", ""digital"", ""advertising""]",6,Marketing Directors & CMOs,"[""social media"", ""content marketing"", ""brand management""]",61,10,2025-10-25 21:09:19,en,How do you identify the right audience for {keyword}?,0.93,1.0,0.67
8600743,cybersecurity,it,How do you measure the success of cybersecurity projects?,implementation,Expert,"[""Overview of cybersecurity"", ""Step-by-step implementation"", ""Best practices and tips"", ""Common challenges and solutions"", ""Tools and resources needed"", ""Conclusion and next steps""]","[""software"", ""it"", ""implementation"", ""cybersecurity"", ""technology""]",5,Architects & Technical Directors,"[""data science"", ""web development"", ""machine learning"", ""cloud computing""]",57,9,2025-10-25 21:09:19,en,How do you measure the success of {keyword} projects?,0.61,1.0,0.7
8600744,cybersecurity,it,What certifications are valuable for cybersecurity professionals?,how_to,Beginner,"[""Introduction to cybersecurity"", ""Key points and analysis"", ""Practical examples"", ""Expert insights"", ""Action items"", ""Conclusion""]","[""how_to"", ""development"", ""it"", ""cybersecurity"", ""technology""]",4,Students & Entry-level Developers,"[""machine learning"", ""data science"", ""web development"", ""cloud computing""]",65,7,2025-10-25 21:09:19,en,What certifications are valuable for {keyword} professionals?,0.89,0.3558253173616253,0.85
8600745,market analysis,economics,How do you hedge against market analysis market downturns?,planning,Beginner,"[""Overview of market analysis"", ""Step-by-step implementation"", ""Best practices and tips"", ""Common challenges and solutions"", ""Tools and resources needed"", ""Conclusion and next steps""]","[""investment"", ""planning"", ""analysis"", ""market"", ""economics""]",6,Students & New Investors,"[""investment planning"", ""portfolio management"", ""financial modeling""]",58,9,2025-10-25 21:09:19,en,How do you hedge against {keyword} market downturns?,0.61,0.4700540180767542,0.53
8600746,cybersecurity,it,What tools are essential for cybersecurity development?,planning,Beginner,"[""Introduction to cybersecurity"", ""Key points and analysis"", ""Practical examples"", ""Expert insights"", ""Action items"", ""Conclusion""]","[""planning"", ""it"", ""programming"", ""cybersecurity"", ""technology""]",4,Students & Entry-level Developers,"[""machine learning"", ""cloud computing"", ""web development"", ""data science""]",55,7,2025-10-25 21:09:19,en,What tools are essential for {keyword} development?,0.74,0.4942603319217167,0.57
8600747,cybersecurity,it,What are the key components of a cybersecurity implementation?,analysis,Advanced,"[""Introduction to cybersecurity"", ""Key concepts and definitions"", ""Main categories or types"", ""Examples and case studies"", ""Benefits and advantages"", ""Summary and recommendations""]","[""analysis"", ""it"", ""programming"", ""cybersecurity"", ""technology""]",5,Senior Developers & Tech Leads,"[""data science"", ""cloud computing"", ""web development"", ""machine learning""]",62,9,2025-10-25 21:09:19,en,What are the key components of a {keyword} implementation?,0.93,0.9504850109692183,0.66
8600748,cloud computing,it,How do you integrate cloud computing with existing systems?,implementation,Expert,"[""Overview of cloud computing"", ""Step-by-step implementation"", ""Best practices and tips"", ""Common challenges and solutions"", ""Tools and resources needed"", ""Conclusion and next steps""]","[""computing"", ""software"", ""it"", ""implementation"", ""cloud"", ""technology""]",6,Architects & Technical Directors,"[""data science"", ""web development"", ""cybersecurity"", ""machine learning""]",59,9,2025-10-25 21:09:19,en,How do you integrate {keyword} with existing systems?,0.72,1.0,0.54
8600749,brand management,marketing,What does the future hold for brand management?,planning,Advanced,"[""Introduction to brand management"", ""Key points and analysis"", ""Practical examples"", ""Expert insights"", ""Action items"", ""Conclusion""]","[""planning"", ""promotion"", ""marketing"", ""management"", ""advertising"", ""brand""]",4,Marketing Managers & Strategists,"[""content marketing"", ""digital marketing"", ""social media""]",47,8,2025-10-25 21:09:19,en,What does the future hold for {keyword}?,0.77,0.9868918361034191,0.56
8600750,social media,marketing,How do you attribute success to social media efforts?,implementation,Advanced,"[""Overview of social media"", ""Step-by-step implementation"", ""Best practices and tips"", ""Common challenges and solutions"", ""Tools and resources needed"", ""Conclusion and next steps""]","[""media"", ""implementation"", ""marketing"", ""digital"", ""social"", ""advertising""]",6,Marketing Managers & Strategists,"[""content marketing"", ""brand management"", ""digital marketing""]",53,9,2025-10-25 21:09:19,en,How do you attribute success to {keyword} efforts?,0.62,0.9107478204811615,0.68
8600751,market analysis,economics,How do you report on market analysis performance to stakeholders?,implementation,Expert,"[""Overview of market analysis"", ""Step-by-step implementation"", ""Best practices and tips"", ""Common challenges and solutions"", ""Tools and resources needed"", ""Conclusion and next steps""]","[""finance"", ""analysis"", ""implementation"", ""market"", ""economics""]",6,Portfolio Managers & Financial Experts,"[""financial modeling"", ""investment planning"", ""portfolio management""]",65,10,2025-10-25 21:09:19,en,How do you report on {keyword} performance to stakeholders?,0.63,1.0,0.39
8600752,machine learning,it,What skills are needed to master machine learning?,strategy,Expert,"[""Introduction to machine learning"", ""Key points and analysis"", ""Practical examples"", ""Expert insights"", ""Action items"", ""Conclusion""]","[""development"", ""it"", ""programming"", ""learning"", ""strategy"", ""machine""]",4,Architects & Technical Directors,"[""cybersecurity"", ""web development"", ""data science"", ""cloud computing""]",50,8,2025-10-25 21:09:19,en,What skills are needed to master {keyword}?,0.64,1.0,0.39
8600753,cloud computing,it,What certifications are valuable for cloud computing professionals?,evaluation,Intermediate,"[""Introduction to cloud computing"", ""Key points and analysis"", ""Practical examples"", ""Expert insights"", ""Action items"", ""Conclusion""]","[""computing"", ""software"", ""it"", ""evaluation"", ""cloud"", ""technology""]",4,Junior to Mid-level Developers,"[""cybersecurity"", ""machine learning"", ""data science"", ""web development""]",67,8,2025-10-25 21:09:19,en,What certifications are valuable for {keyword} professionals?,0.77,0.6014309050985636,0.7
8600754,brand management,marketing,What tools are essential for brand management analytics?,troubleshooting,Beginner,"[""Introduction to brand management"", ""Key points and analysis"", ""Practical examples"", ""Expert insights"", ""Action items"", ""Conclusion""]","[""promotion"", ""troubleshooting"", ""marketing"", ""management"", ""advertising"", ""brand""]",4,Marketing Students & Interns,"[""content marketing"", ""digital marketing"", ""social media""]",56,8,2025-10-25 21:09:19,en,What tools are essential for {keyword} analytics?,0.75,0.3675216795547038,0.61
8600755,machine learning,it,What skills are needed to master machine learning?,evaluation,Intermediate,"[""Introduction to machine learning"", ""Key points and analysis"", ""Practical examples"", ""Expert insights"", ""Action items"", ""Conclusion""]","[""software"", ""development"", ""it"", ""learning"", ""evaluation"", ""machine""]",4,Junior to Mid-level Developers,"[""cybersecurity"", ""cloud computing"", ""data science"", ""web development""]",50,8,2025-10-25 21:09:19,en,What skills are needed to master {keyword}?,0.63,0.610316860170704,0.85
8600756,data science,it,How do you implement data science in a production environment?,implementation,Expert,"[""Overview of data science"", ""Step-by-step implementation"", ""Best practices and tips"", ""Common challenges and solutions"", ""Tools and resources needed"", ""Conclusion and next steps""]","[""technology"", ""development"", ""it"", ""implementation"", ""science"", ""data""]",6,Architects & Technical Directors,"[""machine learning"", ""cloud computing"", ""web development"", ""cybersecurity""]",62,10,2025-10-25 21:09:19,en,How do you implement {keyword} in a production environment?,0.85,1.0,0.51
8600757,market analysis,economics,How do you identify opportunities in market analysis markets?,comparison,Expert,"[""Overview of market analysis"", ""Step-by-step implementation"", ""Best practices and tips"", ""Common challenges and solutions"", ""Tools and resources needed"", ""Conclusion and next steps""]","[""investment"", ""analysis"", ""comparison"", ""market"", ""business"", ""economics""]",6,Portfolio Managers & Financial Experts,"[""portfolio management"", ""investment planning"", ""financial modeling""]",61,9,2025-10-25 21:09:19,en,How do you identify opportunities in {keyword} markets?,0.77,1.0,0.49
8600758,investment planning,economics,How do you analyze market trends in investment planning?,planning,Intermediate,"[""Overview of investment planning"", ""Step-by-step implementation"", ""Best practices and tips"", ""Common challenges and solutions"", ""Tools and resources needed"", ""Conclusion and next steps""]","[""market"", ""investment"", ""economics"", ""planning""]",6,Individual Investors & Analysts,"[""market analysis"", ""financial modeling"", ""portfolio management""]",56,9,2025-10-25 21:09:19,en,How do you analyze market trends in {keyword}?,0.87,0.7243824294344842,0.56
8600759,portfolio management,economics,What indicators predict portfolio management market movements?,strategy,Expert,"[""Introduction to portfolio management"", ""Key points and analysis"", ""Practical examples"", ""Expert insights"", ""Action items"", ""Conclusion""]","[""investment"", ""portfolio"", ""management"", ""market"", ""strategy"", ""economics""]",4,Portfolio Managers & Financial Experts,"[""market analysis"", ""investment planning"", ""financial modeling""]",62,7,2025-10-25 21:09:19,en,What indicators predict {keyword} market movements?,0.8,1.0,0.45
8600760,investment planning,economics,How do you protect your investment planning investments?,best_practice,Expert,"[""Overview of investment planning"", ""Step-by-step implementation"", ""Best practices and tips"", ""Common challenges and solutions"", ""Tools and resources needed"", ""Conclusion and next steps""]","[""investment"", ""planning"", ""finance"", ""best_practice"", ""market"", ""economics""]",6,Portfolio Managers & Financial Experts,"[""financial modeling"", ""portfolio management"", ""market analysis""]",56,8,2025-10-25 21:09:19,en,How do you protect your {keyword} investments?,0.67,1.0,0.63
8600761,portfolio management,economics,How do you report on portfolio management performance to stakeholders?,strategy,Intermediate,"[""Overview of portfolio management"", ""Step-by-step implementation"", ""Best practices and tips"", ""Common challenges and solutions"", ""Tools and resources needed"", ""Conclusion and next steps""]","[""finance"", ""portfolio"", ""management"", ""business"", ""strategy"", ""economics""]",6,Individual Investors & Analysts,"[""market analysis"", ""investment planning"", ""financial modeling""]",70,10,2025-10-25 21:09:19,en,How do you report on {keyword} performance to stakeholders?,0.92,0.6649042106113411,0.34
8600762,investment planning,economics,How do you assess and manage investment planning risks?,optimization,Expert,"[""Overview of investment planning"", ""Step-by-step implementation"", ""Best practices and tips"", ""Common challenges and solutions"", ""Tools and resources needed"", ""Conclusion and next steps""]","[""investment"", ""planning"", ""finance"", ""market"", ""optimization"", ""economics""]",6,Portfolio Managers & Financial Experts,"[""portfolio management"", ""market analysis"", ""financial modeling""]",55,9,2025-10-25 21:09:19,en,How do you assess and manage {keyword} risks?,0.89,1.0,0.71
8600763,market analysis,economics,What indicators predict market analysis market movements?,comparison,Expert,"[""Introduction to market analysis"", ""Key points and analysis"", ""Practical examples"", ""Expert insights"", ""Action items"", ""Conclusion""]","[""finance"", ""analysis"", ""comparison"", ""market"", ""business"", ""economics""]",4,Portfolio Managers & Financial Experts,"[""financial modeling"", ""portfolio management"", ""investment planning""]",57,7,2025-10-25 21:09:19,en,What indicators predict {keyword} market movements?,0.82,1.0,0.71
8600764,portfolio management,economics,What exit strategies should be considered for portfolio management?,analysis,Intermediate,"[""Introduction to portfolio management"", ""Key points and analysis"", ""Practical examples"", ""Expert insights"", ""Action items"", ""Conclusion""]","[""investment"", ""finance"", ""analysis"", ""portfolio"", ""management"", ""economics""]",4,Individual Investors & Analysts,"[""financial modeling"", ""market analysis"", ""investment planning""]",67,9,2025-10-25 21:09:19,en,What exit strategies should be considered for {keyword}?,0.63,0.7301632551052628,0.36
8600765,content marketing,marketing,What does the future hold for content marketing?,troubleshooting,Intermediate,"[""Introduction to content marketing"", ""Key points and analysis"", ""Practical examples"", ""Expert insights"", ""Action items"", ""Conclusion""]","[""content"", ""troubleshooting"", ""marketing"", ""advertising"", ""branding""]",4,Marketing Coordinators & Specialists,"[""brand management"", ""social media"", ""digital marketing""]",48,8,2025-10-25 21:09:19,en,What does the future hold for {keyword}?,0.63,0.7347469515600166,0.54
8600766,portfolio management,economics,What tools help analyze portfolio management data?,optimization,Expert,"[""Introduction to portfolio management"", ""Key points and analysis"", ""Practical examples"", ""Expert insights"", ""Action items"", ""Conclusion""]","[""investment"", ""finance"", ""portfolio"", ""management"", ""optimization"", ""economics""]",4,Portfolio Managers & Financial Experts,"[""financial modeling"", ""investment planning"", ""market analysis""]",50,7,2025-10-25 21:09:19,en,What tools help analyze {keyword} data?,0.75,1.0,0.72
8600767,financial modeling,economics,What indicators predict financial modeling market movements?,troubleshooting,Advanced,"[""Introduction to financial modeling"", ""Key points and analysis"", ""Practical examples"", ""Expert insights"", ""Action items"", ""Conclusion""]","[""investment"", ""troubleshooting"", ""modeling"", ""financial"", ""market"", ""economics""]",4,Professional Investors & Advisors,"[""investment planning"", ""portfolio management"", ""market analysis""]",60,7,2025-10-25 21:09:19,en,What indicators predict {keyword} market movements?,0.92,0.9774607889393765,0.34
8600768,cloud computing,it,What are the latest trends in cloud computing technology?,strategy,Beginner,"[""Introduction to cloud computing"", ""Key concepts and definitions"", ""Main categories or types"", ""Examples and case studies"", ""Benefits and advantages"", ""Summary and recommendations""]","[""computing"", ""cloud"", ""it"", ""programming"", ""strategy"", ""technology""]",6,Students & Entry-level Developers,"[""data science"", ""cybersecurity"", ""machine learning"", ""web development""]",57,9,2025-10-25 21:09:19,en,What are the latest trends in {keyword} technology?,0.75,0.39141806451497374,0.78
8600769,portfolio management,economics,What factors should be considered when evaluating portfolio management?,analysis,Intermediate,"[""Introduction to portfolio management"", ""Key points and analysis"", ""Practical examples"", ""Expert insights"", ""Action items"", ""Conclusion""]","[""investment"", ""finance"", ""analysis"", ""portfolio"", ""management"", ""economics""]",4,Individual Investors & Analysts,"[""financial modeling"", ""investment planning"", ""market analysis""]",71,9,2025-10-25 21:09:19,en,What factors should be considered when evaluating {keyword}?,0.61,0.7809384654220122,0.39
8600770,brand management,marketing,How do you develop an effective brand management strategy?,how_to,Intermediate,"[""Overview of brand management"", ""Step-by-step implementation"", ""Best practices and tips"", ""Common challenges and solutions"", ""Tools and resources needed"", ""Conclusion and next steps""]","[""how_to"", ""promotion"", ""marketing"", ""management"", ""advertising"", ""brand""]",6,Marketing Coordinators & Specialists,"[""social media"", ""content marketing"", ""digital marketing""]",58,9,2025-10-25 21:09:19,en,How do you develop an effective {keyword} strategy?,0.78,0.670672270217149,0.52
8600771,content marketing,marketing,What KPIs are most important for content marketing?,how_to,Expert,"[""Introduction to content marketing"", ""Key points and analysis"", ""Practical examples"", ""Expert insights"", ""Action items"", ""Conclusion""]","[""how_to"", ""content"", ""marketing"", ""digital"", ""advertising""]",4,Marketing Directors & CMOs,"[""digital marketing"", ""brand management"", ""social media""]",51,8,2025-10-25 21:09:19,en,What KPIs are most important for {keyword}?,0.73,1.0,0.82
8600772,data science,it,What is the recommended architecture for data science systems?,best_practice,Beginner,"[""Introduction to data science"", ""Key points and analysis"", ""Practical examples"", ""Expert insights"", ""Action items"", ""Conclusion""]","[""technology"", ""development"", ""it"", ""best_practice"", ""science"", ""data""]",4,Students & Entry-level Developers,"[""web development"", ""cybersecurity"", ""cloud computing"", ""machine learning""]",62,9,2025-10-25 21:09:19,en,What is the recommended architecture for {keyword} systems?,0.95,0.36492147079232173,0.84
8600773,financial modeling,economics,How do you analyze market trends in financial modeling?,strategy,Advanced,"[""Overview of financial modeling"", ""Step-by-step implementation"", ""Best practices and tips"", ""Common challenges and solutions"", ""Tools and resources needed"", ""Conclusion and next steps""]","[""finance"", ""modeling"", ""financial"", ""market"", ""strategy"", ""economics""]",6,Professional Investors & Advisors,"[""investment planning"", ""portfolio management"", ""market analysis""]",55,9,2025-10-25 21:09:19,en,How do you analyze market trends in {keyword}?,0.78,0.9995862798391364,0.43
8600774,market analysis,economics,How do you hedge against market analysis market downturns?,implementation,Beginner,"[""Overview of market analysis"", ""Step-by-step implementation"", ""Best practices and tips"", ""Common challenges and solutions"", ""Tools and resources needed"", ""Conclusion and next steps""]","[""analysis"", ""finance"", ""implementation"", ""market"", ""business"", ""economics""]",6,Students & New Investors,"[""investment planning"", ""portfolio management"", ""financial modeling""]",58,9,2025-10-25 21:09:19,en,How do you hedge against {keyword} market downturns?,0.8,0.3051865817843461,0.45
8600775,digital marketing,marketing,What demographics respond best to digital marketing?,comparison,Advanced,"[""Introduction to digital marketing"", ""Key points and analysis"", ""Practical examples"", ""Expert insights"", ""Action items"", ""Conclusion""]","[""marketing"", ""promotion"", ""comparison"", ""digital""]",4,Marketing Managers & Strategists,"[""social media"", ""brand management"", ""content marketing""]",52,7,2025-10-25 21:09:19,en,What demographics respond best to {keyword}?,0.87,0.9362473589873078,0.49
8600776,financial modeling,economics,What indicators predict financial modeling market movements?,strategy,Beginner,"[""Introduction to financial modeling"", ""Key points and analysis"", ""Practical examples"", ""Expert insights"", ""Action items"", ""Conclusion""]","[""modeling"", ""financial"", ""business"", ""market"", ""strategy"", ""economics""]",4,Students & New Investors,"[""market analysis"", ""investment planning"", ""portfolio management""]",60,7,2025-10-25 21:09:19,en,What indicators predict {keyword} market movements?,0.6,0.4963423891686106,0.42
8600777,brand management,marketing,What A/B tests should you run for brand management?,analysis,Expert,"[""Introduction to brand management"", ""Key points and analysis"", ""Practical examples"", ""Expert insights"", ""Action items"", ""Conclusion""]","[""analysis"", ""digital"", ""marketing"", ""management"", ""advertising"", ""brand""]",4,Marketing Directors & CMOs,"[""content marketing"", ""social media"", ""digital marketing""]",51,9,2025-10-25 21:09:19,en,What A/B tests should you run for {keyword}?,0.79,1.0,0.74
8600778,portfolio management,economics,How do you adjust your portfolio management strategy during volatility?,comparison,Beginner,"[""Overview of portfolio management"", ""Step-by-step implementation"", ""Best practices and tips"", ""Common challenges and solutions"", ""Tools and resources needed"", ""Conclusion and next steps""]","[""investment"", ""portfolio"", ""comparison"", ""management"", ""business"", ""economics""]",6,Students & New Investors,"[""investment planning"", ""financial modeling"", ""market analysis""]",71,10,2025-10-25 21:09:19,en,How do you adjust your {keyword} strategy during volatility?,0.71,0.38734471867928466,0.57
8600779,digital marketing,marketing,How do you develop an effective digital marketing strategy?,evaluation,Expert,"[""Overview of digital marketing"", ""Step-by-step implementation"", ""Best practices and tips"", ""Common challenges and solutions"", ""Tools and resources needed"", ""Conclusion and next steps""]","[""evaluation"", ""marketing"", ""branding"", ""digital""]",6,Marketing Directors & CMOs,"[""content marketing"", ""brand management"", ""social media""]",59,9,2025-10-25 21:09:19,en,How do you develop an effective {keyword} strategy?,0.75,1.0,0.84
8600780,web development,it,What ROI can be expected from web development implementation?,how_to,Beginner,"[""Introduction to web development"", ""Key points and analysis"", ""Practical examples"", ""Expert insights"", ""Action items"", ""Conclusion""]","[""how_to"", ""development"", ""web"", ""it"", ""technology""]",4,Students & Entry-level Developers,"[""cybersecurity"", ""cloud computing"", ""data science"", ""machine learning""]",61,9,2025-10-25 21:09:19,en,What ROI can be expected from {keyword} implementation?,0.8,0.49956911492133305,0.71
8600781,investment planning,economics,How do you hedge against investment planning market downturns?,best_practice,Intermediate,"[""Overview of investment planning"", ""Step-by-step implementation"", ""Best practices and tips"", ""Common challenges and solutions"", ""Tools and resources needed"", ""Conclusion and next steps""]","[""investment"", ""planning"", ""finance"", ""best_practice"", ""business"", ""economics""]",6,Individual Investors & Analysts,"[""market analysis"", ""portfolio management"", ""financial modeling""]",62,9,2025-10-25 21:09:19,en,How do you hedge against {keyword} market downturns?,0.85,0.7214693346836468,0.77
8600782,machine learning,it,What are the best practices for machine learning development?,planning,Advanced,"[""Introduction to machine learning"", ""Key concepts and definitions"", ""Main categories or types"", ""Examples and case studies"", ""Benefits and advantages"", ""Summary and recommendations""]","[""planning"", ""it"", ""programming"", ""learning"", ""machine"", ""technology""]",6,Senior Developers & Tech Leads,"[""web development"", ""data science"", ""cloud computing"", ""cybersecurity""]",61,9,2025-10-25 21:09:19,en,What are the best practices for {keyword} development?,0.8,0.9248109257429417,0.74
8600783,cloud computing,it,What ROI can be expected from cloud computing implementation?,comparison,Intermediate,"[""Introduction to cloud computing"", ""Key points and analysis"", ""Practical examples"", ""Expert insights"", ""Action items"", ""Conclusion""]","[""computing"", ""software"", ""development"", ""it"", ""comparison"", ""cloud""]",4,Junior to Mid-level Developers,"[""machine learning"", ""web development"", ""cybersecurity"", ""data science""]",61,9,2025-10-25 21:09:19,en,What ROI can be expected from {keyword} implementation?,0.83,0.6691763389323816,0.31
8600784,portfolio management,economics,How do you protect your portfolio management investments?,planning,Intermediate,"[""Overview of portfolio management"", ""Step-by-step implementation"", ""Best practices and tips"", ""Common challenges and solutions"", ""Tools and resources needed"", ""Conclusion and next steps""]","[""investment"", ""planning"", ""finance"", ""portfolio"", ""management"", ""economics""]",6,Individual Investors & Analysts,"[""financial modeling"", ""investment planning"", ""market analysis""]",57,8,2025-10-25 21:09:19,en,How do you protect your {keyword} investments?,0.93,0.7172163091087147,0.89
8600785,financial modeling,economics,What factors should be considered when evaluating financial modeling?,strategy,Advanced,"[""Introduction to financial modeling"", ""Key points and analysis"", ""Practical examples"", ""Expert insights"", ""Action items"", ""Conclusion""]","[""investment"", ""modeling"", ""financial"", ""business"", ""strategy"", ""economics""]",4,Professional Investors & Advisors,"[""market analysis"", ""portfolio management"", ""investment planning""]",69,9,2025-10-25 21:09:19,en,What factors should be considered when evaluating {keyword}?,0.8,0.8481146103360384,0.73
8600786,data science,it,What security considerations should be taken when using data science?,best_practice,Advanced,"[""Introduction to data science"", ""Key points and analysis"", ""Practical examples"", ""Expert insights"", ""Action items"", ""Conclusion""]","[""development"", ""it"", ""best_practice"", ""programming"", ""science"", ""data""]",4,Senior Developers & Tech Leads,"[""machine learning"", ""web development"", ""cybersecurity"", ""cloud computing""]",69,10,2025-10-25 21:09:19,en,What security considerations should be taken when using {keyword}?,0.65,0.8230371570899125,0.46
8600787,content marketing,marketing,What emerging platforms support content marketing?,implementation,Expert,"[""Introduction to content marketing"", ""Key points and analysis"", ""Practical examples"", ""Expert insights"", ""Action items"", ""Conclusion""]","[""content"", ""implementation"", ""marketing"", ""digital"", ""branding""]",4,Marketing Directors & CMOs,"[""social media"", ""digital marketing"", ""brand management""]",50,6,2025-10-25 21:09:19,en,What emerging platforms support {keyword}?,0.72,1.0,0.63
8600788,cloud computing,it,What ROI can be expected from cloud computing implementation?,evaluation,Expert,"[""Introduction to cloud computing"", ""Key points and analysis"", ""Practical examples"", ""Expert insights"", ""Action items"", ""Conclusion""]","[""computing"", ""software"", ""it"", ""evaluation"", ""cloud"", ""technology""]",4,Architects & Technical Directors,"[""cybersecurity"", ""web development"", ""data science"", ""machine learning""]",61,9,2025-10-25 21:09:19,en,What ROI can be expected from {keyword} implementation?,0.67,1.0,0.52
8600789,brand management,marketing,How do you measure the ROI of brand management campaigns?,planning,Expert,"[""Overview of brand management"", ""Step-by-step implementation"", ""Best practices and tips"", ""Common challenges and solutions"", ""Tools and resources needed"", ""Conclusion and next steps""]","[""planning"", ""promotion"", ""marketing"", ""management"", ""advertising"", ""brand""]",6,Marketing Directors & CMOs,"[""content marketing"", ""social media"", ""digital marketing""]",57,10,2025-10-25 21:09:19,en,How do you measure the ROI of {keyword} campaigns?,0.82,1.0,0.61
8600790,data science,it,How do you implement data science in a production environment?,troubleshooting,Intermediate,"[""Overview of data science"", ""Step-by-step implementation"", ""Best practices and tips"", ""Common challenges and solutions"", ""Tools and resources needed"", ""Conclusion and next steps""]","[""technology"", ""it"", ""programming"", ""troubleshooting"", ""science"", ""data""]",6,Junior to Mid-level Developers,"[""machine learning"", ""cloud computing"", ""web development"", ""cybersecurity""]",62,10,2025-10-25 21:09:19,en,How do you implement {keyword} in a production environment?,0.85,0.7277603969880633,0.61
8600791,financial modeling,economics,What are the regulatory considerations for financial modeling?,how_to,Expert,"[""Introduction to financial modeling"", ""Key concepts and definitions"", ""Main categories or types"", ""Examples and case studies"", ""Benefits and advantages"", ""Summary and recommendations""]","[""investment"", ""how_to"", ""modeling"", ""financial"", ""business"", ""economics""]",6,Portfolio Managers & Financial Experts,"[""investment planning"", ""market analysis"", ""portfolio management""]",62,8,2025-10-25 21:09:19,en,What are the regulatory considerations for {keyword}?,0.83,1.0,0.68
8600792,machine learning,it,How do you troubleshoot common issues with machine learning?,evaluation,Advanced,"[""Overview of machine learning"", ""Step-by-step implementation"", ""Best practices and tips"", ""Common challenges and solutions"", ""Tools and resources needed"", ""Conclusion and next steps""]","[""software"", ""development"", ""it"", ""learning"", ""evaluation"", ""machine""]",6,Senior Developers & Tech Leads,"[""data science"", ""cloud computing"", ""cybersecurity"", ""web development""]",60,9,2025-10-25 21:09:19,en,How do you troubleshoot common issues with {keyword}?,0.64,0.9435672342755322,0.46
8600793,investment planning,economics,How do you analyze market trends in investment planning?,troubleshooting,Expert,"[""Overview of investment planning"", ""Step-by-step implementation"", ""Best practices and tips"", ""Common challenges and solutions"", ""Tools and resources needed"", ""Conclusion and next steps""]","[""investment"", ""planning"", ""troubleshooting"", ""market"", ""business"", ""economics""]",6,Portfolio Managers & Financial Experts,"[""market analysis"", ""portfolio management"", ""financial modeling""]",56,9,2025-10-25 21:09:19,en,How do you analyze market trends in {keyword}?,0.78,1.0,0.54
8600794,data science,it,What career opportunities exist in data science?,planning,Advanced,"[""Introduction to data science"", ""Key points and analysis"", ""Practical examples"", ""Expert insights"", ""Action items"", ""Conclusion""]","[""software"", ""planning"", ""it"", ""programming"", ""science"", ""data""]",4,Senior Developers & Tech Leads,"[""web development"", ""cybersecurity"", ""machine learning"", ""cloud computing""]",48,7,2025-10-25 21:09:19,en,What career opportunities exist in {keyword}?,0.91,0.8886096633407539,0.7
8600795,content marketing,marketing,What are the latest trends in content marketing?,analysis,Advanced,"[""Introduction to content marketing"", ""Key concepts and definitions"", ""Main categories or types"", ""Examples and case studies"", ""Benefits and advantages"", ""Summary and recommendations""]","[""content"", ""analysis"", ""marketing"", ""digital"", ""advertising""]",6,Marketing Managers & Strategists,"[""digital marketing"", ""brand management"", ""social media""]",48,8,2025-10-25 21:09:19,en,What are the latest trends in {keyword}?,0.74,0.8383888044249781,0.75
8600796,brand management,marketing,How do you personalize brand management for different segments?,planning,Intermediate,"[""Overview of brand management"", ""Step-by-step implementation"", ""Best practices and tips"", ""Common challenges and solutions"", ""Tools and resources needed"", ""Conclusion and next steps""]","[""planning"", ""marketing"", ""management"", ""digital"", ""branding"", ""brand""]",6,Marketing Coordinators & Specialists,"[""digital marketing"", ""social media"", ""content marketing""]",63,9,2025-10-25 21:09:19,en,How do you personalize {keyword} for different segments?,0.76,0.6401062605134875,0.63
8600797,content marketing,marketing,How do you reach new customers through content marketing?,comparison,Intermediate,"[""Overview of content marketing"", ""Step-by-step implementation"", ""Best practices and tips"", ""Common challenges and solutions"", ""Tools and resources needed"", ""Conclusion and next steps""]","[""content"", ""comparison"", ""marketing"", ""digital"", ""branding""]",6,Marketing Coordinators & Specialists,"[""digital marketing"", ""social media"", ""brand management""]",57,9,2025-10-25 21:09:19,en,How do you reach new customers through {keyword}?,0.94,0.6099611954090318,0.45
8600798,brand management,marketing,How do you develop an effective brand management strategy?,evaluation,Intermediate,"[""Overview of brand management"", ""Step-by-step implementation"", ""Best practices and tips"", ""Common challenges and solutions"", ""Tools and resources needed"", ""Conclusion and next steps""]","[""marketing"", ""digital"", ""management"", ""branding"", ""evaluation"", ""brand""]",6,Marketing Coordinators & Specialists,"[""digital marketing"", ""social media"", ""content marketing""]",58,9,2025-10-25 21:09:19,en,How do you develop an effective {keyword} strategy?,0.81,0.6829077570697233,0.6
8600799,financial modeling,economics,How does global economics impact financial modeling?,best_practice,Intermediate,"[""Introduction to financial modeling"", ""Key points and analysis"", ""Practical examples"", ""Expert insights"", ""Action items"", ""Conclusion""]","[""best_practice"", ""modeling"", ""financial"", ""market"", ""business"", ""economics""]",4,Individual Investors & Analysts,"[""investment planning"", ""portfolio management"", ""market analysis""]",52,7,2025-10-25 21:09:19,en,How does global economics impact {keyword}?,0.64,0.6257494220129031,0.65
8600800,social media,marketing,How do you improve social media conversion rates?,implementation,Expert,"[""Overview of social media"", ""Step-by-step implementation"", ""Best practices and tips"", ""Common challenges and solutions"", ""Tools and resources needed"", ""Conclusion and next steps""]","[""media"", ""implementation"", ""promotion"", ""marketing"", ""social"", ""advertising""]",6,Marketing Directors & CMOs,"[""brand management"", ""digital marketing"", ""content marketing""]",49,8,2025-10-25 21:09:19,en,How do you improve {keyword} conversion rates?,0.86,1.0,0.79
8600801,content marketing,marketing,How do you optimize content marketing for mobile users?,strategy,Intermediate,"[""Overview of content marketing"", ""Step-by-step implementation"", ""Best practices and tips"", ""Common challenges and solutions"", ""Tools and resources needed"", ""Conclusion and next steps""]","[""content"", ""marketing"", ""digital"", ""advertising"", ""strategy""]",6,Marketing Coordinators & Specialists,"[""digital marketing"", ""social media"", ""brand management""]",55,9,2025-10-25 21:09:19,en,How do you optimize {keyword} for mobile users?,0.79,0.7003398137789928,0.78
8600802,web development,it,How do you get started with web development as a beginner?,comparison,Beginner,"[""Overview of web development"", ""Step-by-step implementation"", ""Best practices and tips"", ""Common challenges and solutions"", ""Tools and resources needed"", ""Conclusion and next steps""]","[""development"", ""web"", ""it"", ""comparison"", ""technology""]",6,Students & Entry-level Developers,"[""cloud computing"", ""data science"", ""machine learning"", ""cybersecurity""]",58,11,2025-10-25 21:09:19,en,How do you get started with {keyword} as a beginner?,0.65,0.34678541560526754,0.46
8600803,market analysis,economics,How do you assess and manage market analysis risks?,optimization,Expert,"[""Overview of market analysis"", ""Step-by-step implementation"", ""Best practices and tips"", ""Common challenges and solutions"", ""Tools and resources needed"", ""Conclusion and next steps""]","[""investment"", ""analysis"", ""finance"", ""market"", ""optimization"", ""economics""]",6,Portfolio Managers & Financial Experts,"[""portfolio management"", ""financial modeling"", ""investment planning""]",51,9,2025-10-25 21:09:19,en,How do you assess and manage {keyword} risks?,0.61,1.0,0.74
8600804,market analysis,economics,How does global economics impact market analysis?,best_practice,Expert,"[""Introduction to market analysis"", ""Key points and analysis"", ""Practical examples"", ""Expert insights"", ""Action items"", ""Conclusion""]","[""investment"", ""analysis"", ""best_practice"", ""market"", ""economics""]",4,Portfolio Managers & Financial Experts,"[""financial modeling"", ""investment planning"", ""portfolio management""]",49,7,2025-10-25 21:09:19,en,How does global economics impact {keyword}?,0.79,1.0,0.64
8600805,investment planning,economics,How do you assess and manage investment planning risks?,troubleshooting,Intermediate,"[""Overview of investment planning"", ""Step-by-step implementation"", ""Best practices and tips"", ""Common challenges and solutions"", ""Tools and resources needed"", ""Conclusion and next steps""]","[""investment"", ""planning"", ""troubleshooting"", ""market"", ""economics""]",6,Individual Investors & Analysts,"[""market analysis"", ""portfolio management"", ""financial modeling""]",55,9,2025-10-25 21:09:19,en,How do you assess and manage {keyword} risks?,0.61,0.6789853373682874,0.35
8600806,financial modeling,economics,How do you protect your financial modeling investments?,planning,Beginner,"[""Overview of financial modeling"", ""Step-by-step implementation"", ""Best practices and tips"", ""Common challenges and solutions"", ""Tools and resources needed"", ""Conclusion and next steps""]","[""planning"", ""modeling"", ""financial"", ""market"", ""business"", ""economics""]",6,Students & New Investors,"[""portfolio management"", ""market analysis"", ""investment planning""]",55,8,2025-10-25 21:09:19,en,How do you protect your {keyword} investments?,0.75,0.4728225864518376,0.59
8600807,content marketing,marketing,How do you optimize content marketing for mobile users?,optimization,Advanced,"[""Overview of content marketing"", ""Step-by-step implementation"", ""Best practices and tips"", ""Common challenges and solutions"", ""Tools and resources needed"", ""Conclusion and next steps""]","[""content"", ""marketing"", ""advertising"", ""branding"", ""optimization""]",6,Marketing Managers & Strategists,"[""social media"", ""brand management"", ""digital marketing""]",55,9,2025-10-25 21:09:19,en,How do you optimize {keyword} for mobile users?,0.63,0.9464180765383694,0.69
8600808,portfolio management,economics,How do you assess and manage portfolio management risks?,planning,Beginner,"[""Overview of portfolio management"", ""Step-by-step implementation"", ""Best practices and tips"", ""Common challenges and solutions"", ""Tools and resources needed"", ""Conclusion and next steps""]","[""planning"", ""finance"", ""portfolio"", ""management"", ""business"", ""economics""]",6,Students & New Investors,"[""financial modeling"", ""market analysis"", ""investment planning""]",56,9,2025-10-25 21:09:19,en,How do you assess and manage {keyword} risks?,0.92,0.33421466358310736,0.82
8600809,investment planning,economics,What indicators predict investment planning market movements?,strategy,Intermediate,"[""Introduction to investment planning"", ""Key points and analysis"", ""Practical examples"", ""Expert insights"", ""Action items"", ""Conclusion""]","[""investment"", ""planning"", ""market"", ""strategy"", ""economics""]",4,Individual Investors & Analysts,"[""portfolio management"", ""market analysis"", ""financial modeling""]",61,7,2025-10-25 21:09:19,en,What indicators predict {keyword} market movements?,0.62,0.775895007397476,0.61
8600810,content marketing,marketing,What timing strategies work for content marketing?,implementation,Advanced,"[""Introduction to content marketing"", ""Key points and analysis"", ""Practical examples"", ""Expert insights"", ""Action items"", ""Conclusion""]","[""content"", ""implementation"", ""promotion"", ""marketing"", ""branding""]",4,Marketing Managers & Strategists,"[""digital marketing"", ""brand management"", ""social media""]",50,7,2025-10-25 21:09:19,en,What timing strategies work for {keyword}?,0.8,0.9431504504554182,0.31
8600811,social media,marketing,What content types work best for social media?,troubleshooting,Expert,"[""Introduction to social media"", ""Key points and analysis"", ""Practical examples"", ""Expert insights"", ""Action items"", ""Conclusion""]","[""media"", ""promotion"", ""troubleshooting"", ""marketing"", ""digital"", ""social""]",4,Marketing Directors & CMOs,"[""brand management"", ""content marketing"", ""digital marketing""]",46,8,2025-10-25 21:09:19,en,What content types work best for {keyword}?,0.89,1.0,0.68
8600812,web development,it,How do you troubleshoot common issues with web development?,optimization,Advanced,"[""Overview of web development"", ""Step-by-step implementation"", ""Best practices and tips"", ""Common challenges and solutions"", ""Tools and resources needed"", ""Conclusion and next steps""]","[""development"", ""web"", ""it"", ""optimization"", ""technology""]",6,Senior Developers & Tech Leads,"[""cybersecurity"", ""data science"", ""cloud computing"", ""machine learning""]",59,9,2025-10-25 21:09:19,en,How do you troubleshoot common issues with {keyword}?,0.87,0.8372512959649385,0.82
8600813,market analysis,economics,What insurance options are available for market analysis?,optimization,Expert,"[""Introduction to market analysis"", ""Key points and analysis"", ""Practical examples"", ""Expert insights"", ""Action items"", ""Conclusion""]","[""analysis"", ""finance"", ""business"", ""market"", ""optimization"", ""economics""]",4,Portfolio Managers & Financial Experts,"[""portfolio management"", ""investment planning"", ""financial modeling""]",57,8,2025-10-25 21:09:19,en,What insurance options are available for {keyword}?,0.67,1.0,0.84
8600814,cybersecurity,it,What ROI can be expected from cybersecurity implementation?,strategy,Beginner,"[""Introduction to cybersecurity"", ""Key points and analysis"", ""Practical examples"", ""Expert insights"", ""Action items"", ""Conclusion""]","[""software"", ""it"", ""strategy"", ""cybersecurity"", ""technology""]",4,Students & Entry-level Developers,"[""cloud computing"", ""web development"", ""data science"", ""machine learning""]",59,8,2025-10-25 21:09:19,en,What ROI can be expected from {keyword} implementation?,0.61,0.3047151276828396,0.75
8600815,brand management,marketing,What A/B tests should you run for brand management?,optimization,Intermediate,"[""Introduction to brand management"", ""Key points and analysis"", ""Practical examples"", ""Expert insights"", ""Action items"", ""Conclusion""]","[""digital"", ""marketing"", ""management"", ""advertising"", ""optimization"", ""brand""]",4,Marketing Coordinators & Specialists,"[""social media"", ""digital marketing"", ""content marketing""]",51,9,2025-10-25 21:09:19,en,What A/B tests should you run for {keyword}?,0.68,0.7006243134096544,0.89
8600816,financial modeling,economics,What exit strategies should be considered for financial modeling?,analysis,Intermediate,"[""Introduction to financial modeling"", ""Key points and analysis"", ""Practical examples"", ""Expert insights"", ""Action items"", ""Conclusion""]","[""finance"", ""analysis"", ""modeling"", ""financial"", ""market"", ""economics""]",4,Individual Investors & Analysts,"[""investment planning"", ""portfolio management"", ""market analysis""]",65,9,2025-10-25 21:09:19,en,What exit strategies should be considered for {keyword}?,0.83,0.7234450940429986,0.55
8600817,content marketing,marketing,What are the latest trends in content marketing?,analysis,Intermediate,"[""Introduction to content marketing"", ""Key concepts and definitions"", ""Main categories or types"", ""Examples and case studies"", ""Benefits and advantages"", ""Summary and recommendations""]","[""content"", ""analysis"", ""marketing"", ""digital"", ""branding""]",6,Marketing Coordinators & Specialists,"[""brand management"", ""digital marketing"", ""social media""]",48,8,2025-10-25 21:09:19,en,What are the latest trends in {keyword}?,0.63,0.6409870564021429,0.76
8600818,content marketing,marketing,How do you reach new customers through content marketing?,how_to,Advanced,"[""Overview of content marketing"", ""Step-by-step implementation"", ""Best practices and tips"", ""Common challenges and solutions"", ""Tools and resources needed"", ""Conclusion and next steps""]","[""how_to"", ""content"", ""marketing"", ""digital"", ""branding""]",6,Marketing Managers & Strategists,"[""brand management"", ""digital marketing"", ""social media""]",57,9,2025-10-25 21:09:19,en,How do you reach new customers through {keyword}?,0.8,0.8103964766939517,0.71
8600819,content marketing,marketing,What tools are essential for content marketing analytics?,comparison,Advanced,"[""Introduction to content marketing"", ""Key points and analysis"", ""Practical examples"", ""Expert insights"", ""Action items"", ""Conclusion""]","[""content"", ""promotion"", ""comparison"", ""marketing"", ""branding""]",4,Marketing Managers & Strategists,"[""digital marketing"", ""brand management"", ""social media""]",57,8,2025-10-25 21:09:19,en,What tools are essential for {keyword} analytics?,0.88,0.8187202607313092,0.53
8600820,machine learning,it,What certifications are valuable for machine learning professionals?,planning,Beginner,"[""Introduction to machine learning"", ""Key points and analysis"", ""Practical examples"", ""Expert insights"", ""Action items"", ""Conclusion""]","[""software"", ""planning"", ""it"", ""development"", ""learning"", ""machine""]",4,Students & Entry-level Developers,"[""data science"", ""web development"", ""cybersecurity"", ""cloud computing""]",68,8,2025-10-25 21:09:19,en,What certifications are valuable for {keyword} professionals?,0.79,0.30554602658546676,0.75
8600821,cybersecurity,it,What design patterns work best with cybersecurity?,strategy,Advanced,"[""Introduction to cybersecurity"", ""Key points and analysis"", ""Practical examples"", ""Expert insights"", ""Action items"", ""Conclusion""]","[""it"", ""programming"", ""strategy"", ""cybersecurity"", ""technology""]",4,Senior Developers & Tech Leads,"[""cloud computing"", ""web development"", ""machine learning"", ""data science""]",50,7,2025-10-25 21:09:19,en,What design patterns work best with {keyword}?,0.8,0.8580030916867913,0.53
8600822,machine learning,it,How do you choose the right technology stack for machine learning?,planning,Expert,"[""Overview of machine learning"", ""Step-by-step implementation"", ""Best practices and tips"", ""Common challenges and solutions"", ""Tools and resources needed"", ""Conclusion and next steps""]","[""planning"", ""development"", ""it"", ""learning"", ""machine"", ""technology""]",6,Architects & Technical Directors,"[""web development"", ""data science"", ""cybersecurity"", ""cloud computing""]",66,11,2025-10-25 21:09:19,en,How do you choose the right technology stack for {keyword}?,0.8,1.0,0.89
8600823,investment planning,economics,What are the risks associated with investment planning?,how_to,Intermediate,"[""Introduction to investment planning"", ""Key concepts and definitions"", ""Main categories or types"", ""Examples and case studies"", ""Benefits and advantages"", ""Summary and recommendations""]","[""investment"", ""how_to"", ""planning"", ""market"", ""business"", ""economics""]",6,Individual Investors & Analysts,"[""financial modeling"", ""market analysis"", ""portfolio management""]",55,8,2025-10-25 21:09:19,en,What are the risks associated with {keyword}?,0.8,0.6003593089469001,0.58
8600824,digital marketing,marketing,How do you automate digital marketing processes?,evaluation,Intermediate,"[""Overview of digital marketing"", ""Step-by-step implementation"", ""Best practices and tips"", ""Common challenges and solutions"", ""Tools and resources needed"", ""Conclusion and next steps""]","[""promotion"", ""marketing"", ""digital"", ""advertising"", ""evaluation""]",6,Marketing Coordinators & Specialists,"[""social media"", ""brand management"", ""content marketing""]",48,7,2025-10-25 21:09:19,en,How do you automate {keyword} processes?,0.75,0.6666316357987644,0.54
8600825,web development,it,What certifications are valuable for web development professionals?,strategy,Advanced,"[""Introduction to web development"", ""Key points and analysis"", ""Practical examples"", ""Expert insights"", ""Action items"", ""Conclusion""]","[""technology"", ""development"", ""it"", ""programming"", ""strategy"", ""web""]",4,Senior Developers & Tech Leads,"[""machine learning"", ""cloud computing"", ""data science"", ""cybersecurity""]",67,8,2025-10-25 21:09:19,en,What certifications are valuable for {keyword} professionals?,0.61,0.8686636216644836,0.7
8600826,digital marketing,marketing,How do you innovate within digital marketing?,best_practice,Expert,"[""Overview of digital marketing"", ""Step-by-step implementation"", ""Best practices and tips"", ""Common challenges and solutions"", ""Tools and resources needed"", ""Conclusion and next steps""]","[""promotion"", ""best_practice"", ""marketing"", ""digital"", ""advertising""]",6,Marketing Directors & CMOs,"[""brand management"", ""content marketing"", ""social media""]",45,7,2025-10-25 21:09:19,en,How do you innovate within {keyword}?,0.75,1.0,0.52
8600827,machine learning,it,What design patterns work best with machine learning?,planning,Beginner,"[""Introduction to machine learning"", ""Key points and analysis"", ""Practical examples"", ""Expert insights"", ""Action items"", ""Conclusion""]","[""software"", ""planning"", ""it"", ""programming"", ""learning"", ""machine""]",4,Students & Entry-level Developers,"[""cloud computing"", ""data science"", ""web development"", ""cybersecurity""]",53,8,2025-10-25 21:09:19,en,What design patterns work best with {keyword}?,0.68,0.40498207952152554,0.37
8600828,social media,marketing,How do you innovate within social media?,optimization,Expert,"[""Overview of social media"", ""Step-by-step implementation"", ""Best practices and tips"", ""Common challenges and solutions"", ""Tools and resources needed"", ""Conclusion and next steps""]","[""media"", ""marketing"", ""social"", ""advertising"", ""branding"", ""optimization""]",6,Marketing Directors & CMOs,"[""brand management"", ""digital marketing"", ""content marketing""]",40,7,2025-10-25 21:09:19,en,How do you innovate within {keyword}?,0.8,1.0,0.85
8600829,cloud computing,it,How do you optimize cloud computing for different platforms?,implementation,Expert,"[""Overview of cloud computing"", ""Step-by-step implementation"", ""Best practices and tips"", ""Common challenges and solutions"", ""Tools and resources needed"", ""Conclusion and next steps""]","[""computing"", ""development"", ""it"", ""implementation"", ""programming"", ""cloud""]",6,Architects & Technical Directors,"[""machine learning"", ""cybersecurity"", ""web development"", ""data science""]",60,9,2025-10-25 21:09:19,en,How do you optimize {keyword} for different platforms?,0.9,1.0,0.82
8600830,digital marketing,marketing,What content types work best for digital marketing?,comparison,Beginner,"[""Introduction to digital marketing"", ""Key points and analysis"", ""Practical examples"", ""Expert insights"", ""Action items"", ""Conclusion""]","[""marketing"", ""comparison"", ""advertising"", ""digital""]",4,Marketing Students & Interns,"[""brand management"", ""social media"", ""content marketing""]",51,8,2025-10-25 21:09:19,en,What content types work best for {keyword}?,0.89,0.3956396687528121,0.36
8600831,social media,marketing,How do you reach new customers through social media?,best_practice,Expert,"[""Overview of social media"", ""Step-by-step implementation"", ""Best practices and tips"", ""Common challenges and solutions"", ""Tools and resources needed"", ""Conclusion and next steps""]","[""media"", ""best_practice"", ""marketing"", ""digital"", ""social"", ""advertising""]",6,Marketing Directors & CMOs,"[""brand management"", ""digital marketing"", ""content marketing""]",52,9,2025-10-25 21:09:19,en,How do you reach new customers through {keyword}?,0.94,1.0,0.8
8600832,content marketing,marketing,What emerging platforms support content marketing?,strategy,Advanced,"[""Introduction to content marketing"", ""Key points and analysis"", ""Practical examples"", ""Expert insights"", ""Action items"", ""Conclusion""]","[""content"", ""promotion"", ""marketing"", ""digital"", ""strategy""]",4,Marketing Managers & Strategists,"[""brand management"", ""digital marketing"", ""social media""]",50,6,2025-10-25 21:09:19,en,What emerging platforms support {keyword}?,0.9,0.9624458040847959,0.53
8600833,machine learning,it,How do you design a scalable machine learning solution?,troubleshooting,Expert,"[""Overview of machine learning"", ""Step-by-step implementation"", ""Best practices and tips"", ""Common challenges and solutions"", ""Tools and resources needed"", ""Conclusion and next steps""]","[""development"", ""it"", ""troubleshooting"", ""learning"", ""machine"", ""technology""]",6,Architects & Technical Directors,"[""cybersecurity"", ""web development"", ""cloud computing"", ""data science""]",55,9,2025-10-25 21:09:19,en,How do you design a scalable {keyword} solution?,0.92,1.0,0.87
8600834,cloud computing,it,What tools are essential for cloud computing development?,best_practice,Advanced,"[""Introduction to cloud computing"", ""Key points and analysis"", ""Practical examples"", ""Expert insights"", ""Action items"", ""Conclusion""]","[""computing"", ""software"", ""development"", ""it"", ""best_practice"", ""cloud""]",4,Senior Developers & Tech Leads,"[""cybersecurity"", ""machine learning"", ""data science"", ""web development""]",57,8,2025-10-25 21:09:19,en,What tools are essential for {keyword} development?,0.65,0.8090638015250341,0.35
8600835,social media,marketing,How do you identify the right audience for social media?,optimization,Expert,"[""Overview of social media"", ""Step-by-step implementation"", ""Best practices and tips"", ""Common challenges and solutions"", ""Tools and resources needed"", ""Conclusion and next steps""]","[""media"", ""digital"", ""marketing"", ""social"", ""branding"", ""optimization""]",6,Marketing Directors & CMOs,"[""brand management"", ""digital marketing"", ""content marketing""]",56,10,2025-10-25 21:09:19,en,How do you identify the right audience for {keyword}?,0.88,1.0,0.45
8600836,machine learning,it,How do you integrate machine learning with existing systems?,analysis,Beginner,"[""Overview of machine learning"", ""Step-by-step implementation"", ""Best practices and tips"", ""Common challenges and solutions"", ""Tools and resources needed"", ""Conclusion and next steps""]","[""software"", ""analysis"", ""it"", ""development"", ""learning"", ""machine""]",6,Students & Entry-level Developers,"[""cybersecurity"", ""cloud computing"", ""data science"", ""web development""]",60,9,2025-10-25 21:09:19,en,How do you integrate {keyword} with existing systems?,0.85,0.34601649616934127,0.56
8600837,data science,it,What are the best practices for data science development?,optimization,Expert,"[""Introduction to data science"", ""Key concepts and definitions"", ""Main categories or types"", ""Examples and case studies"", ""Benefits and advantages"", ""Summary and recommendations""]","[""software"", ""development"", ""it"", ""science"", ""optimization"", ""data""]",6,Architects & Technical Directors,"[""web development"", ""cloud computing"", ""cybersecurity"", ""machine learning""]",57,9,2025-10-25 21:09:19,en,What are the best practices for {keyword} development?,0.75,1.0,0.53
8600838,web development,it,How can web development improve system performance and scalability?,planning,Beginner,"[""Introduction to web development"", ""Key points and analysis"", ""Practical examples"", ""Expert insights"", ""Action items"", ""Conclusion""]","[""software"", ""planning"", ""development"", ""it"", ""web""]",4,Students & Entry-level Developers,"[""cybersecurity"", ""data science"", ""machine learning"", ""cloud computing""]",67,9,2025-10-25 21:09:19,en,How can {keyword} improve system performance and scalability?,0.75,0.4716497021950147,0.74
8600839,data science,it,How do you choose the right technology stack for data science?,best_practice,Advanced,"[""Overview of data science"", ""Step-by-step implementation"", ""Best practices and tips"", ""Common challenges and solutions"", ""Tools and resources needed"", ""Conclusion and next steps""]","[""software"", ""it"", ""best_practice"", ""programming"", ""science"", ""data""]",6,Senior Developers & Tech Leads,"[""cybersecurity"", ""cloud computing"", ""machine learning"", ""web development""]",62,11,2025-10-25 21:09:19,en,How do you choose the right technology stack for {keyword}?,0.69,0.8367235624848033,0.68
8600840,portfolio management,economics,How do you diversify your portfolio using portfolio management?,implementation,Intermediate,"[""Overview of portfolio management"", ""Step-by-step implementation"", ""Best practices and tips"", ""Common challenges and solutions"", ""Tools and resources needed"", ""Conclusion and next steps""]","[""finance"", ""implementation"", ""portfolio"", ""management"", ""market"", ""economics""]",6,Individual Investors & Analysts,"[""financial modeling"", ""market analysis"", ""investment planning""]",63,9,2025-10-25 21:09:19,en,How do you diversify your portfolio using {keyword}?,0.68,0.7233589515479055,0.77
8600841,market analysis,economics,How do you analyze market trends in market analysis?,optimization,Advanced,"[""Overview of market analysis"", ""Step-by-step implementation"", ""Best practices and tips"", ""Common challenges and solutions"", ""Tools and resources needed"", ""Conclusion and next steps""]","[""analysis"", ""business"", ""market"", ""optimization"", ""economics""]",6,Professional Investors & Advisors,"[""portfolio management"", ""financial modeling"", ""investment planning""]",52,9,2025-10-25 21:09:19,en,How do you analyze market trends in {keyword}?,0.89,0.8719571259706238,0.37
8600842,cloud computing,it,How do you get started with cloud computing as a beginner?,comparison,Beginner,"[""Overview of cloud computing"", ""Step-by-step implementation"", ""Best practices and tips"", ""Common challenges and solutions"", ""Tools and resources needed"", ""Conclusion and next steps""]","[""computing"", ""development"", ""it"", ""comparison"", ""programming"", ""cloud""]",6,Students & Entry-level Developers,"[""data science"", ""cybersecurity"", ""machine learning"", ""web development""]",58,11,2025-10-25 21:09:19,en,How do you get started with {keyword} as a beginner?,0.93,0.47014990227827186,0.74
8600843,social media,marketing,How do you develop an effective social media strategy?,evaluation,Expert,"[""Overview of social media"", ""Step-by-step implementation"", ""Best practices and tips"", ""Common challenges and solutions"", ""Tools and resources needed"", ""Conclusion and next steps""]","[""media"", ""marketing"", ""digital"", ""social"", ""advertising"", ""evaluation""]",6,Marketing Directors & CMOs,"[""digital marketing"", ""content marketing"", ""brand management""]",54,9,2025-10-25 21:09:19,en,How do you develop an effective {keyword} strategy?,0.93,1.0,0.49
8600844,cybersecurity,it,What certifications are valuable for cybersecurity professionals?,best_practice,Expert,"[""Introduction to cybersecurity"", ""Key points and analysis"", ""Practical examples"", ""Expert insights"", ""Action items"", ""Conclusion""]","[""software"", ""it"", ""programming"", ""best_practice"", ""cybersecurity""]",4,Architects & Technical Directors,"[""cloud computing"", ""data science"", ""web development"", ""machine learning""]",65,7,2025-10-25 21:09:19,en,What certifications are valuable for {keyword} professionals?,0.83,1.0,0.57
8600845,content marketing,marketing,What timing strategies work for content marketing?,implementation,Advanced,"[""Introduction to content marketing"", ""Key points and analysis"", ""Practical examples"", ""Expert insights"", ""Action items"", ""Conclusion""]","[""content"", ""implementation"", ""marketing"", ""digital"", ""branding""]",4,Marketing Managers & Strategists,"[""brand management"", ""social media"", ""digital marketing""]",50,7,2025-10-25 21:09:19,en,What timing strategies work for {keyword}?,0.65,0.9456857362241733,0.58
8600846,cloud computing,it,How do you convince stakeholders to invest in cloud computing?,analysis,Intermediate,"[""Overview of cloud computing"", ""Step-by-step implementation"", ""Best practices and tips"", ""Common challenges and solutions"", ""Tools and resources needed"", ""Conclusion and next steps""]","[""computing"", ""software"", ""analysis"", ""it"", ""cloud"", ""technology""]",6,Junior to Mid-level Developers,"[""cybersecurity"", ""data science"", ""web development"", ""machine learning""]",62,10,2025-10-25 21:09:19,en,How do you convince stakeholders to invest in {keyword}?,0.93,0.6892262111328229,0.56
8600847,content marketing,marketing,What channels are most effective for content marketing?,planning,Expert,"[""Introduction to content marketing"", ""Key points and analysis"", ""Practical examples"", ""Expert insights"", ""Action items"", ""Conclusion""]","[""planning"", ""content"", ""promotion"", ""marketing"", ""advertising""]",4,Marketing Directors & CMOs,"[""digital marketing"", ""brand management"", ""social media""]",55,8,2025-10-25 21:09:19,en,What channels are most effective for {keyword}?,0.69,1.0,0.68
8600848,cloud computing,it,What are the best practices for cloud computing development?,best_practice,Intermediate,"[""Introduction to cloud computing"", ""Key concepts and definitions"", ""Main categories or types"", ""Examples and case studies"", ""Benefits and advantages"", ""Summary and recommendations""]","[""computing"", ""software"", ""it"", ""best_practice"", ""programming"", ""cloud""]",6,Junior to Mid-level Developers,"[""data science"", ""web development"", ""machine learning"", ""cybersecurity""]",60,9,2025-10-25 21:09:19,en,What are the best practices for {keyword} development?,0.79,0.7172081850224742,0.48
8600849,digital marketing,marketing,What timing strategies work for digital marketing?,comparison,Intermediate,"[""Introduction to digital marketing"", ""Key points and analysis"", ""Practical examples"", ""Expert insights"", ""Action items"", ""Conclusion""]","[""marketing"", ""promotion"", ""comparison"", ""digital""]",4,Marketing Coordinators & Specialists,"[""content marketing"", ""social media"", ""brand management""]",50,7,2025-10-25 21:09:19,en,What timing strategies work for {keyword}?,0.76,0.6071803853959643,0.62
8600850,content marketing,marketing,How do you automate content marketing processes?,evaluation,Advanced,"[""Overview of content marketing"", ""Step-by-step implementation"", ""Best practices and tips"", ""Common challenges and solutions"", ""Tools and resources needed"", ""Conclusion and next steps""]","[""content"", ""marketing"", ""digital"", ""advertising"", ""evaluation""]",6,Marketing Managers & Strategists,"[""brand management"", ""digital marketing"", ""social media""]",48,7,2025-10-25 21:09:19,en,How do you automate {keyword} processes?,0.89,0.9072464985517079,0.42
8600851,brand management,marketing,How do you reach new customers through brand management?,how_to,Expert,"[""Overview of brand management"", ""Step-by-step implementation"", ""Best practices and tips"", ""Common challenges and solutions"", ""Tools and resources needed"", ""Conclusion and next steps""]","[""how_to"", ""digital"", ""marketing"", ""management"", ""advertising"", ""brand""]",6,Marketing Directors & CMOs,"[""content marketing"", ""digital marketing"", ""social media""]",56,9,2025-10-25 21:09:19,en,How do you reach new customers through {keyword}?,0.64,1.0,0.68
8600852,cybersecurity,it,What security considerations should be taken when using cybersecurity?,planning,Beginner,"[""Introduction to cybersecurity"", ""Key points and analysis"", ""Practical examples"", ""Expert insights"", ""Action items"", ""Conclusion""]","[""planning"", ""development"", ""it"", ""cybersecurity"", ""technology""]",4,Students & Entry-level Developers,"[""data science"", ""cloud computing"", ""web development"", ""machine learning""]",70,9,2025-10-25 21:09:19,en,What security considerations should be taken when using {keyword}?,0.89,0.47011167133800047,0.71
8600853,investment planning,economics,How do you report on investment planning performance to stakeholders?,strategy,Intermediate,"[""Overview of investment planning"", ""Step-by-step implementation"", ""Best practices and tips"", ""Common challenges and solutions"", ""Tools and resources needed"", ""Conclusion and next steps""]","[""investment"", ""planning"", ""business"", ""market"", ""strategy"", ""economics""]",6,Individual Investors & Analysts,"[""financial modeling"", ""portfolio management"", ""market analysis""]",69,10,2025-10-25 21:09:19,en,How do you report on {keyword} performance to stakeholders?,0.93,0.7043805601965881,0.87
8600854,cloud computing,it,How do you measure the success of cloud computing projects?,best_practice,Advanced,"[""Overview of cloud computing"", ""Step-by-step implementation"", ""Best practices and tips"", ""Common challenges and solutions"", ""Tools and resources needed"", ""Conclusion and next steps""]","[""computing"", ""software"", ""development"", ""it"", ""best_practice"", ""cloud""]",6,Senior Developers & Tech Leads,"[""data science"", ""machine learning"", ""cybersecurity"", ""web development""]",59,10,2025-10-25 21:09:19,en,How do you measure the success of {keyword} projects?,0.8,0.8597650611278597,0.35
8600855,content marketing,marketing,What are the latest trends in content marketing?,planning,Intermediate,"[""Introduction to content marketing"", ""Key concepts and definitions"", ""Main categories or types"", ""Examples and case studies"", ""Benefits and advantages"", ""Summary and recommendations""]","[""planning"", ""content"", ""marketing"", ""digital"", ""advertising""]",6,Marketing Coordinators & Specialists,"[""social media"", ""digital marketing"", ""brand management""]",48,8,2025-10-25 21:09:19,en,What are the latest trends in {keyword}?,0.84,0.7470992735215257,0.38
8600856,brand management,marketing,What emerging platforms support brand management?,analysis,Intermediate,"[""Introduction to brand management"", ""Key points and analysis"", ""Practical examples"", ""Expert insights"", ""Action items"", ""Conclusion""]","[""analysis"", ""digital"", ""marketing"", ""management"", ""branding"", ""brand""]",4,Marketing Coordinators & Specialists,"[""content marketing"", ""social media"", ""digital marketing""]",49,6,2025-10-25 21:09:19,en,What emerging platforms support {keyword}?,0.89,0.7686718685046854,0.51
8600857,market analysis,economics,What metrics are most important for market analysis?,troubleshooting,Expert,"[""Introduction to market analysis"", ""Key points and analysis"", ""Practical examples"", ""Expert insights"", ""Action items"", ""Conclusion""]","[""investment"", ""analysis"", ""troubleshooting"", ""market"", ""economics""]",4,Portfolio Managers & Financial Experts,"[""investment planning"", ""financial modeling"", ""portfolio management""]",52,8,2025-10-25 21:09:19,en,What metrics are most important for {keyword}?,0.91,1.0,0.51
8600858,investment planning,economics,How do you measure investment planning performance?,comparison,Expert,"[""Overview of investment planning"", ""Step-by-step implementation"", ""Best practices and tips"", ""Common challenges and solutions"", ""Tools and resources needed"", ""Conclusion and next steps""]","[""investment"", ""planning"", ""comparison"", ""market"", ""economics""]",6,Portfolio Managers & Financial Experts,"[""portfolio management"", ""market analysis"", ""financial modeling""]",51,7,2025-10-25 21:09:19,en,How do you measure {keyword} performance?,0.89,1.0,0.4
8600859,data science,it,What are the best practices for data science development?,strategy,Advanced,"[""Introduction to data science"", ""Key concepts and definitions"", ""Main categories or types"", ""Examples and case studies"", ""Benefits and advantages"", ""Summary and recommendations""]","[""technology"", ""software"", ""it"", ""science"", ""strategy"", ""data""]",6,Senior Developers & Tech Leads,"[""cybersecurity"", ""cloud computing"", ""web development"", ""machine learning""]",57,9,2025-10-25 21:09:19,en,What are the best practices for {keyword} development?,0.71,0.9167913526367341,0.73
8600860,market analysis,economics,What insurance options are available for market analysis?,analysis,Expert,"[""Introduction to market analysis"", ""Key points and analysis"", ""Practical examples"", ""Expert insights"", ""Action items"", ""Conclusion""]","[""market"", ""business"", ""economics"", ""analysis""]",4,Portfolio Managers & Financial Experts,"[""investment planning"", ""portfolio management"", ""financial modeling""]",57,8,2025-10-25 21:09:19,en,What insurance options are available for {keyword}?,0.71,1.0,0.6
8600861,market analysis,economics,What are the risks associated with market analysis?,how_to,Intermediate,"[""Introduction to market analysis"", ""Key concepts and definitions"", ""Main categories or types"", ""Examples and case studies"", ""Benefits and advantages"", ""Summary and recommendations""]","[""how_to"", ""finance"", ""analysis"", ""market"", ""economics""]",6,Individual Investors & Analysts,"[""financial modeling"", ""portfolio management"", ""investment planning""]",51,8,2025-10-25 21:09:19,en,What are the risks associated with {keyword}?,0.67,0.6256476439745877,0.77
8600862,brand management,marketing,What tools are essential for brand management analytics?,analysis,Expert,"[""Introduction to brand management"", ""Key points and analysis"", ""Practical examples"", ""Expert insights"", ""Action items"", ""Conclusion""]","[""analysis"", ""promotion"", ""digital"", ""marketing"", ""management"", ""brand""]",4,Marketing Directors & CMOs,"[""digital marketing"", ""social media"", ""content marketing""]",56,8,2025-10-25 21:09:19,en,What tools are essential for {keyword} analytics?,0.84,1.0,0.81
8600863,financial modeling,economics,What are the risks associated with financial modeling?,evaluation,Expert,"[""Introduction to financial modeling"", ""Key concepts and definitions"", ""Main categories or types"", ""Examples and case studies"", ""Benefits and advantages"", ""Summary and recommendations""]","[""modeling"", ""financial"", ""evaluation"", ""market"", ""business"", ""economics""]",6,Portfolio Managers & Financial Experts,"[""market analysis"", ""portfolio management"", ""investment planning""]",54,8,2025-10-25 21:09:19,en,What are the risks associated with {keyword}?,0.95,1.0,0.75
8600864,market analysis,economics,What are the risks associated with market analysis?,planning,Advanced,"[""Introduction to market analysis"", ""Key concepts and definitions"", ""Main categories or types"", ""Examples and case studies"", ""Benefits and advantages"", ""Summary and recommendations""]","[""planning"", ""analysis"", ""finance"", ""market"", ""business"", ""economics""]",6,Professional Investors & Advisors,"[""investment planning"", ""financial modeling"", ""portfolio management""]",51,8,2025-10-25 21:09:19,en,What are the risks associated with {keyword}?,0.78,0.8328475013354006,0.42
8600865,content marketing,marketing,What messaging works best in content marketing campaigns?,implementation,Beginner,"[""Introduction to content marketing"", ""Key points and analysis"", ""Practical examples"", ""Expert insights"", ""Action items"", ""Conclusion""]","[""content"", ""implementation"", ""marketing"", ""advertising"", ""branding""]",4,Marketing Students & Interns,"[""brand management"", ""social media"", ""digital marketing""]",57,8,2025-10-25 21:09:19,en,What messaging works best in {keyword} campaigns?,0.86,0.3836869793095164,0.41
8600866,machine learning,it,What is the recommended architecture for machine learning systems?,optimization,Beginner,"[""Introduction to machine learning"", ""Key points and analysis"", ""Practical examples"", ""Expert insights"", ""Action items"", ""Conclusion""]","[""software"", ""development"", ""it"", ""learning"", ""optimization"", ""machine""]",4,Students & Entry-level Developers,"[""cybersecurity"", ""data science"", ""web development"", ""cloud computing""]",66,9,2025-10-25 21:09:19,en,What is the recommended architecture for {keyword} systems?,0.7,0.31378282716142825,0.37
8600867,portfolio management,economics,What is the optimal allocation for portfolio management in a portfolio?,analysis,Beginner,"[""Introduction to portfolio management"", ""Key points and analysis"", ""Practical examples"", ""Expert insights"", ""Action items"", ""Conclusion""]","[""investment"", ""analysis"", ""finance"", ""portfolio"", ""management"", ""economics""]",4,Students & New Investors,"[""financial modeling"", ""market analysis"", ""investment planning""]",71,11,2025-10-25 21:09:19,en,What is the optimal allocation for {keyword} in a portfolio?,0.73,0.4546777865742655,0.75
8600868,financial modeling,economics,How do you hedge against financial modeling market downturns?,evaluation,Advanced,"[""Overview of financial modeling"", ""Step-by-step implementation"", ""Best practices and tips"", ""Common challenges and solutions"", ""Tools and resources needed"", ""Conclusion and next steps""]","[""investment"", ""modeling"", ""financial"", ""evaluation"", ""market"", ""economics""]",6,Professional Investors & Advisors,"[""investment planning"", ""portfolio management"", ""market analysis""]",61,9,2025-10-25 21:09:19,en,How do you hedge against {keyword} market downturns?,0.79,0.8601437287174489,0.88
8600869,financial modeling,economics,How do you adjust your financial modeling strategy during volatility?,analysis,Intermediate,"[""Overview of financial modeling"", ""Step-by-step implementation"", ""Best practices and tips"", ""Common challenges and solutions"", ""Tools and resources needed"", ""Conclusion and next steps""]","[""investment"", ""analysis"", ""modeling"", ""financial"", ""business"", ""economics""]",6,Individual Investors & Analysts,"[""portfolio management"", ""investment planning"", ""market analysis""]",69,10,2025-10-25 21:09:19,en,How do you adjust your {keyword} strategy during volatility?,0.86,0.7201244072672213,0.46
8600870,market analysis,economics,What metrics are most important for market analysis?,implementation,Advanced,"[""Introduction to market analysis"", ""Key points and analysis"", ""Practical examples"", ""Expert insights"", ""Action items"", ""Conclusion""]","[""finance"", ""analysis"", ""implementation"", ""market"", ""business"", ""economics""]",4,Professional Investors & Advisors,"[""portfolio management"", ""investment planning"", ""financial modeling""]",52,8,2025-10-25 21:09:19,en,What metrics are most important for {keyword}?,0.79,0.8541242907557639,0.38
8600871,investment planning,economics,What are the regulatory considerations for investment planning?,comparison,Beginner,"[""Introduction to investment planning"", ""Key concepts and definitions"", ""Main categories or types"", ""Examples and case studies"", ""Benefits and advantages"", ""Summary and recommendations""]","[""investment"", ""planning"", ""comparison"", ""market"", ""economics""]",6,Students & New Investors,"[""market analysis"", ""portfolio management"", ""financial modeling""]",63,8,2025-10-25 21:09:19,en,What are the regulatory considerations for {keyword}?,0.83,0.47564783573981473,0.31
8600872,cloud computing,it,How can cloud computing improve system performance and scalability?,optimization,Intermediate,"[""Introduction to cloud computing"", ""Key points and analysis"", ""Practical examples"", ""Expert insights"", ""Action items"", ""Conclusion""]","[""computing"", ""cloud"", ""development"", ""it"", ""optimization"", ""technology""]",4,Junior to Mid-level Developers,"[""cybersecurity"", ""data science"", ""machine learning"", ""web development""]",67,9,2025-10-25 21:09:19,en,How can {keyword} improve system performance and scalability?,0.63,0.659158167053891,0.37
8600873,market analysis,economics,What are the seasonal patterns in market analysis?,strategy,Intermediate,"[""Introduction to market analysis"", ""Key concepts and definitions"", ""Main categories or types"", ""Examples and case studies"", ""Benefits and advantages"", ""Summary and recommendations""]","[""analysis"", ""finance"", ""business"", ""market"", ""strategy"", ""economics""]",6,Individual Investors & Analysts,"[""investment planning"", ""portfolio management"", ""financial modeling""]",50,8,2025-10-25 21:09:19,en,What are the seasonal patterns in {keyword}?,0.85,0.6174557325381622,0.54
8600874,brand management,marketing,How do you attribute success to brand management efforts?,implementation,Expert,"[""Overview of brand management"", ""Step-by-step implementation"", ""Best practices and tips"", ""Common challenges and solutions"", ""Tools and resources needed"", ""Conclusion and next steps""]","[""implementation"", ""marketing"", ""management"", ""advertising"", ""digital"", ""brand""]",6,Marketing Directors & CMOs,"[""social media"", ""digital marketing"", ""content marketing""]",57,9,2025-10-25 21:09:19,en,How do you attribute success to {keyword} efforts?,0.73,1.0,0.42
8600875,digital marketing,marketing,What budget should be allocated to digital marketing?,comparison,Beginner,"[""Introduction to digital marketing"", ""Key points and analysis"", ""Practical examples"", ""Expert insights"", ""Action items"", ""Conclusion""]","[""comparison"", ""marketing"", ""digital"", ""advertising"", ""branding""]",4,Marketing Students & Interns,"[""content marketing"", ""social media"", ""brand management""]",53,8,2025-10-25 21:09:19,en,What budget should be allocated to {keyword}?,0.94,0.46152030956970547,0.34
8600876,machine learning,it,What ROI can be expected from machine learning implementation?,troubleshooting,Intermediate,"[""Introduction to machine learning"", ""Key points and analysis"", ""Practical examples"", ""Expert insights"", ""Action items"", ""Conclusion""]","[""development"", ""it"", ""troubleshooting"", ""learning"", ""machine"", ""technology""]",4,Junior to Mid-level Developers,"[""cybersecurity"", ""cloud computing"", ""web development"", ""data science""]",62,9,2025-10-25 21:09:19,en,What ROI can be expected from {keyword} implementation?,0.83,0.6933214161778359,0.32
8600877,content marketing,marketing,What tools are essential for content marketing analytics?,strategy,Beginner,"[""Introduction to content marketing"", ""Key points and analysis"", ""Practical examples"", ""Expert insights"", ""Action items"", ""Conclusion""]","[""content"", ""marketing"", ""advertising"", ""branding"", ""strategy""]",4,Marketing Students & Interns,"[""digital marketing"", ""social media"", ""brand management""]",57,8,2025-10-25 21:09:19,en,What tools are essential for {keyword} analytics?,0.65,0.39480816921944534,0.79
8600878,data science,it,What are the best practices for data science development?,optimization,Beginner,"[""Introduction to data science"", ""Key concepts and definitions"", ""Main categories or types"", ""Examples and case studies"", ""Benefits and advantages"", ""Summary and recommendations""]","[""technology"", ""it"", ""programming"", ""science"", ""optimization"", ""data""]",6,Students & Entry-level Developers,"[""cybersecurity"", ""machine learning"", ""cloud computing"", ""web development""]",57,9,2025-10-25 21:09:19,en,What are the best practices for {keyword} development?,0.67,0.4702887698981245,0.83
8600879,digital marketing,marketing,How is AI changing digital marketing approaches?,strategy,Expert,"[""Introduction to digital marketing"", ""Key points and analysis"", ""Practical examples"", ""Expert insights"", ""Action items"", ""Conclusion""]","[""promotion"", ""marketing"", ""digital"", ""advertising"", ""strategy""]",4,Marketing Directors & CMOs,"[""content marketing"", ""brand management"", ""social media""]",48,7,2025-10-25 21:09:19,en,How is AI changing {keyword} approaches?,0.73,1.0,0.83
8600880,machine learning,it,How do you troubleshoot common issues with machine learning?,comparison,Beginner,"[""Overview of machine learning"", ""Step-by-step implementation"", ""Best practices and tips"", ""Common challenges and solutions"", ""Tools and resources needed"", ""Conclusion and next steps""]","[""development"", ""it"", ""comparison"", ""learning"", ""machine"", ""technology""]",6,Students & Entry-level Developers,"[""cybersecurity"", ""data science"", ""cloud computing"", ""web development""]",60,9,2025-10-25 21:09:19,en,How do you troubleshoot common issues with {keyword}?,0.77,0.4520188706306012,0.54
8600881,social media,marketing,How do you personalize social media for different segments?,troubleshooting,Expert,"[""Overview of social media"", ""Step-by-step implementation"", ""Best practices and tips"", ""Common challenges and solutions"", ""Tools and resources needed"", ""Conclusion and next steps""]","[""media"", ""promotion"", ""troubleshooting"", ""marketing"", ""digital"", ""social""]",6,Marketing Directors & CMOs,"[""brand management"", ""content marketing"", ""digital marketing""]",59,9,2025-10-25 21:09:19,en,How do you personalize {keyword} for different segments?,0.81,1.0,0.38
8600882,web development,it,How do you convince stakeholders to invest in web development?,strategy,Expert,"[""Overview of web development"", ""Step-by-step implementation"", ""Best practices and tips"", ""Common challenges and solutions"", ""Tools and resources needed"", ""Conclusion and next steps""]","[""software"", ""development"", ""web"", ""it"", ""strategy"", ""technology""]",6,Architects & Technical Directors,"[""cybersecurity"", ""data science"", ""machine learning"", ""cloud computing""]",62,10,2025-10-25 21:09:19,en,How do you convince stakeholders to invest in {keyword}?,0.68,1.0,0.58
8600883,digital marketing,marketing,What A/B tests should you run for digital marketing?,optimization,Expert,"[""Introduction to digital marketing"", ""Key points and analysis"", ""Practical examples"", ""Expert insights"", ""Action items"", ""Conclusion""]","[""branding"", ""marketing"", ""optimization"", ""digital""]",4,Marketing Directors & CMOs,"[""content marketing"", ""social media"", ""brand management""]",52,9,2025-10-25 21:09:19,en,What A/B tests should you run for {keyword}?,0.82,1.0,0.69
8600884,cloud computing,it,How can cloud computing improve system performance and scalability?,planning,Beginner,"[""Introduction to cloud computing"", ""Key points and analysis"", ""Practical examples"", ""Expert insights"", ""Action items"", ""Conclusion""]","[""computing"", ""planning"", ""it"", ""programming"", ""cloud"", ""technology""]",4,Students & Entry-level Developers,"[""data science"", ""machine learning"", ""cybersecurity"", ""web development""]",67,9,2025-10-25 21:09:19,en,How can {keyword} improve system performance and scalability?,0.87,0.4345855449125451,0.76
8600885,brand management,marketing,How do you track and analyze brand management performance?,optimization,Intermediate,"[""Overview of brand management"", ""Step-by-step implementation"", ""Best practices and tips"", ""Common challenges and solutions"", ""Tools and resources needed"", ""Conclusion and next steps""]","[""marketing"", ""management"", ""advertising"", ""digital"", ""optimization"", ""brand""]",6,Marketing Coordinators & Specialists,"[""content marketing"", ""social media"", ""digital marketing""]",58,9,2025-10-25 21:09:19,en,How do you track and analyze {keyword} performance?,0.65,0.7460692256998269,0.72
8600886,cybersecurity,it,What tools are essential for cybersecurity development?,comparison,Intermediate,"[""Introduction to cybersecurity"", ""Key points and analysis"", ""Practical examples"", ""Expert insights"", ""Action items"", ""Conclusion""]","[""development"", ""it"", ""comparison"", ""programming"", ""cybersecurity""]",4,Junior to Mid-level Developers,"[""machine learning"", ""web development"", ""data science"", ""cloud computing""]",55,7,2025-10-25 21:09:19,en,What tools are essential for {keyword} development?,0.61,0.6644868512976078,0.42
8600887,financial modeling,economics,What is the optimal allocation for financial modeling in a portfolio?,planning,Intermediate,"[""Introduction to financial modeling"", ""Key points and analysis"", ""Practical examples"", ""Expert insights"", ""Action items"", ""Conclusion""]","[""planning"", ""finance"", ""modeling"", ""financial"", ""market"", ""economics""]",4,Individual Investors & Analysts,"[""investment planning"", ""market analysis"", ""portfolio management""]",69,11,2025-10-25 21:09:19,en,What is the optimal allocation for {keyword} in a portfolio?,0.64,0.7980758988581721,0.31
8600888,digital marketing,marketing,What tools are essential for digital marketing analytics?,planning,Advanced,"[""Introduction to digital marketing"", ""Key points and analysis"", ""Practical examples"", ""Expert insights"", ""Action items"", ""Conclusion""]","[""branding"", ""marketing"", ""planning"", ""digital""]",4,Marketing Managers & Strategists,"[""brand management"", ""social media"", ""content marketing""]",57,8,2025-10-25 21:09:19,en,What tools are essential for {keyword} analytics?,0.88,0.9617021826834633,0.59
8600889,content marketing,marketing,What emerging platforms support content marketing?,analysis,Beginner,"[""Introduction to content marketing"", ""Key points and analysis"", ""Practical examples"", ""Expert insights"", ""Action items"", ""Conclusion""]","[""content"", ""analysis"", ""marketing"", ""advertising"", ""branding""]",4,Marketing Students & Interns,"[""digital marketing"", ""brand management"", ""social media""]",50,6,2025-10-25 21:09:19,en,What emerging platforms support {keyword}?,0.65,0.3912945426741704,0.51
8600890,data science,it,What is the recommended architecture for data science systems?,troubleshooting,Advanced,"[""Introduction to data science"", ""Key points and analysis"", ""Practical examples"", ""Expert insights"", ""Action items"", ""Conclusion""]","[""software"", ""development"", ""it"", ""troubleshooting"", ""science"", ""data""]",4,Senior Developers & Tech Leads,"[""cloud computing"", ""cybersecurity"", ""web development"", ""machine learning""]",62,9,2025-10-25 21:09:19,en,What is the recommended architecture for {keyword} systems?,0.86,0.8104724412317984,0.82
8600891,financial modeling,economics,How do you hedge against financial modeling market downturns?,strategy,Beginner,"[""Overview of financial modeling"", ""Step-by-step implementation"", ""Best practices and tips"", ""Common challenges and solutions"", ""Tools and resources needed"", ""Conclusion and next steps""]","[""finance"", ""modeling"", ""financial"", ""business"", ""strategy"", ""economics""]",6,Students & New Investors,"[""portfolio management"", ""investment planning"", ""market analysis""]",61,9,2025-10-25 21:09:19,en,How do you hedge against {keyword} market downturns?,0.81,0.3689847848130815,0.51
8600892,machine learning,it,How can machine learning improve system performance and scalability?,comparison,Expert,"[""Introduction to machine learning"", ""Key points and analysis"", ""Practical examples"", ""Expert insights"", ""Action items"", ""Conclusion""]","[""software"", ""it"", ""comparison"", ""learning"", ""machine"", ""technology""]",4,Architects & Technical Directors,"[""web development"", ""cloud computing"", ""data science"", ""cybersecurity""]",68,9,2025-10-25 21:09:19,en,How can {keyword} improve system performance and scalability?,0.77,1.0,0.38
8600893,financial modeling,economics,How do you diversify your portfolio using financial modeling?,comparison,Intermediate,"[""Overview of financial modeling"", ""Step-by-step implementation"", ""Best practices and tips"", ""Common challenges and solutions"", ""Tools and resources needed"", ""Conclusion and next steps""]","[""finance"", ""comparison"", ""modeling"", ""financial"", ""business"", ""economics""]",6,Individual Investors & Analysts,"[""investment planning"", ""market analysis"", ""portfolio management""]",61,9,2025-10-25 21:09:19,en,How do you diversify your portfolio using {keyword}?,0.65,0.7362249641988708,0.64
8600894,cloud computing,it,What career opportunities exist in cloud computing?,analysis,Beginner,"[""Introduction to cloud computing"", ""Key points and analysis"", ""Practical examples"", ""Expert insights"", ""Action items"", ""Conclusion""]","[""computing"", ""software"", ""analysis"", ""it"", ""development"", ""cloud""]",4,Students & Entry-level Developers,"[""web development"", ""cybersecurity"", ""machine learning"", ""data science""]",51,7,2025-10-25 21:09:19,en,What career opportunities exist in {keyword}?,0.94,0.3244283362822862,0.82
8600895,investment planning,economics,What metrics are most important for investment planning?,optimization,Expert,"[""Introduction to investment planning"", ""Key points and analysis"", ""Practical examples"", ""Expert insights"", ""Action items"", ""Conclusion""]","[""investment"", ""planning"", ""finance"", ""optimization"", ""economics""]",4,Portfolio Managers & Financial Experts,"[""financial modeling"", ""portfolio management"", ""market analysis""]",56,8,2025-10-25 21:09:19,en,What metrics are most important for {keyword}?,0.86,1.0,0.36
8600896,brand management,marketing,What budget should be allocated to brand management?,comparison,Intermediate,"[""Introduction to brand management"", ""Key points and analysis"", ""Practical examples"", ""Expert insights"", ""Action items"", ""Conclusion""]","[""comparison"", ""marketing"", ""management"", ""advertising"", ""digital"", ""brand""]",4,Marketing Coordinators & Specialists,"[""social media"", ""content marketing"", ""digital marketing""]",52,8,2025-10-25 21:09:19,en,What budget should be allocated to {keyword}?,0.77,0.6224146679559386,0.73
8600897,financial modeling,economics,How do you identify opportunities in financial modeling markets?,how_to,Intermediate,"[""Overview of financial modeling"", ""Step-by-step implementation"", ""Best practices and tips"", ""Common challenges and solutions"", ""Tools and resources needed"", ""Conclusion and next steps""]","[""investment"", ""how_to"", ""modeling"", ""financial"", ""market"", ""economics""]",6,Individual Investors & Analysts,"[""investment planning"", ""market analysis"", ""portfolio management""]",64,9,2025-10-25 21:09:19,en,How do you identify opportunities in {keyword} markets?,0.66,0.6493480760955797,0.56
8600898,brand management,marketing,What content types work best for brand management?,optimization,Expert,"[""Introduction to brand management"", ""Key points and analysis"", ""Practical examples"", ""Expert insights"", ""Action items"", ""Conclusion""]","[""promotion"", ""digital"", ""marketing"", ""management"", ""optimization"", ""brand""]",4,Marketing Directors & CMOs,"[""digital marketing"", ""social media"", ""content marketing""]",50,8,2025-10-25 21:09:19,en,What content types work best for {keyword}?,0.69,1.0,0.51
8600899,brand management,marketing,What budget should be allocated to brand management?,implementation,Intermediate,"[""Introduction to brand management"", ""Key points and analysis"", ""Practical examples"", ""Expert insights"", ""Action items"", ""Conclusion""]","[""implementation"", ""promotion"", ""marketing"", ""management"", ""advertising"", ""brand""]",4,Marketing Coordinators & Specialists,"[""social media"", ""content marketing"", ""digital marketing""]",52,8,2025-10-25 21:09:19,en,What budget should be allocated to {keyword}?,0.84,0.6814192312093835,0.4
8600900,web development,it,Which frameworks support web development implementation?,comparison,Intermediate,"[""Introduction to web development"", ""Key points and analysis"", ""Practical examples"", ""Expert insights"", ""Action items"", ""Conclusion""]","[""software"", ""development"", ""it"", ""comparison"", ""web""]",4,Junior to Mid-level Developers,"[""cloud computing"", ""data science"", ""machine learning"", ""cybersecurity""]",56,6,2025-10-25 21:09:19,en,Which frameworks support {keyword} implementation?,0.65,0.7060911963596245,0.4
8600901,content marketing,marketing,What are the latest trends in content marketing?,evaluation,Expert,"[""Introduction to content marketing"", ""Key concepts and definitions"", ""Main categories or types"", ""Examples and case studies"", ""Benefits and advantages"", ""Summary and recommendations""]","[""content"", ""marketing"", ""digital"", ""branding"", ""evaluation""]",6,Marketing Directors & CMOs,"[""social media"", ""brand management"", ""digital marketing""]",48,8,2025-10-25 21:09:19,en,What are the latest trends in {keyword}?,0.64,1.0,0.39
8600902,financial modeling,economics,How do economic conditions affect financial modeling performance?,analysis,Beginner,"[""Introduction to financial modeling"", ""Key points and analysis"", ""Practical examples"", ""Expert insights"", ""Action items"", ""Conclusion""]","[""analysis"", ""modeling"", ""financial"", ""market"", ""business"", ""economics""]",4,Students & New Investors,"[""investment planning"", ""portfolio management"", ""market analysis""]",65,8,2025-10-25 21:09:19,en,How do economic conditions affect {keyword} performance?,0.91,0.3098164148159954,0.8
8600903,web development,it,What are the cost considerations for web development?,how_to,Beginner,"[""Introduction to web development"", ""Key concepts and definitions"", ""Main categories or types"", ""Examples and case studies"", ""Benefits and advantages"", ""Summary and recommendations""]","[""how_to"", ""technology"", ""development"", ""it"", ""programming"", ""web""]",6,Students & Entry-level Developers,"[""data science"", ""machine learning"", ""cloud computing"", ""cybersecurity""]",53,8,2025-10-25 21:09:19,en,What are the cost considerations for {keyword}?,0.6,0.3063429170826666,0.82
8600904,digital marketing,marketing,How do you improve digital marketing conversion rates?,analysis,Beginner,"[""Overview of digital marketing"", ""Step-by-step implementation"", ""Best practices and tips"", ""Common challenges and solutions"", ""Tools and resources needed"", ""Conclusion and next steps""]","[""marketing"", ""promotion"", ""analysis"", ""digital""]",6,Marketing Students & Interns,"[""social media"", ""content marketing"", ""brand management""]",54,8,2025-10-25 21:09:19,en,How do you improve {keyword} conversion rates?,0.64,0.4093895377092322,0.44
8600905,digital marketing,marketing,What tools are essential for digital marketing analytics?,implementation,Intermediate,"[""Introduction to digital marketing"", ""Key points and analysis"", ""Practical examples"", ""Expert insights"", ""Action items"", ""Conclusion""]","[""implementation"", ""marketing"", ""digital"", ""advertising"", ""branding""]",4,Marketing Coordinators & Specialists,"[""content marketing"", ""brand management"", ""social media""]",57,8,2025-10-25 21:09:19,en,What tools are essential for {keyword} analytics?,0.89,0.6686891633063445,0.46
8600906,social media,marketing,How do you reach new customers through social media?,implementation,Beginner,"[""Overview of social media"", ""Step-by-step implementation"", ""Best practices and tips"", ""Common challenges and solutions"", ""Tools and resources needed"", ""Conclusion and next steps""]","[""media"", ""implementation"", ""promotion"", ""marketing"", ""digital"", ""social""]",6,Marketing Students & Interns,"[""digital marketing"", ""brand management"", ""content marketing""]",52,9,2025-10-25 21:09:19,en,How do you reach new customers through {keyword}?,0.64,0.3754089528311544,0.71
8600907,social media,marketing,How do you innovate within social media?,evaluation,Expert,"[""Overview of social media"", ""Step-by-step implementation"", ""Best practices and tips"", ""Common challenges and solutions"", ""Tools and resources needed"", ""Conclusion and next steps""]","[""media"", ""marketing"", ""digital"", ""social"", ""advertising"", ""evaluation""]",6,Marketing Directors & CMOs,"[""content marketing"", ""digital marketing"", ""brand management""]",40,7,2025-10-25 21:09:19,en,How do you innovate within {keyword}?,0.79,1.0,0.54
8600908,machine learning,it,What career opportunities exist in machine learning?,troubleshooting,Intermediate,"[""Introduction to machine learning"", ""Key points and analysis"", ""Practical examples"", ""Expert insights"", ""Action items"", ""Conclusion""]","[""software"", ""development"", ""it"", ""troubleshooting"", ""learning"", ""machine""]",4,Junior to Mid-level Developers,"[""web development"", ""data science"", ""cybersecurity"", ""cloud computing""]",52,7,2025-10-25 21:09:19,en,What career opportunities exist in {keyword}?,0.66,0.7713619591510159,0.32
8600909,content marketing,marketing,How do you innovate within content marketing?,evaluation,Beginner,"[""Overview of content marketing"", ""Step-by-step implementation"", ""Best practices and tips"", ""Common challenges and solutions"", ""Tools and resources needed"", ""Conclusion and next steps""]","[""content"", ""marketing"", ""digital"", ""advertising"", ""evaluation""]",6,Marketing Students & Interns,"[""social media"", ""digital marketing"", ""brand management""]",45,7,2025-10-25 21:09:19,en,How do you innovate within {keyword}?,0.72,0.408925876575382,0.8
8600910,social media,marketing,How do you improve social media conversion rates?,evaluation,Intermediate,"[""Overview of social media"", ""Step-by-step implementation"", ""Best practices and tips"", ""Common challenges and solutions"", ""Tools and resources needed"", ""Conclusion and next steps""]","[""media"", ""promotion"", ""marketing"", ""social"", ""advertising"", ""evaluation""]",6,Marketing Coordinators & Specialists,"[""brand management"", ""content marketing"", ""digital marketing""]",49,8,2025-10-25 21:09:19,en,How do you improve {keyword} conversion rates?,0.63,0.6617540964659576,0.83
8600911,cloud computing,it,How does cloud computing impact business operations?,implementation,Beginner,"[""Introduction to cloud computing"", ""Key points and analysis"", ""Practical examples"", ""Expert insights"", ""Action items"", ""Conclusion""]","[""computing"", ""development"", ""it"", ""implementation"", ""programming"", ""cloud""]",4,Students & Entry-level Developers,"[""machine learning"", ""web development"", ""data science"", ""cybersecurity""]",52,7,2025-10-25 21:09:19,en,How does {keyword} impact business operations?,0.89,0.378260330120076,0.69
8600912,machine learning,it,What are the key components of a machine learning implementation?,troubleshooting,Advanced,"[""Introduction to machine learning"", ""Key concepts and definitions"", ""Main categories or types"", ""Examples and case studies"", ""Benefits and advantages"", ""Summary and recommendations""]","[""software"", ""it"", ""troubleshooting"", ""learning"", ""machine"", ""technology""]",6,Senior Developers & Tech Leads,"[""web development"", ""data science"", ""cybersecurity"", ""cloud computing""]",65,10,2025-10-25 21:09:19,en,What are the key components of a {keyword} implementation?,0.81,0.888044401236103,0.64
8600913,social media,marketing,What messaging works best in social media campaigns?,implementation,Intermediate,"[""Introduction to social media"", ""Key points and analysis"", ""Practical examples"", ""Expert insights"", ""Action items"", ""Conclusion""]","[""media"", ""implementation"", ""promotion"", ""marketing"", ""social"", ""branding""]",4,Marketing Coordinators & Specialists,"[""digital marketing"", ""content marketing"", ""brand management""]",52,8,2025-10-25 21:09:19,en,What messaging works best in {keyword} campaigns?,0.65,0.7890981343249894,0.47
8600914,digital marketing,marketing,What timing strategies work for digital marketing?,best_practice,Expert,"[""Introduction to digital marketing"", ""Key points and analysis"", ""Practical examples"", ""Expert insights"", ""Action items"", ""Conclusion""]","[""marketing"", ""promotion"", ""best_practice"", ""digital""]",4,Marketing Directors & CMOs,"[""brand management"", ""content marketing"", ""social media""]",50,7,2025-10-25 21:09:19,en,What timing strategies work for {keyword}?,0.9,1.0,0.45
8600915,data science,it,What are the cost considerations for data science?,evaluation,Expert,"[""Introduction to data science"", ""Key concepts and definitions"", ""Main categories or types"", ""Examples and case studies"", ""Benefits and advantages"", ""Summary and recommendations""]","[""development"", ""it"", ""programming"", ""science"", ""evaluation"", ""data""]",6,Architects & Technical Directors,"[""cybersecurity"", ""web development"", ""cloud computing"", ""machine learning""]",50,8,2025-10-25 21:09:19,en,What are the cost considerations for {keyword}?,0.78,1.0,0.46
8600916,cybersecurity,it,How do you get started with cybersecurity as a beginner?,strategy,Advanced,"[""Overview of cybersecurity"", ""Step-by-step implementation"", ""Best practices and tips"", ""Common challenges and solutions"", ""Tools and resources needed"", ""Conclusion and next steps""]","[""it"", ""programming"", ""strategy"", ""cybersecurity"", ""technology""]",5,Senior Developers & Tech Leads,"[""cloud computing"", ""data science"", ""web development"", ""machine learning""]",56,10,2025-10-25 21:09:19,en,How do you get started with {keyword} as a beginner?,0.78,0.8889797874720344,0.72
8600917,data science,it,How does data science impact business operations?,comparison,Intermediate,"[""Introduction to data science"", ""Key points and analysis"", ""Practical examples"", ""Expert insights"", ""Action items"", ""Conclusion""]","[""software"", ""development"", ""it"", ""comparison"", ""science"", ""data""]",4,Junior to Mid-level Developers,"[""web development"", ""machine learning"", ""cloud computing"", ""cybersecurity""]",49,7,2025-10-25 21:09:19,en,How does {keyword} impact business operations?,0.92,0.7667815397019254,0.51
8600918,machine learning,it,How do you stay updated with machine learning developments?,evaluation,Advanced,"[""Overview of machine learning"", ""Step-by-step implementation"", ""Best practices and tips"", ""Common challenges and solutions"", ""Tools and resources needed"", ""Conclusion and next steps""]","[""software"", ""development"", ""it"", ""learning"", ""evaluation"", ""machine""]",6,Senior Developers & Tech Leads,"[""cybersecurity"", ""web development"", ""data science"", ""cloud computing""]",59,9,2025-10-25 21:09:19,en,How do you stay updated with {keyword} developments?,0.62,0.8923860372489792,0.3
8600919,brand management,marketing,How is AI changing brand management approaches?,comparison,Beginner,"[""Introduction to brand management"", ""Key points and analysis"", ""Practical examples"", ""Expert insights"", ""Action items"", ""Conclusion""]","[""comparison"", ""marketing"", ""management"", ""advertising"", ""branding"", ""brand""]",4,Marketing Students & Interns,"[""social media"", ""content marketing"", ""digital marketing""]",47,7,2025-10-25 21:09:19,en,How is AI changing {keyword} approaches?,0.87,0.4660630700620939,0.48
8600920,data science,it,What security considerations should be taken when using data science?,implementation,Expert,"[""Introduction to data science"", ""Key points and analysis"", ""Practical examples"", ""Expert insights"", ""Action items"", ""Conclusion""]","[""technology"", ""development"", ""it"", ""implementation"", ""science"", ""data""]",4,Architects & Technical Directors,"[""web development"", ""machine learning"", ""cloud computing"", ""cybersecurity""]",69,10,2025-10-25 21:09:19,en,What security considerations should be taken when using {keyword}?,0.65,1.0,0.86
8600921,cloud computing,it,How do you choose the right technology stack for cloud computing?,comparison,Advanced,"[""Overview of cloud computing"", ""Step-by-step implementation"", ""Best practices and tips"", ""Common challenges and solutions"", ""Tools and resources needed"", ""Conclusion and next steps""]","[""computing"", ""software"", ""it"", ""comparison"", ""programming"", ""cloud""]",6,Senior Developers & Tech Leads,"[""web development"", ""machine learning"", ""cybersecurity"", ""data science""]",65,11,2025-10-25 21:09:19,en,How do you choose the right technology stack for {keyword}?,0.74,0.8741527231865504,0.65
8600922,digital marketing,marketing,How do you innovate within digital marketing?,troubleshooting,Expert,"[""Overview of digital marketing"", ""Step-by-step implementation"", ""Best practices and tips"", ""Common challenges and solutions"", ""Tools and resources needed"", ""Conclusion and next steps""]","[""troubleshooting"", ""marketing"", ""digital"", ""advertising"", ""branding""]",6,Marketing Directors & CMOs,"[""social media"", ""content marketing"", ""brand management""]",45,7,2025-10-25 21:09:19,en,How do you innovate within {keyword}?,0.9,1.0,0.8
8600923,cloud computing,it,What are the key components of a cloud computing implementation?,analysis,Expert,"[""Introduction to cloud computing"", ""Key concepts and definitions"", ""Main categories or types"", ""Examples and case studies"", ""Benefits and advantages"", ""Summary and recommendations""]","[""computing"", ""analysis"", ""it"", ""programming"", ""cloud"", ""technology""]",6,Architects & Technical Directors,"[""cybersecurity"", ""web development"", ""machine learning"", ""data science""]",64,10,2025-10-25 21:09:19,en,What are the key components of a {keyword} implementation?,0.83,1.0,0.52
8600924,financial modeling,economics,How do you analyze market trends in financial modeling?,comparison,Intermediate,"[""Overview of financial modeling"", ""Step-by-step implementation"", ""Best practices and tips"", ""Common challenges and solutions"", ""Tools and resources needed"", ""Conclusion and next steps""]","[""investment"", ""finance"", ""comparison"", ""modeling"", ""financial"", ""economics""]",6,Individual Investors & Analysts,"[""market analysis"", ""portfolio management"", ""investment planning""]",55,9,2025-10-25 21:09:19,en,How do you analyze market trends in {keyword}?,0.85,0.7911049648026665,0.46
8600925,cybersecurity,it,What are the key components of a cybersecurity implementation?,strategy,Expert,"[""Introduction to cybersecurity"", ""Key concepts and definitions"", ""Main categories or types"", ""Examples and case studies"", ""Benefits and advantages"", ""Summary and recommendations""]","[""development"", ""it"", ""strategy"", ""cybersecurity"", ""technology""]",5,Architects & Technical Directors,"[""web development"", ""cloud computing"", ""machine learning"", ""data science""]",62,9,2025-10-25 21:09:19,en,What are the key components of a {keyword} implementation?,0.62,1.0,0.67
8600926,market analysis,economics,What tools help analyze market analysis data?,evaluation,Beginner,"[""Introduction to market analysis"", ""Key points and analysis"", ""Practical examples"", ""Expert insights"", ""Action items"", ""Conclusion""]","[""analysis"", ""finance"", ""evaluation"", ""market"", ""business"", ""economics""]",4,Students & New Investors,"[""portfolio management"", ""financial modeling"", ""investment planning""]",45,7,2025-10-25 21:09:19,en,What tools help analyze {keyword} data?,0.92,0.44998956060234474,0.77
8600927,portfolio management,economics,How do you identify opportunities in portfolio management markets?,optimization,Intermediate,"[""Overview of portfolio management"", ""Step-by-step implementation"", ""Best practices and tips"", ""Common challenges and solutions"", ""Tools and resources needed"", ""Conclusion and next steps""]","[""investment"", ""portfolio"", ""management"", ""market"", ""optimization"", ""economics""]",6,Individual Investors & Analysts,"[""investment planning"", ""market analysis"", ""financial modeling""]",66,9,2025-10-25 21:09:19,en,How do you identify opportunities in {keyword} markets?,0.84,0.6180215435383754,0.32
8600928,brand management,marketing,How do you identify the right audience for brand management?,comparison,Expert,"[""Overview of brand management"", ""Step-by-step implementation"", ""Best practices and tips"", ""Common challenges and solutions"", ""Tools and resources needed"", ""Conclusion and next steps""]","[""promotion"", ""comparison"", ""marketing"", ""management"", ""branding"", ""brand""]",6,Marketing Directors & CMOs,"[""social media"", ""digital marketing"", ""content marketing""]",60,10,2025-10-25 21:09:19,en,How do you identify the right audience for {keyword}?,0.63,1.0,0.37
8600929,content marketing,marketing,What KPIs are most important for content marketing?,analysis,Advanced,"[""Introduction to content marketing"", ""Key points and analysis"", ""Practical examples"", ""Expert insights"", ""Action items"", ""Conclusion""]","[""content"", ""analysis"", ""promotion"", ""marketing"", ""digital""]",4,Marketing Managers & Strategists,"[""brand management"", ""digital marketing"", ""social media""]",51,8,2025-10-25 21:09:19,en,What KPIs are most important for {keyword}?,0.69,0.8745696717395204,0.44
8600930,machine learning,it,How do you choose the right technology stack for machine learning?,analysis,Expert,"[""Overview of machine learning"", ""Step-by-step implementation"", ""Best practices and tips"", ""Common challenges and solutions"", ""Tools and resources needed"", ""Conclusion and next steps""]","[""analysis"", ""it"", ""development"", ""programming"", ""learning"", ""machine""]",6,Architects & Technical Directors,"[""web development"", ""cybersecurity"", ""data science"", ""cloud computing""]",66,11,2025-10-25 21:09:19,en,How do you choose the right technology stack for {keyword}?,0.89,1.0,0.76
8600931,portfolio management,economics,What factors should be considered when evaluating portfolio management?,planning,Intermediate,"[""Introduction to portfolio management"", ""Key points and analysis"", ""Practical examples"", ""Expert insights"", ""Action items"", ""Conclusion""]","[""investment"", ""planning"", ""portfolio"", ""management"", ""business"", ""economics""]",4,Individual Investors & Analysts,"[""investment planning"", ""financial modeling"", ""market analysis""]",71,9,2025-10-25 21:09:19,en,What factors should be considered when evaluating {keyword}?,0.69,0.7392145663161547,0.46
8600932,web development,it,How do you troubleshoot common issues with web development?,optimization,Advanced,"[""Overview of web development"", ""Step-by-step implementation"", ""Best practices and tips"", ""Common challenges and solutions"", ""Tools and resources needed"", ""Conclusion and next steps""]","[""development"", ""it"", ""programming"", ""optimization"", ""web""]",6,Senior Developers & Tech Leads,"[""cybersecurity"", ""cloud computing"", ""machine learning"", ""data science""]",59,9,2025-10-25 21:09:19,en,How do you troubleshoot common issues with {keyword}?,0.75,0.8945718646378812,0.43
8600933,data science,it,What are the best practices for data science development?,comparison,Intermediate,"[""Introduction to data science"", ""Key concepts and definitions"", ""Main categories or types"", ""Examples and case studies"", ""Benefits and advantages"", ""Summary and recommendations""]","[""development"", ""it"", ""comparison"", ""programming"", ""science"", ""data""]",6,Junior to Mid-level Developers,"[""web development"", ""machine learning"", ""cybersecurity"", ""cloud computing""]",57,9,2025-10-25 21:09:19,en,What are the best practices for {keyword} development?,0.94,0.7154115964344611,0.39
8600934,brand management,marketing,What budget should be allocated to brand management?,comparison,Intermediate,"[""Introduction to brand management"", ""Key points and analysis"", ""Practical examples"", ""Expert insights"", ""Action items"", ""Conclusion""]","[""comparison"", ""marketing"", ""management"", ""digital"", ""branding"", ""brand""]",4,Marketing Coordinators & Specialists,"[""digital marketing"", ""social media"", ""content marketing""]",52,8,2025-10-25 21:09:19,en,What budget should be allocated to {keyword}?,0.87,0.6891404624338259,0.77
8600935,machine learning,it,What ROI can be expected from machine learning implementation?,planning,Expert,"[""Introduction to machine learning"", ""Key points and analysis"", ""Practical examples"", ""Expert insights"", ""Action items"", ""Conclusion""]","[""planning"", ""development"", ""it"", ""programming"", ""learning"", ""machine""]",4,Architects & Technical Directors,"[""cloud computing"", ""cybersecurity"", ""data science"", ""web development""]",62,9,2025-10-25 21:09:19,en,What ROI can be expected from {keyword} implementation?,0.9,1.0,0.67
8600936,cybersecurity,it,What are the best practices for cybersecurity development?,optimization,Beginner,"[""Introduction to cybersecurity"", ""Key concepts and definitions"", ""Main categories or types"", ""Examples and case studies"", ""Benefits and advantages"", ""Summary and recommendations""]","[""development"", ""it"", ""programming"", ""optimization"", ""cybersecurity""]",5,Students & Entry-level Developers,"[""data science"", ""cloud computing"", ""web development"", ""machine learning""]",58,8,2025-10-25 21:09:19,en,What are the best practices for {keyword} development?,0.79,0.48273794166470896,0.54
8600937,brand management,marketing,What budget should be allocated to brand management?,analysis,Expert,"[""Introduction to brand management"", ""Key points and analysis"", ""Practical examples"", ""Expert insights"", ""Action items"", ""Conclusion""]","[""analysis"", ""promotion"", ""marketing"", ""management"", ""digital"", ""brand""]",4,Marketing Directors & CMOs,"[""social media"", ""content marketing"", ""digital marketing""]",52,8,2025-10-25 21:09:19,en,What budget should be allocated to {keyword}?,0.83,1.0,0.89
8600938,cloud computing,it,How do you get started with cloud computing as a beginner?,implementation,Advanced,"[""Overview of cloud computing"", ""Step-by-step implementation"", ""Best practices and tips"", ""Common challenges and solutions"", ""Tools and resources needed"", ""Conclusion and next steps""]","[""computing"", ""development"", ""it"", ""implementation"", ""cloud"", ""technology""]",6,Senior Developers & Tech Leads,"[""data science"", ""web development"", ""cybersecurity"", ""machine learning""]",58,11,2025-10-25 21:09:19,en,How do you get started with {keyword} as a beginner?,0.74,0.8597255885345514,0.71
8600939,financial modeling,economics,What is the optimal allocation for financial modeling in a portfolio?,how_to,Advanced,"[""Introduction to financial modeling"", ""Key points and analysis"", ""Practical examples"", ""Expert insights"", ""Action items"", ""Conclusion""]","[""investment"", ""how_to"", ""modeling"", ""financial"", ""market"", ""economics""]",4,Professional Investors & Advisors,"[""market analysis"", ""investment planning"", ""portfolio management""]",69,11,2025-10-25 21:09:19,en,What is the optimal allocation for {keyword} in a portfolio?,0.94,0.8201663503843772,0.34
8600940,investment planning,economics,What exit strategies should be considered for investment planning?,comparison,Advanced,"[""Introduction to investment planning"", ""Key points and analysis"", ""Practical examples"", ""Expert insights"", ""Action items"", ""Conclusion""]","[""investment"", ""planning"", ""comparison"", ""market"", ""economics""]",4,Professional Investors & Advisors,"[""financial modeling"", ""portfolio management"", ""market analysis""]",66,9,2025-10-25 21:09:19,en,What exit strategies should be considered for {keyword}?,0.9,0.96359319210531,0.54
8600941,market analysis,economics,How do you identify opportunities in market analysis markets?,planning,Advanced,"[""Overview of market analysis"", ""Step-by-step implementation"", ""Best practices and tips"", ""Common challenges and solutions"", ""Tools and resources needed"", ""Conclusion and next steps""]","[""investment"", ""planning"", ""analysis"", ""market"", ""economics""]",6,Professional Investors & Advisors,"[""investment planning"", ""portfolio management"", ""financial modeling""]",61,9,2025-10-25 21:09:19,en,How do you identify opportunities in {keyword} markets?,0.74,0.996364588499982,0.85
8600942,portfolio management,economics,What are the regulatory considerations for portfolio management?,strategy,Advanced,"[""Introduction to portfolio management"", ""Key concepts and definitions"", ""Main categories or types"", ""Examples and case studies"", ""Benefits and advantages"", ""Summary and recommendations""]","[""investment"", ""portfolio"", ""management"", ""market"", ""strategy"", ""economics""]",6,Professional Investors & Advisors,"[""market analysis"", ""financial modeling"", ""investment planning""]",64,8,2025-10-25 21:09:19,en,What are the regulatory considerations for {keyword}?,0.65,0.9533991969616914,0.39
8600943,cloud computing,it,What design patterns work best with cloud computing?,planning,Expert,"[""Introduction to cloud computing"", ""Key points and analysis"", ""Practical examples"", ""Expert insights"", ""Action items"", ""Conclusion""]","[""computing"", ""software"", ""planning"", ""it"", ""development"", ""cloud""]",4,Architects & Technical Directors,"[""web development"", ""cybersecurity"", ""machine learning"", ""data science""]",52,8,2025-10-25 21:09:19,en,What design patterns work best with {keyword}?,0.92,1.0,0.77
8600944,investment planning,economics,What metrics are most important for investment planning?,best_practice,Intermediate,"[""Introduction to investment planning"", ""Key points and analysis"", ""Practical examples"", ""Expert insights"", ""Action items"", ""Conclusion""]","[""investment"", ""planning"", ""best_practice"", ""market"", ""business"", ""economics""]",4,Individual Investors & Analysts,"[""financial modeling"", ""market analysis"", ""portfolio management""]",56,8,2025-10-25 21:09:19,en,What metrics are most important for {keyword}?,0.82,0.7037044369933937,0.69
8600945,cybersecurity,it,What certifications are valuable for cybersecurity professionals?,best_practice,Beginner,"[""Introduction to cybersecurity"", ""Key points and analysis"", ""Practical examples"", ""Expert insights"", ""Action items"", ""Conclusion""]","[""development"", ""it"", ""programming"", ""best_practice"", ""cybersecurity""]",4,Students & Entry-level Developers,"[""machine learning"", ""web development"", ""data science"", ""cloud computing""]",65,7,2025-10-25 21:09:19,en,What certifications are valuable for {keyword} professionals?,0.8,0.4448805741438008,0.46
8600946,portfolio management,economics,How do you adjust your portfolio management strategy during volatility?,best_practice,Beginner,"[""Overview of portfolio management"", ""Step-by-step implementation"", ""Best practices and tips"", ""Common challenges and solutions"", ""Tools and resources needed"", ""Conclusion and next steps""]","[""portfolio"", ""best_practice"", ""management"", ""market"", ""business"", ""economics""]",6,Students & New Investors,"[""investment planning"", ""financial modeling"", ""market analysis""]",71,10,2025-10-25 21:09:19,en,How do you adjust your {keyword} strategy during volatility?,0.9,0.4376899241325761,0.36
8600947,machine learning,it,How do you optimize machine learning for different platforms?,troubleshooting,Expert,"[""Overview of machine learning"", ""Step-by-step implementation"", ""Best practices and tips"", ""Common challenges and solutions"", ""Tools and resources needed"", ""Conclusion and next steps""]","[""it"", ""programming"", ""troubleshooting"", ""learning"", ""machine"", ""technology""]",6,Architects & Technical Directors,"[""cloud computing"", ""web development"", ""data science"", ""cybersecurity""]",61,9,2025-10-25 21:09:19,en,How do you optimize {keyword} for different platforms?,0.69,1.0,0.88
8600948,investment planning,economics,How do you create a long-term plan for investment planning?,implementation,Intermediate,"[""Overview of investment planning"", ""Step-by-step implementation"", ""Best practices and tips"", ""Common challenges and solutions"", ""Tools and resources needed"", ""Conclusion and next steps""]","[""investment"", ""planning"", ""implementation"", ""market"", ""business"", ""economics""]",6,Individual Investors & Analysts,"[""market analysis"", ""portfolio management"", ""financial modeling""]",59,10,2025-10-25 21:09:19,en,How do you create a long-term plan for {keyword}?,0.76,0.6970540240086167,0.53
8600949,content marketing,marketing,How do you reach new customers through content marketing?,planning,Intermediate,"[""Overview of content marketing"", ""Step-by-step implementation"", ""Best practices and tips"", ""Common challenges and solutions"", ""Tools and resources needed"", ""Conclusion and next steps""]","[""planning"", ""content"", ""marketing"", ""advertising"", ""branding""]",6,Marketing Coordinators & Specialists,"[""digital marketing"", ""social media"", ""brand management""]",57,9,2025-10-25 21:09:19,en,How do you reach new customers through {keyword}?,0.74,0.6649917537833249,0.86
8600950,digital marketing,marketing,How do you develop an effective digital marketing strategy?,best_practice,Beginner,"[""Overview of digital marketing"", ""Step-by-step implementation"", ""Best practices and tips"", ""Common challenges and solutions"", ""Tools and resources needed"", ""Conclusion and next steps""]","[""best_practice"", ""marketing"", ""digital"", ""advertising"", ""branding""]",6,Marketing Students & Interns,"[""brand management"", ""content marketing"", ""social media""]",59,9,2025-10-25 21:09:19,en,How do you develop an effective {keyword} strategy?,0.75,0.41584334806806234,0.81
8600951,content marketing,marketing,What does the future hold for content marketing?,comparison,Advanced,"[""Introduction to content marketing"", ""Key points and analysis"", ""Practical examples"", ""Expert insights"", ""Action items"", ""Conclusion""]","[""content"", ""comparison"", ""marketing"", ""digital"", ""advertising""]",4,Marketing Managers & Strategists,"[""brand management"", ""digital marketing"", ""social media""]",48,8,2025-10-25 21:09:19,en,What does the future hold for {keyword}?,0.76,0.854139267945371,0.46
8600952,content marketing,marketing,What content types work best for content marketing?,comparison,Beginner,"[""Introduction to content marketing"", ""Key points and analysis"", ""Practical examples"", ""Expert insights"", ""Action items"", ""Conclusion""]","[""content"", ""promotion"", ""comparison"", ""marketing"", ""branding""]",4,Marketing Students & Interns,"[""social media"", ""digital marketing"", ""brand management""]",51,8,2025-10-25 21:09:19,en,What content types work best for {keyword}?,0.62,0.35665288848520293,0.64
8600953,brand management,marketing,What tools are essential for brand management analytics?,how_to,Intermediate,"[""Introduction to brand management"", ""Key points and analysis"", ""Practical examples"", ""Expert insights"", ""Action items"", ""Conclusion""]","[""how_to"", ""digital"", ""marketing"", ""management"", ""advertising"", ""brand""]",4,Marketing Coordinators & Specialists,"[""digital marketing"", ""content marketing"", ""social media""]",56,8,2025-10-25 21:09:19,en,What tools are essential for {keyword} analytics?,0.81,0.7229126938572689,0.64
8600954,brand management,marketing,What budget should be allocated to brand management?,best_practice,Intermediate,"[""Introduction to brand management"", ""Key points and analysis"", ""Practical examples"", ""Expert insights"", ""Action items"", ""Conclusion""]","[""promotion"", ""best_practice"", ""marketing"", ""management"", ""branding"", ""brand""]",4,Marketing Coordinators & Specialists,"[""content marketing"", ""digital marketing"", ""social media""]",52,8,2025-10-25 21:09:19,en,What budget should be allocated to {keyword}?,0.64,0.6440332236932123,0.63
8600955,data science,it,How do you stay updated with data science developments?,analysis,Advanced,"[""Overview of data science"", ""Step-by-step implementation"", ""Best practices and tips"", ""Common challenges and solutions"", ""Tools and resources needed"", ""Conclusion and next steps""]","[""software"", ""analysis"", ""it"", ""development"", ""science"", ""data""]",6,Senior Developers & Tech Leads,"[""machine learning"", ""cybersecurity"", ""web development"", ""cloud computing""]",55,9,2025-10-25 21:09:19,en,How do you stay updated with {keyword} developments?,0.8,0.9328996795159226,0.74
8600956,digital marketing,marketing,How is AI changing digital marketing approaches?,optimization,Advanced,"[""Introduction to digital marketing"", ""Key points and analysis"", ""Practical examples"", ""Expert insights"", ""Action items"", ""Conclusion""]","[""marketing"", ""digital"", ""advertising"", ""branding"", ""optimization""]",4,Marketing Managers & Strategists,"[""brand management"", ""social media"", ""content marketing""]",48,7,2025-10-25 21:09:19,en,How is AI changing {keyword} approaches?,0.7,0.8973403503425192,0.73
8600957,brand management,marketing,What demographics respond best to brand management?,implementation,Advanced,"[""Introduction to brand management"", ""Key points and analysis"", ""Practical examples"", ""Expert insights"", ""Action items"", ""Conclusion""]","[""implementation"", ""promotion"", ""marketing"", ""management"", ""branding"", ""brand""]",4,Marketing Managers & Strategists,"[""content marketing"", ""digital marketing"", ""social media""]",51,7,2025-10-25 21:09:19,en,What demographics respond best to {keyword}?,0.66,0.8619178051087206,0.87
8600958,social media,marketing,What content types work best for social media?,optimization,Beginner,"[""Introduction to social media"", ""Key points and analysis"", ""Practical examples"", ""Expert insights"", ""Action items"", ""Conclusion""]","[""media"", ""marketing"", ""digital"", ""social"", ""advertising"", ""optimization""]",4,Marketing Students & Interns,"[""brand management"", ""content marketing"", ""digital marketing""]",46,8,2025-10-25 21:09:19,en,What content types work best for {keyword}?,0.95,0.39896561406047126,0.5
8600959,digital marketing,marketing,How do you develop an effective digital marketing strategy?,comparison,Expert,"[""Overview of digital marketing"", ""Step-by-step implementation"", ""Best practices and tips"", ""Common challenges and solutions"", ""Tools and resources needed"", ""Conclusion and next steps""]","[""marketing"", ""promotion"", ""comparison"", ""digital""]",6,Marketing Directors & CMOs,"[""social media"", ""content marketing"", ""brand management""]",59,9,2025-10-25 21:09:19,en,How do you develop an effective {keyword} strategy?,0.65,1.0,0.88
8600960,financial modeling,economics,How do you protect your financial modeling investments?,troubleshooting,Intermediate,"[""Overview of financial modeling"", ""Step-by-step implementation"", ""Best practices and tips"", ""Common challenges and solutions"", ""Tools and resources needed"", ""Conclusion and next steps""]","[""finance"", ""troubleshooting"", ""modeling"", ""financial"", ""market"", ""economics""]",6,Individual Investors & Analysts,"[""investment planning"", ""market analysis"", ""portfolio management""]",55,8,2025-10-25 21:09:19,en,How do you protect your {keyword} investments?,0.92,0.6383686166323407,0.77
8600961,financial modeling,economics,How do you create a long-term plan for financial modeling?,strategy,Advanced,"[""Overview of financial modeling"", ""Step-by-step implementation"", ""Best practices and tips"", ""Common challenges and solutions"", ""Tools and resources needed"", ""Conclusion and next steps""]","[""investment"", ""modeling"", ""financial"", ""market"", ""strategy"", ""economics""]",6,Professional Investors & Advisors,"[""investment planning"", ""portfolio management"", ""market analysis""]",58,10,2025-10-25 21:09:19,en,How do you create a long-term plan for {keyword}?,0.72,0.8922271669380518,0.84
8600962,portfolio management,economics,How do you hedge against portfolio management market downturns?,implementation,Expert,"[""Overview of portfolio management"", ""Step-by-step implementation"", ""Best practices and tips"", ""Common challenges and solutions"", ""Tools and resources needed"", ""Conclusion and next steps""]","[""implementation"", ""portfolio"", ""management"", ""market"", ""business"", ""economics""]",6,Portfolio Managers & Financial Experts,"[""market analysis"", ""financial modeling"", ""investment planning""]",63,9,2025-10-25 21:09:19,en,How do you hedge against {keyword} market downturns?,0.67,1.0,0.44
8600963,digital marketing,marketing,What tools are essential for digital marketing analytics?,strategy,Advanced,"[""Introduction to digital marketing"", ""Key points and analysis"", ""Practical examples"", ""Expert insights"", ""Action items"", ""Conclusion""]","[""marketing"", ""digital"", ""advertising"", ""branding"", ""strategy""]",4,Marketing Managers & Strategists,"[""brand management"", ""social media"", ""content marketing""]",57,8,2025-10-25 21:09:19,en,What tools are essential for {keyword} analytics?,0.66,0.9402510913155662,0.3
8600964,cloud computing,it,How do you choose the right technology stack for cloud computing?,comparison,Expert,"[""Overview of cloud computing"", ""Step-by-step implementation"", ""Best practices and tips"", ""Common challenges and solutions"", ""Tools and resources needed"", ""Conclusion and next steps""]","[""computing"", ""software"", ""it"", ""comparison"", ""cloud"", ""technology""]",6,Architects & Technical Directors,"[""machine learning"", ""web development"", ""cybersecurity"", ""data science""]",65,11,2025-10-25 21:09:19,en,How do you choose the right technology stack for {keyword}?,0.68,1.0,0.76
8600965,market analysis,economics,How do you report on market analysis performance to stakeholders?,evaluation,Beginner,"[""Overview of market analysis"", ""Step-by-step implementation"", ""Best practices and tips"", ""Common challenges and solutions"", ""Tools and resources needed"", ""Conclusion and next steps""]","[""finance"", ""analysis"", ""evaluation"", ""market"", ""economics""]",6,Students & New Investors,"[""financial modeling"", ""portfolio management"", ""investment planning""]",65,10,2025-10-25 21:09:19,en,How do you report on {keyword} performance to stakeholders?,0.66,0.36153029802308745,0.68
8600966,cybersecurity,it,What career opportunities exist in cybersecurity?,best_practice,Advanced,"[""Introduction to cybersecurity"", ""Key points and analysis"", ""Practical examples"", ""Expert insights"", ""Action items"", ""Conclusion""]","[""development"", ""it"", ""best_practice"", ""cybersecurity"", ""technology""]",4,Senior Developers & Tech Leads,"[""web development"", ""data science"", ""cloud computing"", ""machine learning""]",49,6,2025-10-25 21:09:19,en,What career opportunities exist in {keyword}?,0.61,0.9476709653734324,0.34
8600967,machine learning,it,How do you troubleshoot common issues with machine learning?,optimization,Expert,"[""Overview of machine learning"", ""Step-by-step implementation"", ""Best practices and tips"", ""Common challenges and solutions"", ""Tools and resources needed"", ""Conclusion and next steps""]","[""it"", ""programming"", ""learning"", ""optimization"", ""machine"", ""technology""]",6,Architects & Technical Directors,"[""web development"", ""cloud computing"", ""data science"", ""cybersecurity""]",60,9,2025-10-25 21:09:19,en,How do you troubleshoot common issues with {keyword}?,0.76,1.0,0.44
8600968,machine learning,it,Which frameworks support machine learning implementation?,optimization,Expert,"[""Introduction to machine learning"", ""Key points and analysis"", ""Practical examples"", ""Expert insights"", ""Action items"", ""Conclusion""]","[""software"", ""it"", ""programming"", ""learning"", ""optimization"", ""machine""]",4,Architects & Technical Directors,"[""web development"", ""data science"", ""cybersecurity"", ""cloud computing""]",57,6,2025-10-25 21:09:19,en,Which frameworks support {keyword} implementation?,0.81,1.0,0.7
8600969,data science,it,What are the latest trends in data science technology?,analysis,Advanced,"[""Introduction to data science"", ""Key concepts and definitions"", ""Main categories or types"", ""Examples and case studies"", ""Benefits and advantages"", ""Summary and recommendations""]","[""technology"", ""analysis"", ""it"", ""programming"", ""science"", ""data""]",6,Senior Developers & Tech Leads,"[""machine learning"", ""cloud computing"", ""cybersecurity"", ""web development""]",54,9,2025-10-25 21:09:19,en,What are the latest trends in {keyword} technology?,0.61,0.8964538279837506,0.77
8600970,social media,marketing,How do you optimize social media for mobile users?,strategy,Expert,"[""Overview of social media"", ""Step-by-step implementation"", ""Best practices and tips"", ""Common challenges and solutions"", ""Tools and resources needed"", ""Conclusion and next steps""]","[""media"", ""digital"", ""marketing"", ""social"", ""advertising"", ""strategy""]",6,Marketing Directors & CMOs,"[""digital marketing"", ""content marketing"", ""brand management""]",50,9,2025-10-25 21:09:19,en,How do you optimize {keyword} for mobile users?,0.86,1.0,0.68
8600971,investment planning,economics,How do you protect your investment planning investments?,evaluation,Advanced,"[""Overview of investment planning"", ""Step-by-step implementation"", ""Best practices and tips"", ""Common challenges and solutions"", ""Tools and resources needed"", ""Conclusion and next steps""]","[""investment"", ""planning"", ""finance"", ""evaluation"", ""economics""]",6,Professional Investors & Advisors,"[""market analysis"", ""portfolio management"", ""financial modeling""]",56,8,2025-10-25 21:09:19,en,How do you protect your {keyword} investments?,0.65,0.8238804735646393,0.71
8600972,cloud computing,it,How do you stay updated with cloud computing developments?,evaluation,Beginner,"[""Overview of cloud computing"", ""Step-by-step implementation"", ""Best practices and tips"", ""Common challenges and solutions"", ""Tools and resources needed"", ""Conclusion and next steps""]","[""computing"", ""software"", ""development"", ""it"", ""evaluation"", ""cloud""]",6,Students & Entry-level Developers,"[""data science"", ""cybersecurity"", ""machine learning"", ""web development""]",58,9,2025-10-25 21:09:19,en,How do you stay updated with {keyword} developments?,0.81,0.4989056803390266,0.82
8600973,machine learning,it,What skills are needed to master machine learning?,implementation,Beginner,"[""Introduction to machine learning"", ""Key points and analysis"", ""Practical examples"", ""Expert insights"", ""Action items"", ""Conclusion""]","[""software"", ""development"", ""it"", ""implementation"", ""learning"", ""machine""]",4,Students & Entry-level Developers,"[""cloud computing"", ""data science"", ""web development"", ""cybersecurity""]",50,8,2025-10-25 21:09:19,en,What skills are needed to master {keyword}?,0.74,0.47452182369285534,0.77
8600974,investment planning,economics,What are the regulatory considerations for investment planning?,best_practice,Advanced,"[""Introduction to investment planning"", ""Key concepts and definitions"", ""Main categories or types"", ""Examples and case studies"", ""Benefits and advantages"", ""Summary and recommendations""]","[""investment"", ""planning"", ""finance"", ""best_practice"", ""business"", ""economics""]",6,Professional Investors & Advisors,"[""portfolio management"", ""market analysis"", ""financial modeling""]",63,8,2025-10-25 21:09:19,en,What are the regulatory considerations for {keyword}?,0.61,0.9780312203936011,0.49
8600975,investment planning,economics,What indicators predict investment planning market movements?,best_practice,Intermediate,"[""Introduction to investment planning"", ""Key points and analysis"", ""Practical examples"", ""Expert insights"", ""Action items"", ""Conclusion""]","[""investment"", ""planning"", ""best_practice"", ""market"", ""business"", ""economics""]",4,Individual Investors & Analysts,"[""financial modeling"", ""portfolio management"", ""market analysis""]",61,7,2025-10-25 21:09:19,en,What indicators predict {keyword} market movements?,0.69,0.7936729271049551,0.42
8600976,social media,marketing,How do you automate social media processes?,optimization,Beginner,"[""Overview of social media"", ""Step-by-step implementation"", ""Best practices and tips"", ""Common challenges and solutions"", ""Tools and resources needed"", ""Conclusion and next steps""]","[""media"", ""digital"", ""marketing"", ""social"", ""branding"", ""optimization""]",6,Marketing Students & Interns,"[""content marketing"", ""brand management"", ""digital marketing""]",43,7,2025-10-25 21:09:19,en,How do you automate {keyword} processes?,0.67,0.40179224396550517,0.33
8600977,brand management,marketing,What demographics respond best to brand management?,comparison,Beginner,"[""Introduction to brand management"", ""Key points and analysis"", ""Practical examples"", ""Expert insights"", ""Action items"", ""Conclusion""]","[""comparison"", ""digital"", ""marketing"", ""management"", ""advertising"", ""brand""]",4,Marketing Students & Interns,"[""digital marketing"", ""content marketing"", ""social media""]",51,7,2025-10-25 21:09:19,en,What demographics respond best to {keyword}?,0.73,0.4837962995552304,0.7
8600978,cloud computing,it,How do you optimize cloud computing for different platforms?,evaluation,Intermediate,"[""Overview of cloud computing"", ""Step-by-step implementation"", ""Best practices and tips"", ""Common challenges and solutions"", ""Tools and resources needed"", ""Conclusion and next steps""]","[""computing"", ""software"", ""it"", ""programming"", ""evaluation"", ""cloud""]",6,Junior to Mid-level Developers,"[""cybersecurity"", ""web development"", ""data science"", ""machine learning""]",60,9,2025-10-25 21:09:19,en,How do you optimize {keyword} for different platforms?,0.69,0.7513347346857515,0.59
8600979,market analysis,economics,What timeline is realistic for market analysis returns?,best_practice,Beginner,"[""Introduction to market analysis"", ""Key points and analysis"", ""Practical examples"", ""Expert insights"", ""Action items"", ""Conclusion""]","[""investment"", ""analysis"", ""best_practice"", ""market"", ""economics""]",4,Students & New Investors,"[""portfolio management"", ""financial modeling"", ""investment planning""]",55,8,2025-10-25 21:09:19,en,What timeline is realistic for {keyword} returns?,0.84,0.34565748911786953,0.72
8600980,portfolio management,economics,What are the risks associated with portfolio management?,evaluation,Advanced,"[""Introduction to portfolio management"", ""Key concepts and definitions"", ""Main categories or types"", ""Examples and case studies"", ""Benefits and advantages"", ""Summary and recommendations""]","[""investment"", ""finance"", ""portfolio"", ""management"", ""evaluation"", ""economics""]",6,Professional Investors & Advisors,"[""financial modeling"", ""investment planning"", ""market analysis""]",56,8,2025-10-25 21:09:19,en,What are the risks associated with {keyword}?,0.61,0.8896039559432846,0.4
8600981,social media,marketing,What demographics respond best to social media?,analysis,Expert,"[""Introduction to social media"", ""Key points and analysis"", ""Practical examples"", ""Expert insights"", ""Action items"", ""Conclusion""]","[""analysis"", ""media"", ""promotion"", ""digital"", ""marketing"", ""social""]",4,Marketing Directors & CMOs,"[""content marketing"", ""brand management"", ""digital marketing""]",47,7,2025-10-25 21:09:19,en,What demographics respond best to {keyword}?,0.82,1.0,0.46
8600982,market analysis,economics,What factors should be considered when evaluating market analysis?,analysis,Advanced,"[""Introduction to market analysis"", ""Key points and analysis"", ""Practical examples"", ""Expert insights"", ""Action items"", ""Conclusion""]","[""market"", ""business"", ""economics"", ""analysis""]",4,Professional Investors & Advisors,"[""portfolio management"", ""investment planning"", ""financial modeling""]",66,9,2025-10-25 21:09:19,en,What factors should be considered when evaluating {keyword}?,0.92,0.9541956066917259,0.35
8600983,content marketing,marketing,What are the latest trends in content marketing?,strategy,Advanced,"[""Introduction to content marketing"", ""Key concepts and definitions"", ""Main categories or types"", ""Examples and case studies"", ""Benefits and advantages"", ""Summary and recommendations""]","[""content"", ""promotion"", ""marketing"", ""digital"", ""strategy""]",6,Marketing Managers & Strategists,"[""brand management"", ""social media"", ""digital marketing""]",48,8,2025-10-25 21:09:20,en,What are the latest trends in {keyword}?,0.69,0.8859141081315647,0.64
8600984,cloud computing,it,What is the recommended architecture for cloud computing systems?,optimization,Advanced,"[""Introduction to cloud computing"", ""Key points and analysis"", ""Practical examples"", ""Expert insights"", ""Action items"", ""Conclusion""]","[""computing"", ""cloud"", ""development"", ""it"", ""optimization"", ""technology""]",4,Senior Developers & Tech Leads,"[""web development"", ""machine learning"", ""data science"", ""cybersecurity""]",65,9,2025-10-25 21:09:20,en,What is the recommended architecture for {keyword} systems?,0.81,0.8083477676957639,0.88
8600985,content marketing,marketing,How do you track and analyze content marketing performance?,evaluation,Advanced,"[""Overview of content marketing"", ""Step-by-step implementation"", ""Best practices and tips"", ""Common challenges and solutions"", ""Tools and resources needed"", ""Conclusion and next steps""]","[""content"", ""marketing"", ""digital"", ""branding"", ""evaluation""]",6,Marketing Managers & Strategists,"[""brand management"", ""social media"", ""digital marketing""]",59,9,2025-10-25 21:09:20,en,How do you track and analyze {keyword} performance?,0.9,0.8079956856999178,0.6
8600986,brand management,marketing,What timing strategies work for brand management?,comparison,Beginner,"[""Introduction to brand management"", ""Key points and analysis"", ""Practical examples"", ""Expert insights"", ""Action items"", ""Conclusion""]","[""comparison"", ""digital"", ""marketing"", ""management"", ""advertising"", ""brand""]",4,Marketing Students & Interns,"[""digital marketing"", ""social media"", ""content marketing""]",49,7,2025-10-25 21:09:20,en,What timing strategies work for {keyword}?,0.93,0.3575543066566585,0.71
8600987,cloud computing,it,How do you choose the right technology stack for cloud computing?,analysis,Intermediate,"[""Overview of cloud computing"", ""Step-by-step implementation"", ""Best practices and tips"", ""Common challenges and solutions"", ""Tools and resources needed"", ""Conclusion and next steps""]","[""computing"", ""development"", ""analysis"", ""it"", ""programming"", ""cloud""]",6,Junior to Mid-level Developers,"[""data science"", ""machine learning"", ""cybersecurity"", ""web development""]",65,11,2025-10-25 21:09:20,en,How do you choose the right technology stack for {keyword}?,0.83,0.6794607557442837,0.72
8600988,social media,marketing,What emerging platforms support social media?,troubleshooting,Expert,"[""Introduction to social media"", ""Key points and analysis"", ""Practical examples"", ""Expert insights"", ""Action items"", ""Conclusion""]","[""media"", ""promotion"", ""troubleshooting"", ""marketing"", ""social"", ""branding""]",4,Marketing Directors & CMOs,"[""content marketing"", ""brand management"", ""digital marketing""]",45,6,2025-10-25 21:09:20,en,What emerging platforms support {keyword}?,0.85,1.0,0.55
8600989,social media,marketing,What timing strategies work for social media?,strategy,Beginner,"[""Introduction to social media"", ""Key points and analysis"", ""Practical examples"", ""Expert insights"", ""Action items"", ""Conclusion""]","[""media"", ""marketing"", ""social"", ""advertising"", ""branding"", ""strategy""]",4,Marketing Students & Interns,"[""digital marketing"", ""brand management"", ""content marketing""]",45,7,2025-10-25 21:09:20,en,What timing strategies work for {keyword}?,0.88,0.3773060812537596,0.73
8600990,investment planning,economics,How do you report on investment planning performance to stakeholders?,implementation,Intermediate,"[""Overview of investment planning"", ""Step-by-step implementation"", ""Best practices and tips"", ""Common challenges and solutions"", ""Tools and resources needed"", ""Conclusion and next steps""]","[""investment"", ""planning"", ""finance"", ""implementation"", ""business"", ""economics""]",6,Individual Investors & Analysts,"[""financial modeling"", ""portfolio management"", ""market analysis""]",69,10,2025-10-25 21:09:20,en,How do you report on {keyword} performance to stakeholders?,0.62,0.7597924918143728,0.51
8600991,digital marketing,marketing,How do you identify the right audience for digital marketing?,troubleshooting,Beginner,"[""Overview of digital marketing"", ""Step-by-step implementation"", ""Best practices and tips"", ""Common challenges and solutions"", ""Tools and resources needed"", ""Conclusion and next steps""]","[""branding"", ""marketing"", ""troubleshooting"", ""digital""]",6,Marketing Students & Interns,"[""content marketing"", ""social media"", ""brand management""]",61,10,2025-10-25 21:09:20,en,How do you identify the right audience for {keyword}?,0.72,0.4144727543870737,0.74
8600992,content marketing,marketing,What content types work best for content marketing?,analysis,Beginner,"[""Introduction to content marketing"", ""Key points and analysis"", ""Practical examples"", ""Expert insights"", ""Action items"", ""Conclusion""]","[""content"", ""analysis"", ""promotion"", ""marketing"", ""branding""]",4,Marketing Students & Interns,"[""brand management"", ""digital marketing"", ""social media""]",51,8,2025-10-25 21:09:20,en,What content types work best for {keyword}?,0.79,0.4294240749031677,0.39
8600993,cybersecurity,it,What are the latest trends in cybersecurity technology?,evaluation,Intermediate,"[""Introduction to cybersecurity"", ""Key concepts and definitions"", ""Main categories or types"", ""Examples and case studies"", ""Benefits and advantages"", ""Summary and recommendations""]","[""software"", ""it"", ""evaluation"", ""cybersecurity"", ""technology""]",5,Junior to Mid-level Developers,"[""machine learning"", ""web development"", ""cloud computing"", ""data science""]",55,8,2025-10-25 21:09:20,en,What are the latest trends in {keyword} technology?,0.61,0.7889424128610473,0.52
8600994,investment planning,economics,What factors should be considered when evaluating investment planning?,comparison,Beginner,"[""Introduction to investment planning"", ""Key points and analysis"", ""Practical examples"", ""Expert insights"", ""Action items"", ""Conclusion""]","[""investment"", ""planning"", ""comparison"", ""business"", ""economics""]",4,Students & New Investors,"[""portfolio management"", ""financial modeling"", ""market analysis""]",70,9,2025-10-25 21:09:20,en,What factors should be considered when evaluating {keyword}?,0.72,0.49419598751663374,0.55
8600995,portfolio management,economics,How do you identify opportunities in portfolio management markets?,analysis,Advanced,"[""Overview of portfolio management"", ""Step-by-step implementation"", ""Best practices and tips"", ""Common challenges and solutions"", ""Tools and resources needed"", ""Conclusion and next steps""]","[""finance"", ""analysis"", ""portfolio"", ""management"", ""business"", ""economics""]",6,Professional Investors & Advisors,"[""market analysis"", ""investment planning"", ""financial modeling""]",66,9,2025-10-25 21:09:20,en,How do you identify opportunities in {keyword} markets?,0.67,0.9855131486047469,0.57
8600996,investment planning,economics,How do you diversify your portfolio using investment planning?,comparison,Advanced,"[""Overview of investment planning"", ""Step-by-step implementation"", ""Best practices and tips"", ""Common challenges and solutions"", ""Tools and resources needed"", ""Conclusion and next steps""]","[""investment"", ""planning"", ""comparison"", ""business"", ""economics""]",6,Professional Investors & Advisors,"[""market analysis"", ""portfolio management"", ""financial modeling""]",62,9,2025-10-25 21:09:20,en,How do you diversify your portfolio using {keyword}?,0.85,0.9144051918820628,0.84
8600997,financial modeling,economics,What is the optimal allocation for financial modeling in a portfolio?,implementation,Intermediate,"[""Introduction to financial modeling"", ""Key points and analysis"", ""Practical examples"", ""Expert insights"", ""Action items"", ""Conclusion""]","[""investment"", ""implementation"", ""modeling"", ""financial"", ""business"", ""economics""]",4,Individual Investors & Analysts,"[""investment planning"", ""market analysis"", ""portfolio management""]",69,11,2025-10-25 21:09:20,en,What is the optimal allocation for {keyword} in a portfolio?,0.95,0.6141267860973827,0.62
8600998,cloud computing,it,What career opportunities exist in cloud computing?,best_practice,Intermediate,"[""Introduction to cloud computing"", ""Key points and analysis"", ""Practical examples"", ""Expert insights"", ""Action items"", ""Conclusion""]","[""computing"", ""software"", ""development"", ""it"", ""best_practice"", ""cloud""]",4,Junior to Mid-level Developers,"[""machine learning"", ""web development"", ""data science"", ""cybersecurity""]",51,7,2025-10-25 21:09:20,en,What career opportunities exist in {keyword}?,0.78,0.7803333656553005,0.41
8600999,data science,it,What tools are essential for data science development?,optimization,Beginner,"[""Introduction to data science"", ""Key points and analysis"", ""Practical examples"", ""Expert insights"", ""Action items"", ""Conclusion""]","[""technology"", ""development"", ""it"", ""science"", ""optimization"", ""data""]",4,Students & Entry-level Developers,"[""machine learning"", ""cloud computing"", ""cybersecurity"", ""web development""]",54,8,2025-10-25 21:09:20,en,What tools are essential for {keyword} development?,0.63,0.3575033321614565,0.48
8601000,portfolio management,economics,How do you create a long-term plan for portfolio management?,optimization,Intermediate,"[""Overview of portfolio management"", ""Step-by-step implementation"", ""Best practices and tips"", ""Common challenges and solutions"", ""Tools and resources needed"", ""Conclusion and next steps""]","[""finance"", ""portfolio"", ""management"", ""business"", ""optimization"", ""economics""]",6,Individual Investors & Analysts,"[""financial modeling"", ""investment planning"", ""market analysis""]",60,10,2025-10-25 21:09:20,en,How do you create a long-term plan for {keyword}?,0.91,0.7681814121587263,0.58
8601001,cloud computing,it,How can cloud computing improve system performance and scalability?,analysis,Advanced,"[""Introduction to cloud computing"", ""Key points and analysis"", ""Practical examples"", ""Expert insights"", ""Action items"", ""Conclusion""]","[""computing"", ""analysis"", ""it"", ""development"", ""cloud"", ""technology""]",4,Senior Developers & Tech Leads,"[""web development"", ""data science"", ""machine learning"", ""cybersecurity""]",67,9,2025-10-25 21:09:20,en,How can {keyword} improve system performance and scalability?,0.74,0.996303955624591,0.35
8601002,investment planning,economics,How do you benchmark investment planning against alternatives?,troubleshooting,Intermediate,"[""Overview of investment planning"", ""Step-by-step implementation"", ""Best practices and tips"", ""Common challenges and solutions"", ""Tools and resources needed"", ""Conclusion and next steps""]","[""investment"", ""planning"", ""troubleshooting"", ""market"", ""economics""]",6,Individual Investors & Analysts,"[""portfolio management"", ""market analysis"", ""financial modeling""]",62,8,2025-10-25 21:09:20,en,How do you benchmark {keyword} against alternatives?,0.89,0.784763016527114,0.69
8601003,digital marketing,marketing,What A/B tests should you run for digital marketing?,troubleshooting,Expert,"[""Introduction to digital marketing"", ""Key points and analysis"", ""Practical examples"", ""Expert insights"", ""Action items"", ""Conclusion""]","[""branding"", ""marketing"", ""troubleshooting"", ""digital""]",4,Marketing Directors & CMOs,"[""brand management"", ""content marketing"", ""social media""]",52,9,2025-10-25 21:09:20,en,What A/B tests should you run for {keyword}?,0.76,1.0,0.72
8601004,digital marketing,marketing,How do you develop an effective digital marketing strategy?,troubleshooting,Expert,"[""Overview of digital marketing"", ""Step-by-step implementation"", ""Best practices and tips"", ""Common challenges and solutions"", ""Tools and resources needed"", ""Conclusion and next steps""]","[""promotion"", ""troubleshooting"", ""marketing"", ""digital"", ""advertising""]",6,Marketing Directors & CMOs,"[""brand management"", ""social media"", ""content marketing""]",59,9,2025-10-25 21:09:20,en,How do you develop an effective {keyword} strategy?,0.86,1.0,0.71
8601005,data science,it,How do you integrate data science with existing systems?,troubleshooting,Beginner,"[""Overview of data science"", ""Step-by-step implementation"", ""Best practices and tips"", ""Common challenges and solutions"", ""Tools and resources needed"", ""Conclusion and next steps""]","[""technology"", ""it"", ""programming"", ""troubleshooting"", ""science"", ""data""]",6,Students & Entry-level Developers,"[""web development"", ""machine learning"", ""cloud computing"", ""cybersecurity""]",56,9,2025-10-25 21:09:20,en,How do you integrate {keyword} with existing systems?,0.86,0.454341668352089,0.84
8601006,cloud computing,it,What certifications are valuable for cloud computing professionals?,comparison,Beginner,"[""Introduction to cloud computing"", ""Key points and analysis"", ""Practical examples"", ""Expert insights"", ""Action items"", ""Conclusion""]","[""computing"", ""software"", ""development"", ""it"", ""comparison"", ""cloud""]",4,Students & Entry-level Developers,"[""machine learning"", ""web development"", ""cybersecurity"", ""data science""]",67,8,2025-10-25 21:09:20,en,What certifications are valuable for {keyword} professionals?,0.75,0.3491128398986238,0.73
8601007,investment planning,economics,How do you hedge against investment planning market downturns?,planning,Expert,"[""Overview of investment planning"", ""Step-by-step implementation"", ""Best practices and tips"", ""Common challenges and solutions"", ""Tools and resources needed"", ""Conclusion and next steps""]","[""investment"", ""economics"", ""planning"", ""finance""]",6,Portfolio Managers & Financial Experts,"[""financial modeling"", ""portfolio management"", ""market analysis""]",62,9,2025-10-25 21:09:20,en,How do you hedge against {keyword} market downturns?,0.62,1.0,0.76
8601008,financial modeling,economics,What are the regulatory considerations for financial modeling?,how_to,Expert,"[""Introduction to financial modeling"", ""Key concepts and definitions"", ""Main categories or types"", ""Examples and case studies"", ""Benefits and advantages"", ""Summary and recommendations""]","[""how_to"", ""finance"", ""modeling"", ""financial"", ""market"", ""economics""]",6,Portfolio Managers & Financial Experts,"[""investment planning"", ""portfolio management"", ""market analysis""]",62,8,2025-10-25 21:09:20,en,What are the regulatory considerations for {keyword}?,0.61,1.0,0.32
8601009,investment planning,economics,How do you identify opportunities in investment planning markets?,comparison,Expert,"[""Overview of investment planning"", ""Step-by-step implementation"", ""Best practices and tips"", ""Common challenges and solutions"", ""Tools and resources needed"", ""Conclusion and next steps""]","[""investment"", ""planning"", ""finance"", ""comparison"", ""economics""]",6,Portfolio Managers & Financial Experts,"[""financial modeling"", ""market analysis"", ""portfolio management""]",65,9,2025-10-25 21:09:20,en,How do you identify opportunities in {keyword} markets?,0.74,1.0,0.56
8601010,brand management,marketing,What messaging works best in brand management campaigns?,implementation,Expert,"[""Introduction to brand management"", ""Key points and analysis"", ""Practical examples"", ""Expert insights"", ""Action items"", ""Conclusion""]","[""implementation"", ""promotion"", ""marketing"", ""digital"", ""management"", ""brand""]",4,Marketing Directors & CMOs,"[""digital marketing"", ""social media"", ""content marketing""]",56,8,2025-10-25 21:09:20,en,What messaging works best in {keyword} campaigns?,0.81,1.0,0.7
8601011,cloud computing,it,What are the latest trends in cloud computing technology?,troubleshooting,Beginner,"[""Introduction to cloud computing"", ""Key concepts and definitions"", ""Main categories or types"", ""Examples and case studies"", ""Benefits and advantages"", ""Summary and recommendations""]","[""computing"", ""development"", ""it"", ""troubleshooting"", ""cloud"", ""technology""]",6,Students & Entry-level Developers,"[""cybersecurity"", ""machine learning"", ""data science"", ""web development""]",57,9,2025-10-25 21:09:20,en,What are the latest trends in {keyword} technology?,0.94,0.49285388553179266,0.47
8601012,portfolio management,economics,How do you measure portfolio management performance?,troubleshooting,Expert,"[""Overview of portfolio management"", ""Step-by-step implementation"", ""Best practices and tips"", ""Common challenges and solutions"", ""Tools and resources needed"", ""Conclusion and next steps""]","[""investment"", ""portfolio"", ""troubleshooting"", ""management"", ""market"", ""economics""]",6,Portfolio Managers & Financial Experts,"[""financial modeling"", ""investment planning"", ""market analysis""]",52,7,2025-10-25 21:09:20,en,How do you measure {keyword} performance?,0.89,1.0,0.36
8601013,investment planning,economics,How do you analyze market trends in investment planning?,comparison,Expert,"[""Overview of investment planning"", ""Step-by-step implementation"", ""Best practices and tips"", ""Common challenges and solutions"", ""Tools and resources needed"", ""Conclusion and next steps""]","[""investment"", ""planning"", ""comparison"", ""market"", ""economics""]",6,Portfolio Managers & Financial Experts,"[""market analysis"", ""financial modeling"", ""portfolio management""]",56,9,2025-10-25 21:09:20,en,How do you analyze market trends in {keyword}?,0.62,1.0,0.89
8601014,cloud computing,it,What security considerations should be taken when using cloud computing?,troubleshooting,Intermediate,"[""Introduction to cloud computing"", ""Key points and analysis"", ""Practical examples"", ""Expert insights"", ""Action items"", ""Conclusion""]","[""computing"", ""development"", ""it"", ""programming"", ""troubleshooting"", ""cloud""]",4,Junior to Mid-level Developers,"[""web development"", ""cybersecurity"", ""data science"", ""machine learning""]",72,10,2025-10-25 21:09:20,en,What security considerations should be taken when using {keyword}?,0.85,0.6262474008334432,0.86
8601015,content marketing,marketing,How is AI changing content marketing approaches?,optimization,Beginner,"[""Introduction to content marketing"", ""Key points and analysis"", ""Practical examples"", ""Expert insights"", ""Action items"", ""Conclusion""]","[""content"", ""promotion"", ""marketing"", ""advertising"", ""optimization""]",4,Marketing Students & Interns,"[""brand management"", ""social media"", ""digital marketing""]",48,7,2025-10-25 21:09:20,en,How is AI changing {keyword} approaches?,0.74,0.44972091024865535,0.58
8601016,market analysis,economics,What is the optimal allocation for market analysis in a portfolio?,implementation,Expert,"[""Introduction to market analysis"", ""Key points and analysis"", ""Practical examples"", ""Expert insights"", ""Action items"", ""Conclusion""]","[""investment"", ""analysis"", ""finance"", ""implementation"", ""market"", ""economics""]",4,Portfolio Managers & Financial Experts,"[""portfolio management"", ""financial modeling"", ""investment planning""]",66,11,2025-10-25 21:09:20,en,What is the optimal allocation for {keyword} in a portfolio?,0.83,1.0,0.58
8601017,content marketing,marketing,What are the latest trends in content marketing?,best_practice,Intermediate,"[""Introduction to content marketing"", ""Key concepts and definitions"", ""Main categories or types"", ""Examples and case studies"", ""Benefits and advantages"", ""Summary and recommendations""]","[""content"", ""best_practice"", ""marketing"", ""digital"", ""advertising""]",6,Marketing Coordinators & Specialists,"[""brand management"", ""social media"", ""digital marketing""]",48,8,2025-10-25 21:09:20,en,What are the latest trends in {keyword}?,0.93,0.7699991353448922,0.33
8601018,market analysis,economics,What exit strategies should be considered for market analysis?,how_to,Intermediate,"[""Introduction to market analysis"", ""Key points and analysis"", ""Practical examples"", ""Expert insights"", ""Action items"", ""Conclusion""]","[""how_to"", ""analysis"", ""finance"", ""market"", ""business"", ""economics""]",4,Individual Investors & Analysts,"[""financial modeling"", ""portfolio management"", ""investment planning""]",62,9,2025-10-25 21:09:20,en,What exit strategies should be considered for {keyword}?,0.7,0.7297232514067091,0.49
8601019,data science,it,How do you stay updated with data science developments?,evaluation,Intermediate,"[""Overview of data science"", ""Step-by-step implementation"", ""Best practices and tips"", ""Common challenges and solutions"", ""Tools and resources needed"", ""Conclusion and next steps""]","[""technology"", ""development"", ""it"", ""science"", ""evaluation"", ""data""]",6,Junior to Mid-level Developers,"[""cloud computing"", ""machine learning"", ""web development"", ""cybersecurity""]",55,9,2025-10-25 21:09:20,en,How do you stay updated with {keyword} developments?,0.92,0.731782311144823,0.63
8601020,investment planning,economics,What timeline is realistic for investment planning returns?,troubleshooting,Beginner,"[""Introduction to investment planning"", ""Key points and analysis"", ""Practical examples"", ""Expert insights"", ""Action items"", ""Conclusion""]","[""investment"", ""planning"", ""finance"", ""troubleshooting"", ""business"", ""economics""]",4,Students & New Investors,"[""financial modeling"", ""portfolio management"", ""market analysis""]",59,8,2025-10-25 21:09:20,en,What timeline is realistic for {keyword} returns?,0.9,0.42742815200979795,0.63
8601021,cloud computing,it,How do you stay updated with cloud computing developments?,implementation,Beginner,"[""Overview of cloud computing"", ""Step-by-step implementation"", ""Best practices and tips"", ""Common challenges and solutions"", ""Tools and resources needed"", ""Conclusion and next steps""]","[""computing"", ""development"", ""it"", ""implementation"", ""programming"", ""cloud""]",6,Students & Entry-level Developers,"[""data science"", ""web development"", ""machine learning"", ""cybersecurity""]",58,9,2025-10-25 21:09:20,en,How do you stay updated with {keyword} developments?,0.68,0.39425231656790094,0.38
8601022,cloud computing,it,What skills are needed to master cloud computing?,best_practice,Advanced,"[""Introduction to cloud computing"", ""Key points and analysis"", ""Practical examples"", ""Expert insights"", ""Action items"", ""Conclusion""]","[""computing"", ""development"", ""it"", ""programming"", ""best_practice"", ""cloud""]",4,Senior Developers & Tech Leads,"[""data science"", ""machine learning"", ""cybersecurity"", ""web development""]",49,8,2025-10-25 21:09:20,en,What skills are needed to master {keyword}?,0.64,0.8044688460393996,0.4
8601023,investment planning,economics,How do you create a long-term plan for investment planning?,analysis,Intermediate,"[""Overview of investment planning"", ""Step-by-step implementation"", ""Best practices and tips"", ""Common challenges and solutions"", ""Tools and resources needed"", ""Conclusion and next steps""]","[""investment"", ""planning"", ""analysis"", ""market"", ""economics""]",6,Individual Investors & Analysts,"[""portfolio management"", ""market analysis"", ""financial modeling""]",59,10,2025-10-25 21:09:20,en,How do you create a long-term plan for {keyword}?,0.74,0.6889499228182908,0.72
8601024,cloud computing,it,How can cloud computing improve system performance and scalability?,implementation,Intermediate,"[""Introduction to cloud computing"", ""Key points and analysis"", ""Practical examples"", ""Expert insights"", ""Action items"", ""Conclusion""]","[""computing"", ""it"", ""implementation"", ""programming"", ""cloud"", ""technology""]",4,Junior to Mid-level Developers,"[""data science"", ""machine learning"", ""cybersecurity"", ""web development""]",67,9,2025-10-25 21:09:20,en,How can {keyword} improve system performance and scalability?,0.81,0.6306556642772522,0.48
8601025,market analysis,economics,What factors should be considered when evaluating market analysis?,best_practice,Expert,"[""Introduction to market analysis"", ""Key points and analysis"", ""Practical examples"", ""Expert insights"", ""Action items"", ""Conclusion""]","[""investment"", ""analysis"", ""best_practice"", ""market"", ""economics""]",4,Portfolio Managers & Financial Experts,"[""portfolio management"", ""financial modeling"", ""investment planning""]",66,9,2025-10-25 21:09:20,en,What factors should be considered when evaluating {keyword}?,0.65,1.0,0.46
8601026,financial modeling,economics,What are the seasonal patterns in financial modeling?,how_to,Advanced,"[""Introduction to financial modeling"", ""Key concepts and definitions"", ""Main categories or types"", ""Examples and case studies"", ""Benefits and advantages"", ""Summary and recommendations""]","[""investment"", ""how_to"", ""finance"", ""modeling"", ""financial"", ""economics""]",6,Professional Investors & Advisors,"[""investment planning"", ""portfolio management"", ""market analysis""]",53,8,2025-10-25 21:09:20,en,What are the seasonal patterns in {keyword}?,0.95,0.9711201342287422,0.67
8601027,content marketing,marketing,How do you improve content marketing conversion rates?,troubleshooting,Intermediate,"[""Overview of content marketing"", ""Step-by-step implementation"", ""Best practices and tips"", ""Common challenges and solutions"", ""Tools and resources needed"", ""Conclusion and next steps""]","[""content"", ""troubleshooting"", ""marketing"", ""advertising"", ""branding""]",6,Marketing Coordinators & Specialists,"[""brand management"", ""social media"", ""digital marketing""]",54,8,2025-10-25 21:09:20,en,How do you improve {keyword} conversion rates?,0.94,0.6535171368391195,0.73
8601028,financial modeling,economics,How do you diversify your portfolio using financial modeling?,implementation,Advanced,"[""Overview of financial modeling"", ""Step-by-step implementation"", ""Best practices and tips"", ""Common challenges and solutions"", ""Tools and resources needed"", ""Conclusion and next steps""]","[""implementation"", ""modeling"", ""financial"", ""market"", ""business"", ""economics""]",6,Professional Investors & Advisors,"[""investment planning"", ""portfolio management"", ""market analysis""]",61,9,2025-10-25 21:09:20,en,How do you diversify your portfolio using {keyword}?,0.78,0.9975416975193356,0.48
8601029,brand management,marketing,What demographics respond best to brand management?,comparison,Advanced,"[""Introduction to brand management"", ""Key points and analysis"", ""Practical examples"", ""Expert insights"", ""Action items"", ""Conclusion""]","[""promotion"", ""comparison"", ""marketing"", ""management"", ""digital"", ""brand""]",4,Marketing Managers & Strategists,"[""digital marketing"", ""content marketing"", ""social media""]",51,7,2025-10-25 21:09:20,en,What demographics respond best to {keyword}?,0.87,0.8484352356713252,0.6
8601030,investment planning,economics,What exit strategies should be considered for investment planning?,best_practice,Advanced,"[""Introduction to investment planning"", ""Key points and analysis"", ""Practical examples"", ""Expert insights"", ""Action items"", ""Conclusion""]","[""investment"", ""planning"", ""best_practice"", ""market"", ""business"", ""economics""]",4,Professional Investors & Advisors,"[""market analysis"", ""portfolio management"", ""financial modeling""]",66,9,2025-10-25 21:09:20,en,What exit strategies should be considered for {keyword}?,0.86,0.9278884357678203,0.36
8601031,financial modeling,economics,What timeline is realistic for financial modeling returns?,planning,Advanced,"[""Introduction to financial modeling"", ""Key points and analysis"", ""Practical examples"", ""Expert insights"", ""Action items"", ""Conclusion""]","[""planning"", ""finance"", ""modeling"", ""financial"", ""market"", ""economics""]",4,Professional Investors & Advisors,"[""portfolio management"", ""market analysis"", ""investment planning""]",58,8,2025-10-25 21:09:20,en,What timeline is realistic for {keyword} returns?,0.89,0.8629911521710081,0.72
8601032,machine learning,it,Which frameworks support machine learning implementation?,best_practice,Advanced,"[""Introduction to machine learning"", ""Key points and analysis"", ""Practical examples"", ""Expert insights"", ""Action items"", ""Conclusion""]","[""it"", ""best_practice"", ""programming"", ""learning"", ""machine"", ""technology""]",4,Senior Developers & Tech Leads,"[""web development"", ""cloud computing"", ""cybersecurity"", ""data science""]",57,6,2025-10-25 21:09:20,en,Which frameworks support {keyword} implementation?,0.75,0.9329342981206166,0.5
8601033,social media,marketing,How do you track and analyze social media performance?,how_to,Advanced,"[""Overview of social media"", ""Step-by-step implementation"", ""Best practices and tips"", ""Common challenges and solutions"", ""Tools and resources needed"", ""Conclusion and next steps""]","[""how_to"", ""media"", ""promotion"", ""digital"", ""marketing"", ""social""]",6,Marketing Managers & Strategists,"[""brand management"", ""digital marketing"", ""content marketing""]",54,9,2025-10-25 21:09:20,en,How do you track and analyze {keyword} performance?,0.85,0.9317241529238179,0.61
8601034,portfolio management,economics,How do you assess and manage portfolio management risks?,optimization,Intermediate,"[""Overview of portfolio management"", ""Step-by-step implementation"", ""Best practices and tips"", ""Common challenges and solutions"", ""Tools and resources needed"", ""Conclusion and next steps""]","[""finance"", ""portfolio"", ""management"", ""market"", ""optimization"", ""economics""]",6,Individual Investors & Analysts,"[""market analysis"", ""investment planning"", ""financial modeling""]",56,9,2025-10-25 21:09:20,en,How do you assess and manage {keyword} risks?,0.86,0.6033523377922161,0.71
8601035,cybersecurity,it,How do you design a scalable cybersecurity solution?,optimization,Expert,"[""Overview of cybersecurity"", ""Step-by-step implementation"", ""Best practices and tips"", ""Common challenges and solutions"", ""Tools and resources needed"", ""Conclusion and next steps""]","[""development"", ""it"", ""programming"", ""optimization"", ""cybersecurity""]",5,Architects & Technical Directors,"[""web development"", ""machine learning"", ""data science"", ""cloud computing""]",52,8,2025-10-25 21:09:20,en,How do you design a scalable {keyword} solution?,0.93,1.0,0.32
8601036,cloud computing,it,How do you get started with cloud computing as a beginner?,planning,Advanced,"[""Overview of cloud computing"", ""Step-by-step implementation"", ""Best practices and tips"", ""Common challenges and solutions"", ""Tools and resources needed"", ""Conclusion and next steps""]","[""computing"", ""software"", ""planning"", ""it"", ""development"", ""cloud""]",6,Senior Developers & Tech Leads,"[""machine learning"", ""cybersecurity"", ""data science"", ""web development""]",58,11,2025-10-25 21:09:20,en,How do you get started with {keyword} as a beginner?,0.87,0.9321307626320652,0.8
8601037,cloud computing,it,How do you measure the success of cloud computing projects?,implementation,Intermediate,"[""Overview of cloud computing"", ""Step-by-step implementation"", ""Best practices and tips"", ""Common challenges and solutions"", ""Tools and resources needed"", ""Conclusion and next steps""]","[""computing"", ""software"", ""it"", ""implementation"", ""cloud"", ""technology""]",6,Junior to Mid-level Developers,"[""cybersecurity"", ""web development"", ""data science"", ""machine learning""]",59,10,2025-10-25 21:09:20,en,How do you measure the success of {keyword} projects?,0.7,0.7599079411106411,0.81
8601038,social media,marketing,What channels are most effective for social media?,analysis,Expert,"[""Introduction to social media"", ""Key points and analysis"", ""Practical examples"", ""Expert insights"", ""Action items"", ""Conclusion""]","[""analysis"", ""media"", ""promotion"", ""digital"", ""marketing"", ""social""]",4,Marketing Directors & CMOs,"[""digital marketing"", ""content marketing"", ""brand management""]",50,8,2025-10-25 21:09:20,en,What channels are most effective for {keyword}?,0.66,1.0,0.31
8601039,investment planning,economics,How do you hedge against investment planning market downturns?,best_practice,Advanced,"[""Overview of investment planning"", ""Step-by-step implementation"", ""Best practices and tips"", ""Common challenges and solutions"", ""Tools and resources needed"", ""Conclusion and next steps""]","[""investment"", ""planning"", ""best_practice"", ""market"", ""economics""]",6,Professional Investors & Advisors,"[""market analysis"", ""financial modeling"", ""portfolio management""]",62,9,2025-10-25 21:09:20,en,How do you hedge against {keyword} market downturns?,0.93,0.9250568855518739,0.47
8601040,social media,marketing,What are the latest trends in social media?,evaluation,Advanced,"[""Introduction to social media"", ""Key concepts and definitions"", ""Main categories or types"", ""Examples and case studies"", ""Benefits and advantages"", ""Summary and recommendations""]","[""media"", ""marketing"", ""social"", ""advertising"", ""branding"", ""evaluation""]",6,Marketing Managers & Strategists,"[""content marketing"", ""digital marketing"", ""brand management""]",43,8,2025-10-25 21:09:20,en,What are the latest trends in {keyword}?,0.88,0.8564948385989525,0.46
8601041,cloud computing,it,What are the key components of a cloud computing implementation?,troubleshooting,Expert,"[""Introduction to cloud computing"", ""Key concepts and definitions"", ""Main categories or types"", ""Examples and case studies"", ""Benefits and advantages"", ""Summary and recommendations""]","[""computing"", ""software"", ""it"", ""programming"", ""troubleshooting"", ""cloud""]",6,Architects & Technical Directors,"[""data science"", ""web development"", ""machine learning"", ""cybersecurity""]",64,10,2025-10-25 21:09:20,en,What are the key components of a {keyword} implementation?,0.76,1.0,0.53
8601042,data science,it,What design patterns work best with data science?,evaluation,Expert,"[""Introduction to data science"", ""Key points and analysis"", ""Practical examples"", ""Expert insights"", ""Action items"", ""Conclusion""]","[""software"", ""it"", ""programming"", ""science"", ""evaluation"", ""data""]",4,Architects & Technical Directors,"[""cloud computing"", ""web development"", ""cybersecurity"", ""machine learning""]",49,8,2025-10-25 21:09:20,en,What design patterns work best with {keyword}?,0.9,1.0,0.4
8601043,financial modeling,economics,What metrics are most important for financial modeling?,how_to,Intermediate,"[""Introduction to financial modeling"", ""Key points and analysis"", ""Practical examples"", ""Expert insights"", ""Action items"", ""Conclusion""]","[""how_to"", ""finance"", ""modeling"", ""financial"", ""business"", ""economics""]",4,Individual Investors & Analysts,"[""investment planning"", ""market analysis"", ""portfolio management""]",55,8,2025-10-25 21:09:20,en,What metrics are most important for {keyword}?,0.63,0.7430656222466834,0.33
8601044,financial modeling,economics,How do you diversify your portfolio using financial modeling?,best_practice,Expert,"[""Overview of financial modeling"", ""Step-by-step implementation"", ""Best practices and tips"", ""Common challenges and solutions"", ""Tools and resources needed"", ""Conclusion and next steps""]","[""finance"", ""best_practice"", ""modeling"", ""financial"", ""business"", ""economics""]",6,Portfolio Managers & Financial Experts,"[""portfolio management"", ""investment planning"", ""market analysis""]",61,9,2025-10-25 21:09:20,en,How do you diversify your portfolio using {keyword}?,0.9,1.0,0.33
8601045,cloud computing,it,What skills are needed to master cloud computing?,implementation,Advanced,"[""Introduction to cloud computing"", ""Key points and analysis"", ""Practical examples"", ""Expert insights"", ""Action items"", ""Conclusion""]","[""computing"", ""development"", ""it"", ""implementation"", ""cloud"", ""technology""]",4,Senior Developers & Tech Leads,"[""web development"", ""data science"", ""machine learning"", ""cybersecurity""]",49,8,2025-10-25 21:09:20,en,What skills are needed to master {keyword}?,0.73,0.9206706175722825,0.75
8601046,content marketing,marketing,What KPIs are most important for content marketing?,optimization,Advanced,"[""Introduction to content marketing"", ""Key points and analysis"", ""Practical examples"", ""Expert insights"", ""Action items"", ""Conclusion""]","[""content"", ""marketing"", ""advertising"", ""branding"", ""optimization""]",4,Marketing Managers & Strategists,"[""social media"", ""brand management"", ""digital marketing""]",51,8,2025-10-25 21:09:20,en,What KPIs are most important for {keyword}?,0.67,0.9253592415780557,0.42
8601047,investment planning,economics,What insurance options are available for investment planning?,evaluation,Expert,"[""Introduction to investment planning"", ""Key points and analysis"", ""Practical examples"", ""Expert insights"", ""Action items"", ""Conclusion""]","[""investment"", ""planning"", ""evaluation"", ""business"", ""economics""]",4,Portfolio Managers & Financial Experts,"[""financial modeling"", ""market analysis"", ""portfolio management""]",61,8,2025-10-25 21:09:20,en,What insurance options are available for {keyword}?,0.88,1.0,0.31
8601048,data science,it,How do you troubleshoot common issues with data science?,analysis,Advanced,"[""Overview of data science"", ""Step-by-step implementation"", ""Best practices and tips"", ""Common challenges and solutions"", ""Tools and resources needed"", ""Conclusion and next steps""]","[""technology"", ""analysis"", ""it"", ""programming"", ""science"", ""data""]",6,Senior Developers & Tech Leads,"[""cybersecurity"", ""machine learning"", ""web development"", ""cloud computing""]",56,9,2025-10-25 21:09:20,en,How do you troubleshoot common issues with {keyword}?,0.64,0.8237601591472905,0.63
8601049,financial modeling,economics,What strategies work best for financial modeling investment?,how_to,Intermediate,"[""Introduction to financial modeling"", ""Key points and analysis"", ""Practical examples"", ""Expert insights"", ""Action items"", ""Conclusion""]","[""investment"", ""how_to"", ""finance"", ""modeling"", ""financial"", ""economics""]",4,Individual Investors & Analysts,"[""investment planning"", ""portfolio management"", ""market analysis""]",60,8,2025-10-25 21:09:20,en,What strategies work best for {keyword} investment?,0.7,0.7653658223297004,0.51
8601050,financial modeling,economics,What is the optimal allocation for financial modeling in a portfolio?,troubleshooting,Expert,"[""Introduction to financial modeling"", ""Key points and analysis"", ""Practical examples"", ""Expert insights"", ""Action items"", ""Conclusion""]","[""troubleshooting"", ""modeling"", ""financial"", ""market"", ""business"", ""economics""]",4,Portfolio Managers & Financial Experts,"[""investment planning"", ""portfolio management"", ""market analysis""]",69,11,2025-10-25 21:09:20,en,What is the optimal allocation for {keyword} in a portfolio?,0.65,1.0,0.56
8601051,web development,it,How do you choose the right technology stack for web development?,comparison,Beginner,"[""Overview of web development"", ""Step-by-step implementation"", ""Best practices and tips"", ""Common challenges and solutions"", ""Tools and resources needed"", ""Conclusion and next steps""]","[""development"", ""it"", ""comparison"", ""programming"", ""web""]",6,Students & Entry-level Developers,"[""machine learning"", ""data science"", ""cloud computing"", ""cybersecurity""]",65,11,2025-10-25 21:09:20,en,How do you choose the right technology stack for {keyword}?,0.74,0.46471135162763094,0.4
8601052,digital marketing,marketing,How do you personalize digital marketing for different segments?,best_practice,Beginner,"[""Overview of digital marketing"", ""Step-by-step implementation"", ""Best practices and tips"", ""Common challenges and solutions"", ""Tools and resources needed"", ""Conclusion and next steps""]","[""marketing"", ""promotion"", ""best_practice"", ""digital""]",6,Marketing Students & Interns,"[""social media"", ""brand management"", ""content marketing""]",64,9,2025-10-25 21:09:20,en,How do you personalize {keyword} for different segments?,0.63,0.3506910357522568,0.82
8601053,market analysis,economics,How do you adjust your market analysis strategy during volatility?,comparison,Beginner,"[""Overview of market analysis"", ""Step-by-step implementation"", ""Best practices and tips"", ""Common challenges and solutions"", ""Tools and resources needed"", ""Conclusion and next steps""]","[""finance"", ""analysis"", ""comparison"", ""market"", ""economics""]",6,Students & New Investors,"[""financial modeling"", ""portfolio management"", ""investment planning""]",66,10,2025-10-25 21:09:20,en,How do you adjust your {keyword} strategy during volatility?,0.75,0.4943164872693784,0.9
8601054,content marketing,marketing,How do you automate content marketing processes?,strategy,Beginner,"[""Overview of content marketing"", ""Step-by-step implementation"", ""Best practices and tips"", ""Common challenges and solutions"", ""Tools and resources needed"", ""Conclusion and next steps""]","[""content"", ""digital"", ""marketing"", ""branding"", ""strategy""]",6,Marketing Students & Interns,"[""social media"", ""brand management"", ""digital marketing""]",48,7,2025-10-25 21:09:20,en,How do you automate {keyword} processes?,0.94,0.3823156722315882,0.51
8601055,machine learning,it,How do you optimize machine learning for different platforms?,comparison,Expert,"[""Overview of machine learning"", ""Step-by-step implementation"", ""Best practices and tips"", ""Common challenges and solutions"", ""Tools and resources needed"", ""Conclusion and next steps""]","[""software"", ""development"", ""it"", ""comparison"", ""learning"", ""machine""]",6,Architects & Technical Directors,"[""cloud computing"", ""cybersecurity"", ""web development"", ""data science""]",61,9,2025-10-25 21:09:20,en,How do you optimize {keyword} for different platforms?,0.88,1.0,0.35
8601056,market analysis,economics,What timeline is realistic for market analysis returns?,comparison,Intermediate,"[""Introduction to market analysis"", ""Key points and analysis"", ""Practical examples"", ""Expert insights"", ""Action items"", ""Conclusion""]","[""investment"", ""analysis"", ""comparison"", ""market"", ""business"", ""economics""]",4,Individual Investors & Analysts,"[""investment planning"", ""portfolio management"", ""financial modeling""]",55,8,2025-10-25 21:09:20,en,What timeline is realistic for {keyword} returns?,0.88,0.7300984342456515,0.65
8601057,social media,marketing,How do you measure the ROI of social media campaigns?,implementation,Beginner,"[""Overview of social media"", ""Step-by-step implementation"", ""Best practices and tips"", ""Common challenges and solutions"", ""Tools and resources needed"", ""Conclusion and next steps""]","[""media"", ""implementation"", ""marketing"", ""digital"", ""social"", ""advertising""]",6,Marketing Students & Interns,"[""digital marketing"", ""content marketing"", ""brand management""]",53,10,2025-10-25 21:09:20,en,How do you measure the ROI of {keyword} campaigns?,0.84,0.31583422529916383,0.55
8601058,cloud computing,it,How do you optimize cloud computing for different platforms?,implementation,Intermediate,"[""Overview of cloud computing"", ""Step-by-step implementation"", ""Best practices and tips"", ""Common challenges and solutions"", ""Tools and resources needed"", ""Conclusion and next steps""]","[""computing"", ""software"", ""it"", ""implementation"", ""programming"", ""cloud""]",6,Junior to Mid-level Developers,"[""machine learning"", ""web development"", ""cybersecurity"", ""data science""]",60,9,2025-10-25 21:09:20,en,How do you optimize {keyword} for different platforms?,0.78,0.6438417255172764,0.31
8601059,digital marketing,marketing,How do you track and analyze digital marketing performance?,best_practice,Expert,"[""Overview of digital marketing"", ""Step-by-step implementation"", ""Best practices and tips"", ""Common challenges and solutions"", ""Tools and resources needed"", ""Conclusion and next steps""]","[""best_practice"", ""marketing"", ""digital"", ""advertising"", ""branding""]",6,Marketing Directors & CMOs,"[""content marketing"", ""social media"", ""brand management""]",59,9,2025-10-25 21:09:20,en,How do you track and analyze {keyword} performance?,0.65,1.0,0.32
8601060,social media,marketing,How do you improve social media conversion rates?,implementation,Beginner,"[""Overview of social media"", ""Step-by-step implementation"", ""Best practices and tips"", ""Common challenges and solutions"", ""Tools and resources needed"", ""Conclusion and next steps""]","[""media"", ""implementation"", ""promotion"", ""marketing"", ""social"", ""advertising""]",6,Marketing Students & Interns,"[""digital marketing"", ""content marketing"", ""brand management""]",49,8,2025-10-25 21:09:20,en,How do you improve {keyword} conversion rates?,0.67,0.43873433141332385,0.73
8601061,machine learning,it,How do you convince stakeholders to invest in machine learning?,planning,Beginner,"[""Overview of machine learning"", ""Step-by-step implementation"", ""Best practices and tips"", ""Common challenges and solutions"", ""Tools and resources needed"", ""Conclusion and next steps""]","[""planning"", ""software"", ""it"", ""programming"", ""learning"", ""machine""]",6,Students & Entry-level Developers,"[""web development"", ""cybersecurity"", ""data science"", ""cloud computing""]",63,10,2025-10-25 21:09:20,en,How do you convince stakeholders to invest in {keyword}?,0.77,0.3897124635279824,0.53
8601062,machine learning,it,How do you get started with machine learning as a beginner?,optimization,Intermediate,"[""Overview of machine learning"", ""Step-by-step implementation"", ""Best practices and tips"", ""Common challenges and solutions"", ""Tools and resources needed"", ""Conclusion and next steps""]","[""it"", ""programming"", ""learning"", ""optimization"", ""machine"", ""technology""]",6,Junior to Mid-level Developers,"[""cybersecurity"", ""cloud computing"", ""web development"", ""data science""]",59,11,2025-10-25 21:09:20,en,How do you get started with {keyword} as a beginner?,0.88,0.6005504202844154,0.67
8601063,cybersecurity,it,What are the latest trends in cybersecurity technology?,best_practice,Beginner,"[""Introduction to cybersecurity"", ""Key concepts and definitions"", ""Main categories or types"", ""Examples and case studies"", ""Benefits and advantages"", ""Summary and recommendations""]","[""development"", ""it"", ""programming"", ""best_practice"", ""cybersecurity""]",5,Students & Entry-level Developers,"[""web development"", ""machine learning"", ""data science"", ""cloud computing""]",55,8,2025-10-25 21:09:20,en,What are the latest trends in {keyword} technology?,0.93,0.49364727245130946,0.48
8601064,data science,it,How do you convince stakeholders to invest in data science?,analysis,Beginner,"[""Overview of data science"", ""Step-by-step implementation"", ""Best practices and tips"", ""Common challenges and solutions"", ""Tools and resources needed"", ""Conclusion and next steps""]","[""technology"", ""analysis"", ""it"", ""development"", ""science"", ""data""]",6,Students & Entry-level Developers,"[""cloud computing"", ""machine learning"", ""web development"", ""cybersecurity""]",59,10,2025-10-25 21:09:20,en,How do you convince stakeholders to invest in {keyword}?,0.77,0.36476295280303006,0.38
8601065,financial modeling,economics,How do economic conditions affect financial modeling performance?,comparison,Beginner,"[""Introduction to financial modeling"", ""Key points and analysis"", ""Practical examples"", ""Expert insights"", ""Action items"", ""Conclusion""]","[""finance"", ""comparison"", ""modeling"", ""financial"", ""business"", ""economics""]",4,Students & New Investors,"[""investment planning"", ""portfolio management"", ""market analysis""]",65,8,2025-10-25 21:09:20,en,How do economic conditions affect {keyword} performance?,0.8,0.49748095461173425,0.51
8601066,investment planning,economics,How do you assess and manage investment planning risks?,analysis,Beginner,"[""Overview of investment planning"", ""Step-by-step implementation"", ""Best practices and tips"", ""Common challenges and solutions"", ""Tools and resources needed"", ""Conclusion and next steps""]","[""investment"", ""planning"", ""finance"", ""analysis"", ""economics""]",6,Students & New Investors,"[""market analysis"", ""portfolio management"", ""financial modeling""]",55,9,2025-10-25 21:09:20,en,How do you assess and manage {keyword} risks?,0.62,0.44490289507637065,0.7
8601067,content marketing,marketing,What does the future hold for content marketing?,analysis,Advanced,"[""Introduction to content marketing"", ""Key points and analysis"", ""Practical examples"", ""Expert insights"", ""Action items"", ""Conclusion""]","[""content"", ""analysis"", ""marketing"", ""digital"", ""advertising""]",4,Marketing Managers & Strategists,"[""brand management"", ""social media"", ""digital marketing""]",48,8,2025-10-25 21:09:20,en,What does the future hold for {keyword}?,0.6,0.8024681674904679,0.62
8601068,data science,it,How can data science improve system performance and scalability?,implementation,Expert,"[""Introduction to data science"", ""Key points and analysis"", ""Practical examples"", ""Expert insights"", ""Action items"", ""Conclusion""]","[""software"", ""it"", ""implementation"", ""programming"", ""science"", ""data""]",4,Architects & Technical Directors,"[""machine learning"", ""cybersecurity"", ""cloud computing"", ""web development""]",64,9,2025-10-25 21:09:20,en,How can {keyword} improve system performance and scalability?,0.93,1.0,0.75
8601069,machine learning,it,What are the key components of a machine learning implementation?,implementation,Expert,"[""Introduction to machine learning"", ""Key concepts and definitions"", ""Main categories or types"", ""Examples and case studies"", ""Benefits and advantages"", ""Summary and recommendations""]","[""development"", ""it"", ""implementation"", ""learning"", ""machine"", ""technology""]",6,Architects & Technical Directors,"[""cloud computing"", ""cybersecurity"", ""web development"", ""data science""]",65,10,2025-10-25 21:09:20,en,What are the key components of a {keyword} implementation?,0.61,1.0,0.88
8601070,brand management,marketing,How do you identify the right audience for brand management?,evaluation,Intermediate,"[""Overview of brand management"", ""Step-by-step implementation"", ""Best practices and tips"", ""Common challenges and solutions"", ""Tools and resources needed"", ""Conclusion and next steps""]","[""marketing"", ""management"", ""advertising"", ""branding"", ""evaluation"", ""brand""]",6,Marketing Coordinators & Specialists,"[""social media"", ""digital marketing"", ""content marketing""]",60,10,2025-10-25 21:09:20,en,How do you identify the right audience for {keyword}?,0.62,0.6538154495975553,0.66
8601071,content marketing,marketing,What content types work best for content marketing?,comparison,Intermediate,"[""Introduction to content marketing"", ""Key points and analysis"", ""Practical examples"", ""Expert insights"", ""Action items"", ""Conclusion""]","[""content"", ""comparison"", ""marketing"", ""digital"", ""advertising""]",4,Marketing Coordinators & Specialists,"[""social media"", ""digital marketing"", ""brand management""]",51,8,2025-10-25 21:09:20,en,What content types work best for {keyword}?,0.86,0.6971706334525122,0.79
8601072,social media,marketing,What timing strategies work for social media?,how_to,Intermediate,"[""Introduction to social media"", ""Key points and analysis"", ""Practical examples"", ""Expert insights"", ""Action items"", ""Conclusion""]","[""how_to"", ""media"", ""promotion"", ""marketing"", ""social"", ""advertising""]",4,Marketing Coordinators & Specialists,"[""content marketing"", ""digital marketing"", ""brand management""]",45,7,2025-10-25 21:09:20,en,What timing strategies work for {keyword}?,0.69,0.7871727953338087,0.68
8601073,content marketing,marketing,What timing strategies work for content marketing?,analysis,Expert,"[""Introduction to content marketing"", ""Key points and analysis"", ""Practical examples"", ""Expert insights"", ""Action items"", ""Conclusion""]","[""content"", ""analysis"", ""promotion"", ""marketing"", ""advertising""]",4,Marketing Directors & CMOs,"[""digital marketing"", ""brand management"", ""social media""]",50,7,2025-10-25 21:09:20,en,What timing strategies work for {keyword}?,0.82,1.0,0.7
8601074,content marketing,marketing,How do you automate content marketing processes?,strategy,Expert,"[""Overview of content marketing"", ""Step-by-step implementation"", ""Best practices and tips"", ""Common challenges and solutions"", ""Tools and resources needed"", ""Conclusion and next steps""]","[""content"", ""promotion"", ""marketing"", ""advertising"", ""strategy""]",6,Marketing Directors & CMOs,"[""digital marketing"", ""brand management"", ""social media""]",48,7,2025-10-25 21:09:20,en,How do you automate {keyword} processes?,0.75,1.0,0.62
8601075,content marketing,marketing,What messaging works best in content marketing campaigns?,implementation,Advanced,"[""Introduction to content marketing"", ""Key points and analysis"", ""Practical examples"", ""Expert insights"", ""Action items"", ""Conclusion""]","[""content"", ""implementation"", ""marketing"", ""digital"", ""advertising""]",4,Marketing Managers & Strategists,"[""social media"", ""digital marketing"", ""brand management""]",57,8,2025-10-25 21:09:20,en,What messaging works best in {keyword} campaigns?,0.72,0.9157157871281838,0.55
8601076,investment planning,economics,What tools help analyze investment planning data?,best_practice,Beginner,"[""Introduction to investment planning"", ""Key points and analysis"", ""Practical examples"", ""Expert insights"", ""Action items"", ""Conclusion""]","[""investment"", ""planning"", ""finance"", ""best_practice"", ""economics""]",4,Students & New Investors,"[""portfolio management"", ""market analysis"", ""financial modeling""]",49,7,2025-10-25 21:09:20,en,What tools help analyze {keyword} data?,0.87,0.31599804414783333,0.48
8601077,portfolio management,economics,What strategies work best for portfolio management investment?,analysis,Intermediate,"[""Introduction to portfolio management"", ""Key points and analysis"", ""Practical examples"", ""Expert insights"", ""Action items"", ""Conclusion""]","[""investment"", ""analysis"", ""portfolio"", ""management"", ""business"", ""economics""]",4,Individual Investors & Analysts,"[""financial modeling"", ""investment planning"", ""market analysis""]",62,8,2025-10-25 21:09:20,en,What strategies work best for {keyword} investment?,0.84,0.799049878552634,0.65
8601078,digital marketing,marketing,What A/B tests should you run for digital marketing?,comparison,Intermediate,"[""Introduction to digital marketing"", ""Key points and analysis"", ""Practical examples"", ""Expert insights"", ""Action items"", ""Conclusion""]","[""promotion"", ""comparison"", ""marketing"", ""digital"", ""branding""]",4,Marketing Coordinators & Specialists,"[""brand management"", ""social media"", ""content marketing""]",52,9,2025-10-25 21:09:20,en,What A/B tests should you run for {keyword}?,0.76,0.7460758907233243,0.76
8601079,cybersecurity,it,How do you troubleshoot common issues with cybersecurity?,best_practice,Intermediate,"[""Overview of cybersecurity"", ""Step-by-step implementation"", ""Best practices and tips"", ""Common challenges and solutions"", ""Tools and resources needed"", ""Conclusion and next steps""]","[""it"", ""programming"", ""best_practice"", ""cybersecurity"", ""technology""]",5,Junior to Mid-level Developers,"[""machine learning"", ""cloud computing"", ""data science"", ""web development""]",57,8,2025-10-25 21:09:20,en,How do you troubleshoot common issues with {keyword}?,0.74,0.7250043505288887,0.58
8601080,investment planning,economics,What are the regulatory considerations for investment planning?,analysis,Intermediate,"[""Introduction to investment planning"", ""Key concepts and definitions"", ""Main categories or types"", ""Examples and case studies"", ""Benefits and advantages"", ""Summary and recommendations""]","[""investment"", ""planning"", ""finance"", ""analysis"", ""market"", ""economics""]",6,Individual Investors & Analysts,"[""market analysis"", ""financial modeling"", ""portfolio management""]",63,8,2025-10-25 21:09:20,en,What are the regulatory considerations for {keyword}?,0.71,0.7689393582412772,0.89
8601081,digital marketing,marketing,How do you improve digital marketing conversion rates?,optimization,Intermediate,"[""Overview of digital marketing"", ""Step-by-step implementation"", ""Best practices and tips"", ""Common challenges and solutions"", ""Tools and resources needed"", ""Conclusion and next steps""]","[""promotion"", ""marketing"", ""digital"", ""branding"", ""optimization""]",6,Marketing Coordinators & Specialists,"[""content marketing"", ""brand management"", ""social media""]",54,8,2025-10-25 21:09:20,en,How do you improve {keyword} conversion rates?,0.81,0.6543179890129074,0.35
8601082,investment planning,economics,What are the seasonal patterns in investment planning?,best_practice,Advanced,"[""Introduction to investment planning"", ""Key concepts and definitions"", ""Main categories or types"", ""Examples and case studies"", ""Benefits and advantages"", ""Summary and recommendations""]","[""investment"", ""planning"", ""best_practice"", ""market"", ""economics""]",6,Professional Investors & Advisors,"[""market analysis"", ""portfolio management"", ""financial modeling""]",54,8,2025-10-25 21:09:20,en,What are the seasonal patterns in {keyword}?,0.8,0.8171553651791047,0.44
8601083,cybersecurity,it,What tools are essential for cybersecurity development?,comparison,Expert,"[""Introduction to cybersecurity"", ""Key points and analysis"", ""Practical examples"", ""Expert insights"", ""Action items"", ""Conclusion""]","[""development"", ""it"", ""comparison"", ""programming"", ""cybersecurity""]",4,Architects & Technical Directors,"[""data science"", ""web development"", ""cloud computing"", ""machine learning""]",55,7,2025-10-25 21:09:20,en,What tools are essential for {keyword} development?,0.64,1.0,0.56
8601084,market analysis,economics,How do you analyze market trends in market analysis?,optimization,Expert,"[""Overview of market analysis"", ""Step-by-step implementation"", ""Best practices and tips"", ""Common challenges and solutions"", ""Tools and resources needed"", ""Conclusion and next steps""]","[""analysis"", ""finance"", ""business"", ""market"", ""optimization"", ""economics""]",6,Portfolio Managers & Financial Experts,"[""portfolio management"", ""investment planning"", ""financial modeling""]",52,9,2025-10-25 21:09:20,en,How do you analyze market trends in {keyword}?,0.85,1.0,0.38
8601085,content marketing,marketing,How do you identify the right audience for content marketing?,optimization,Expert,"[""Overview of content marketing"", ""Step-by-step implementation"", ""Best practices and tips"", ""Common challenges and solutions"", ""Tools and resources needed"", ""Conclusion and next steps""]","[""content"", ""promotion"", ""marketing"", ""branding"", ""optimization""]",6,Marketing Directors & CMOs,"[""digital marketing"", ""brand management"", ""social media""]",61,10,2025-10-25 21:09:20,en,How do you identify the right audience for {keyword}?,0.64,1.0,0.32
8601086,financial modeling,economics,How do you create a long-term plan for financial modeling?,analysis,Beginner,"[""Overview of financial modeling"", ""Step-by-step implementation"", ""Best practices and tips"", ""Common challenges and solutions"", ""Tools and resources needed"", ""Conclusion and next steps""]","[""investment"", ""analysis"", ""modeling"", ""financial"", ""business"", ""economics""]",6,Students & New Investors,"[""portfolio management"", ""market analysis"", ""investment planning""]",58,10,2025-10-25 21:09:20,en,How do you create a long-term plan for {keyword}?,0.73,0.3939643207261668,0.87
8601087,content marketing,marketing,How do you create a content marketing roadmap?,analysis,Beginner,"[""Overview of content marketing"", ""Step-by-step implementation"", ""Best practices and tips"", ""Common challenges and solutions"", ""Tools and resources needed"", ""Conclusion and next steps""]","[""content"", ""analysis"", ""promotion"", ""marketing"", ""branding""]",6,Marketing Students & Interns,"[""brand management"", ""digital marketing"", ""social media""]",46,8,2025-10-25 21:09:20,en,How do you create a {keyword} roadmap?,0.91,0.3634627498237627,0.47
8601088,content marketing,marketing,How do you track and analyze content marketing performance?,strategy,Expert,"[""Overview of content marketing"", ""Step-by-step implementation"", ""Best practices and tips"", ""Common challenges and solutions"", ""Tools and resources needed"", ""Conclusion and next steps""]","[""content"", ""marketing"", ""digital"", ""branding"", ""strategy""]",6,Marketing Directors & CMOs,"[""digital marketing"", ""brand management"", ""social media""]",59,9,2025-10-25 21:09:20,en,How do you track and analyze {keyword} performance?,0.95,1.0,0.59
8601089,brand management,marketing,What demographics respond best to brand management?,optimization,Beginner,"[""Introduction to brand management"", ""Key points and analysis"", ""Practical examples"", ""Expert insights"", ""Action items"", ""Conclusion""]","[""digital"", ""marketing"", ""management"", ""branding"", ""optimization"", ""brand""]",4,Marketing Students & Interns,"[""digital marketing"", ""content marketing"", ""social media""]",51,7,2025-10-25 21:09:20,en,What demographics respond best to {keyword}?,0.81,0.3271130058283,0.37
8601090,digital marketing,marketing,What content types work best for digital marketing?,comparison,Beginner,"[""Introduction to digital marketing"", ""Key points and analysis"", ""Practical examples"", ""Expert insights"", ""Action items"", ""Conclusion""]","[""promotion"", ""comparison"", ""marketing"", ""digital"", ""advertising""]",4,Marketing Students & Interns,"[""brand management"", ""content marketing"", ""social media""]",51,8,2025-10-25 21:09:20,en,What content types work best for {keyword}?,0.72,0.33976457475248106,0.87
8601091,investment planning,economics,What timeline is realistic for investment planning returns?,comparison,Beginner,"[""Introduction to investment planning"", ""Key points and analysis"", ""Practical examples"", ""Expert insights"", ""Action items"", ""Conclusion""]","[""investment"", ""planning"", ""finance"", ""comparison"", ""business"", ""economics""]",4,Students & New Investors,"[""portfolio management"", ""financial modeling"", ""market analysis""]",59,8,2025-10-25 21:09:20,en,What timeline is realistic for {keyword} returns?,0.87,0.37118772719844373,0.43
8601092,machine learning,it,How do you measure the success of machine learning projects?,implementation,Beginner,"[""Overview of machine learning"", ""Step-by-step implementation"", ""Best practices and tips"", ""Common challenges and solutions"", ""Tools and resources needed"", ""Conclusion and next steps""]","[""development"", ""it"", ""implementation"", ""programming"", ""learning"", ""machine""]",6,Students & Entry-level Developers,"[""cybersecurity"", ""data science"", ""cloud computing"", ""web development""]",60,10,2025-10-25 21:09:20,en,How do you measure the success of {keyword} projects?,0.64,0.4716227231875889,0.88
8601093,portfolio management,economics,How do economic conditions affect portfolio management performance?,troubleshooting,Advanced,"[""Introduction to portfolio management"", ""Key points and analysis"", ""Practical examples"", ""Expert insights"", ""Action items"", ""Conclusion""]","[""finance"", ""portfolio"", ""troubleshooting"", ""management"", ""business"", ""economics""]",4,Professional Investors & Advisors,"[""investment planning"", ""financial modeling"", ""market analysis""]",67,8,2025-10-25 21:09:20,en,How do economic conditions affect {keyword} performance?,0.89,0.8929833103668138,0.86
8601094,data science,it,What certifications are valuable for data science professionals?,troubleshooting,Intermediate,"[""Introduction to data science"", ""Key points and analysis"", ""Practical examples"", ""Expert insights"", ""Action items"", ""Conclusion""]","[""technology"", ""it"", ""programming"", ""troubleshooting"", ""science"", ""data""]",4,Junior to Mid-level Developers,"[""machine learning"", ""cloud computing"", ""cybersecurity"", ""web development""]",64,8,2025-10-25 21:09:20,en,What certifications are valuable for {keyword} professionals?,0.71,0.7579782413216366,0.5
8601095,market analysis,economics,What exit strategies should be considered for market analysis?,strategy,Beginner,"[""Introduction to market analysis"", ""Key points and analysis"", ""Practical examples"", ""Expert insights"", ""Action items"", ""Conclusion""]","[""finance"", ""analysis"", ""market"", ""strategy"", ""economics""]",4,Students & New Investors,"[""portfolio management"", ""investment planning"", ""financial modeling""]",62,9,2025-10-25 21:09:20,en,What exit strategies should be considered for {keyword}?,0.82,0.3605615863093967,0.61
8601096,machine learning,it,What are the key components of a machine learning implementation?,strategy,Advanced,"[""Introduction to machine learning"", ""Key concepts and definitions"", ""Main categories or types"", ""Examples and case studies"", ""Benefits and advantages"", ""Summary and recommendations""]","[""development"", ""it"", ""learning"", ""strategy"", ""machine"", ""technology""]",6,Senior Developers & Tech Leads,"[""cybersecurity"", ""cloud computing"", ""web development"", ""data science""]",65,10,2025-10-25 21:09:20,en,What are the key components of a {keyword} implementation?,0.71,0.9280921989755002,0.41
8601097,portfolio management,economics,What metrics are most important for portfolio management?,evaluation,Advanced,"[""Introduction to portfolio management"", ""Key points and analysis"", ""Practical examples"", ""Expert insights"", ""Action items"", ""Conclusion""]","[""finance"", ""portfolio"", ""management"", ""evaluation"", ""market"", ""economics""]",4,Professional Investors & Advisors,"[""financial modeling"", ""market analysis"", ""investment planning""]",57,8,2025-10-25 21:09:20,en,What metrics are most important for {keyword}?,0.88,0.9557601544840497,0.8
8601098,portfolio management,economics,What tools help analyze portfolio management data?,comparison,Advanced,"[""Introduction to portfolio management"", ""Key points and analysis"", ""Practical examples"", ""Expert insights"", ""Action items"", ""Conclusion""]","[""finance"", ""portfolio"", ""comparison"", ""management"", ""market"", ""economics""]",4,Professional Investors & Advisors,"[""investment planning"", ""financial modeling"", ""market analysis""]",50,7,2025-10-25 21:09:20,en,What tools help analyze {keyword} data?,0.93,0.87518759226733,0.57
8601099,portfolio management,economics,How do you measure portfolio management performance?,implementation,Beginner,"[""Overview of portfolio management"", ""Step-by-step implementation"", ""Best practices and tips"", ""Common challenges and solutions"", ""Tools and resources needed"", ""Conclusion and next steps""]","[""investment"", ""implementation"", ""portfolio"", ""management"", ""business"", ""economics""]",6,Students & New Investors,"[""investment planning"", ""market analysis"", ""financial modeling""]",52,7,2025-10-25 21:09:20,en,How do you measure {keyword} performance?,0.61,0.4834680479413186,0.63
8601100,data science,it,What design patterns work best with data science?,planning,Beginner,"[""Introduction to data science"", ""Key points and analysis"", ""Practical examples"", ""Expert insights"", ""Action items"", ""Conclusion""]","[""technology"", ""planning"", ""it"", ""programming"", ""science"", ""data""]",4,Students & Entry-level Developers,"[""web development"", ""cloud computing"", ""cybersecurity"", ""machine learning""]",49,8,2025-10-25 21:09:20,en,What design patterns work best with {keyword}?,0.62,0.4025312227475066,0.62
8601101,investment planning,economics,What metrics are most important for investment planning?,implementation,Expert,"[""Introduction to investment planning"", ""Key points and analysis"", ""Practical examples"", ""Expert insights"", ""Action items"", ""Conclusion""]","[""investment"", ""planning"", ""implementation"", ""market"", ""economics""]",4,Portfolio Managers & Financial Experts,"[""market analysis"", ""financial modeling"", ""portfolio management""]",56,8,2025-10-25 21:09:20,en,What metrics are most important for {keyword}?,0.79,1.0,0.73
8601102,social media,marketing,What content types work best for social media?,analysis,Expert,"[""Introduction to social media"", ""Key points and analysis"", ""Practical examples"", ""Expert insights"", ""Action items"", ""Conclusion""]","[""analysis"", ""media"", ""promotion"", ""marketing"", ""digital"", ""social""]",4,Marketing Directors & CMOs,"[""brand management"", ""digital marketing"", ""content marketing""]",46,8,2025-10-25 21:09:20,en,What content types work best for {keyword}?,0.84,1.0,0.42
8601103,cloud computing,it,What is the recommended architecture for cloud computing systems?,planning,Beginner,"[""Introduction to cloud computing"", ""Key points and analysis"", ""Practical examples"", ""Expert insights"", ""Action items"", ""Conclusion""]","[""computing"", ""planning"", ""it"", ""programming"", ""cloud"", ""technology""]",4,Students & Entry-level Developers,"[""cybersecurity"", ""machine learning"", ""web development"", ""data science""]",65,9,2025-10-25 21:09:20,en,What is the recommended architecture for {keyword} systems?,0.75,0.44491587651842346,0.77
8601104,web development,it,What are the key components of a web development implementation?,strategy,Expert,"[""Introduction to web development"", ""Key concepts and definitions"", ""Main categories or types"", ""Examples and case studies"", ""Benefits and advantages"", ""Summary and recommendations""]","[""technology"", ""development"", ""it"", ""programming"", ""strategy"", ""web""]",6,Architects & Technical Directors,"[""cloud computing"", ""data science"", ""cybersecurity"", ""machine learning""]",64,10,2025-10-25 21:09:20,en,What are the key components of a {keyword} implementation?,0.76,1.0,0.59
8601105,brand management,marketing,What A/B tests should you run for brand management?,implementation,Advanced,"[""Introduction to brand management"", ""Key points and analysis"", ""Practical examples"", ""Expert insights"", ""Action items"", ""Conclusion""]","[""implementation"", ""promotion"", ""marketing"", ""management"", ""advertising"", ""brand""]",4,Marketing Managers & Strategists,"[""content marketing"", ""digital marketing"", ""social media""]",51,9,2025-10-25 21:09:20,en,What A/B tests should you run for {keyword}?,0.64,0.9240308099636111,0.87
8601106,content marketing,marketing,How do you reach new customers through content marketing?,implementation,Expert,"[""Overview of content marketing"", ""Step-by-step implementation"", ""Best practices and tips"", ""Common challenges and solutions"", ""Tools and resources needed"", ""Conclusion and next steps""]","[""content"", ""implementation"", ""marketing"", ""advertising"", ""branding""]",6,Marketing Directors & CMOs,"[""brand management"", ""social media"", ""digital marketing""]",57,9,2025-10-25 21:09:20,en,How do you reach new customers through {keyword}?,0.67,1.0,0.86
8601107,cybersecurity,it,Which frameworks support cybersecurity implementation?,comparison,Intermediate,"[""Introduction to cybersecurity"", ""Key points and analysis"", ""Practical examples"", ""Expert insights"", ""Action items"", ""Conclusion""]","[""software"", ""development"", ""it"", ""comparison"", ""cybersecurity""]",4,Junior to Mid-level Developers,"[""web development"", ""cloud computing"", ""data science"", ""machine learning""]",54,5,2025-10-25 21:09:20,en,Which frameworks support {keyword} implementation?,0.63,0.6817129225940546,0.58
8601108,social media,marketing,How do you automate social media processes?,troubleshooting,Advanced,"[""Overview of social media"", ""Step-by-step implementation"", ""Best practices and tips"", ""Common challenges and solutions"", ""Tools and resources needed"", ""Conclusion and next steps""]","[""media"", ""troubleshooting"", ""marketing"", ""digital"", ""social"", ""branding""]",6,Marketing Managers & Strategists,"[""content marketing"", ""digital marketing"", ""brand management""]",43,7,2025-10-25 21:09:20,en,How do you automate {keyword} processes?,0.64,0.937661797274844,0.68
8601109,content marketing,marketing,How do you develop an effective content marketing strategy?,troubleshooting,Beginner,"[""Overview of content marketing"", ""Step-by-step implementation"", ""Best practices and tips"", ""Common challenges and solutions"", ""Tools and resources needed"", ""Conclusion and next steps""]","[""content"", ""promotion"", ""troubleshooting"", ""marketing"", ""digital""]",6,Marketing Students & Interns,"[""social media"", ""brand management"", ""digital marketing""]",59,9,2025-10-25 21:09:20,en,How do you develop an effective {keyword} strategy?,0.68,0.4594275148408685,0.34
8601110,cybersecurity,it,What career opportunities exist in cybersecurity?,analysis,Expert,"[""Introduction to cybersecurity"", ""Key points and analysis"", ""Practical examples"", ""Expert insights"", ""Action items"", ""Conclusion""]","[""development"", ""analysis"", ""it"", ""programming"", ""cybersecurity""]",4,Architects & Technical Directors,"[""data science"", ""cloud computing"", ""machine learning"", ""web development""]",49,6,2025-10-25 21:09:20,en,What career opportunities exist in {keyword}?,0.74,1.0,0.63
8601111,social media,marketing,How do you innovate within social media?,planning,Advanced,"[""Overview of social media"", ""Step-by-step implementation"", ""Best practices and tips"", ""Common challenges and solutions"", ""Tools and resources needed"", ""Conclusion and next steps""]","[""planning"", ""media"", ""marketing"", ""digital"", ""social"", ""advertising""]",6,Marketing Managers & Strategists,"[""brand management"", ""content marketing"", ""digital marketing""]",40,7,2025-10-25 21:09:20,en,How do you innovate within {keyword}?,0.85,0.8528967183374181,0.52
8601112,digital marketing,marketing,What emerging platforms support digital marketing?,planning,Intermediate,"[""Introduction to digital marketing"", ""Key points and analysis"", ""Practical examples"", ""Expert insights"", ""Action items"", ""Conclusion""]","[""marketing"", ""advertising"", ""planning"", ""digital""]",4,Marketing Coordinators & Specialists,"[""brand management"", ""social media"", ""content marketing""]",50,6,2025-10-25 21:09:20,en,What emerging platforms support {keyword}?,0.82,0.6712016566063981,0.37
8601113,brand management,marketing,What timing strategies work for brand management?,evaluation,Expert,"[""Introduction to brand management"", ""Key points and analysis"", ""Practical examples"", ""Expert insights"", ""Action items"", ""Conclusion""]","[""promotion"", ""marketing"", ""management"", ""advertising"", ""evaluation"", ""brand""]",4,Marketing Directors & CMOs,"[""content marketing"", ""digital marketing"", ""social media""]",49,7,2025-10-25 21:09:20,en,What timing strategies work for {keyword}?,0.93,1.0,0.67
8601114,portfolio management,economics,How do you diversify your portfolio using portfolio management?,planning,Advanced,"[""Overview of portfolio management"", ""Step-by-step implementation"", ""Best practices and tips"", ""Common challenges and solutions"", ""Tools and resources needed"", ""Conclusion and next steps""]","[""planning"", ""finance"", ""portfolio"", ""management"", ""market"", ""economics""]",6,Professional Investors & Advisors,"[""investment planning"", ""financial modeling"", ""market analysis""]",63,9,2025-10-25 21:09:20,en,How do you diversify your portfolio using {keyword}?,0.6,0.9072196425695707,0.47
8601115,brand management,marketing,What content types work best for brand management?,comparison,Advanced,"[""Introduction to brand management"", ""Key points and analysis"", ""Practical examples"", ""Expert insights"", ""Action items"", ""Conclusion""]","[""promotion"", ""comparison"", ""marketing"", ""management"", ""advertising"", ""brand""]",4,Marketing Managers & Strategists,"[""social media"", ""digital marketing"", ""content marketing""]",50,8,2025-10-25 21:09:20,en,What content types work best for {keyword}?,0.72,0.9288893538042191,0.61
8601116,brand management,marketing,How do you reach new customers through brand management?,analysis,Expert,"[""Overview of brand management"", ""Step-by-step implementation"", ""Best practices and tips"", ""Common challenges and solutions"", ""Tools and resources needed"", ""Conclusion and next steps""]","[""analysis"", ""promotion"", ""marketing"", ""management"", ""advertising"", ""brand""]",6,Marketing Directors & CMOs,"[""social media"", ""content marketing"", ""digital marketing""]",56,9,2025-10-25 21:09:20,en,How do you reach new customers through {keyword}?,0.86,1.0,0.64
8601117,content marketing,marketing,What content types work best for content marketing?,troubleshooting,Intermediate,"[""Introduction to content marketing"", ""Key points and analysis"", ""Practical examples"", ""Expert insights"", ""Action items"", ""Conclusion""]","[""content"", ""promotion"", ""troubleshooting"", ""marketing"", ""digital""]",4,Marketing Coordinators & Specialists,"[""digital marketing"", ""social media"", ""brand management""]",51,8,2025-10-25 21:09:20,en,What content types work best for {keyword}?,0.74,0.6097779164496383,0.42
8601118,cybersecurity,it,What security considerations should be taken when using cybersecurity?,troubleshooting,Beginner,"[""Introduction to cybersecurity"", ""Key points and analysis"", ""Practical examples"", ""Expert insights"", ""Action items"", ""Conclusion""]","[""development"", ""it"", ""programming"", ""troubleshooting"", ""cybersecurity""]",4,Students & Entry-level Developers,"[""cloud computing"", ""web development"", ""machine learning"", ""data science""]",70,9,2025-10-25 21:09:20,en,What security considerations should be taken when using {keyword}?,0.63,0.30962695611247787,0.42
8601119,portfolio management,economics,How do you create a long-term plan for portfolio management?,optimization,Intermediate,"[""Overview of portfolio management"", ""Step-by-step implementation"", ""Best practices and tips"", ""Common challenges and solutions"", ""Tools and resources needed"", ""Conclusion and next steps""]","[""investment"", ""portfolio"", ""management"", ""market"", ""optimization"", ""economics""]",6,Individual Investors & Analysts,"[""financial modeling"", ""investment planning"", ""market analysis""]",60,10,2025-10-25 21:09:20,en,How do you create a long-term plan for {keyword}?,0.88,0.7028398490908458,0.76
8601120,investment planning,economics,What is the optimal allocation for investment planning in a portfolio?,strategy,Expert,"[""Introduction to investment planning"", ""Key points and analysis"", ""Practical examples"", ""Expert insights"", ""Action items"", ""Conclusion""]","[""investment"", ""planning"", ""finance"", ""business"", ""strategy"", ""economics""]",4,Portfolio Managers & Financial Experts,"[""market analysis"", ""portfolio management"", ""financial modeling""]",70,11,2025-10-25 21:09:20,en,What is the optimal allocation for {keyword} in a portfolio?,0.63,1.0,0.45
8601121,portfolio management,economics,How do you protect your portfolio management investments?,evaluation,Beginner,"[""Overview of portfolio management"", ""Step-by-step implementation"", ""Best practices and tips"", ""Common challenges and solutions"", ""Tools and resources needed"", ""Conclusion and next steps""]","[""investment"", ""finance"", ""portfolio"", ""management"", ""evaluation"", ""economics""]",6,Students & New Investors,"[""financial modeling"", ""investment planning"", ""market analysis""]",57,8,2025-10-25 21:09:20,en,How do you protect your {keyword} investments?,0.71,0.48157530824218175,0.76
8601122,brand management,marketing,How do you measure the ROI of brand management campaigns?,evaluation,Beginner,"[""Overview of brand management"", ""Step-by-step implementation"", ""Best practices and tips"", ""Common challenges and solutions"", ""Tools and resources needed"", ""Conclusion and next steps""]","[""promotion"", ""marketing"", ""management"", ""advertising"", ""evaluation"", ""brand""]",6,Marketing Students & Interns,"[""digital marketing"", ""content marketing"", ""social media""]",57,10,2025-10-25 21:09:20,en,How do you measure the ROI of {keyword} campaigns?,0.94,0.3010806303746021,0.74
8601123,web development,it,How do you choose the right technology stack for web development?,planning,Intermediate,"[""Overview of web development"", ""Step-by-step implementation"", ""Best practices and tips"", ""Common challenges and solutions"", ""Tools and resources needed"", ""Conclusion and next steps""]","[""planning"", ""development"", ""web"", ""it"", ""technology""]",6,Junior to Mid-level Developers,"[""data science"", ""cybersecurity"", ""cloud computing"", ""machine learning""]",65,11,2025-10-25 21:09:20,en,How do you choose the right technology stack for {keyword}?,0.87,0.7047695947831036,0.75
8601124,investment planning,economics,What strategies work best for investment planning investment?,optimization,Advanced,"[""Introduction to investment planning"", ""Key points and analysis"", ""Practical examples"", ""Expert insights"", ""Action items"", ""Conclusion""]","[""investment"", ""planning"", ""finance"", ""optimization"", ""economics""]",4,Professional Investors & Advisors,"[""market analysis"", ""portfolio management"", ""financial modeling""]",61,8,2025-10-25 21:09:20,en,What strategies work best for {keyword} investment?,0.65,0.9577560918616383,0.74
8601125,market analysis,economics,How do economic conditions affect market analysis performance?,evaluation,Intermediate,"[""Introduction to market analysis"", ""Key points and analysis"", ""Practical examples"", ""Expert insights"", ""Action items"", ""Conclusion""]","[""analysis"", ""finance"", ""evaluation"", ""market"", ""business"", ""economics""]",4,Individual Investors & Analysts,"[""portfolio management"", ""investment planning"", ""financial modeling""]",62,8,2025-10-25 21:09:20,en,How do economic conditions affect {keyword} performance?,0.86,0.6933861190069643,0.44
8601126,cloud computing,it,How do you choose the right technology stack for cloud computing?,planning,Intermediate,"[""Overview of cloud computing"", ""Step-by-step implementation"", ""Best practices and tips"", ""Common challenges and solutions"", ""Tools and resources needed"", ""Conclusion and next steps""]","[""computing"", ""planning"", ""it"", ""programming"", ""cloud"", ""technology""]",6,Junior to Mid-level Developers,"[""data science"", ""cybersecurity"", ""machine learning"", ""web development""]",65,11,2025-10-25 21:09:20,en,How do you choose the right technology stack for {keyword}?,0.7,0.6643237718492618,0.31
8601127,cloud computing,it,How do you design a scalable cloud computing solution?,evaluation,Advanced,"[""Overview of cloud computing"", ""Step-by-step implementation"", ""Best practices and tips"", ""Common challenges and solutions"", ""Tools and resources needed"", ""Conclusion and next steps""]","[""computing"", ""development"", ""it"", ""programming"", ""evaluation"", ""cloud""]",6,Senior Developers & Tech Leads,"[""data science"", ""web development"", ""machine learning"", ""cybersecurity""]",54,9,2025-10-25 21:09:20,en,How do you design a scalable {keyword} solution?,0.86,0.9926172606964692,0.47
8601128,investment planning,economics,What indicators predict investment planning market movements?,comparison,Advanced,"[""Introduction to investment planning"", ""Key points and analysis"", ""Practical examples"", ""Expert insights"", ""Action items"", ""Conclusion""]","[""investment"", ""planning"", ""finance"", ""comparison"", ""economics""]",4,Professional Investors & Advisors,"[""portfolio management"", ""market analysis"", ""financial modeling""]",61,7,2025-10-25 21:09:20,en,What indicators predict {keyword} market movements?,0.78,0.9952087209573883,0.65
8601129,financial modeling,economics,What are the risks associated with financial modeling?,evaluation,Beginner,"[""Introduction to financial modeling"", ""Key concepts and definitions"", ""Main categories or types"", ""Examples and case studies"", ""Benefits and advantages"", ""Summary and recommendations""]","[""modeling"", ""financial"", ""evaluation"", ""market"", ""business"", ""economics""]",6,Students & New Investors,"[""market analysis"", ""investment planning"", ""portfolio management""]",54,8,2025-10-25 21:09:20,en,What are the risks associated with {keyword}?,0.71,0.3915455154894041,0.84
8601130,machine learning,it,What certifications are valuable for machine learning professionals?,best_practice,Advanced,"[""Introduction to machine learning"", ""Key points and analysis"", ""Practical examples"", ""Expert insights"", ""Action items"", ""Conclusion""]","[""software"", ""it"", ""best_practice"", ""learning"", ""machine"", ""technology""]",4,Senior Developers & Tech Leads,"[""cloud computing"", ""cybersecurity"", ""web development"", ""data science""]",68,8,2025-10-25 21:09:20,en,What certifications are valuable for {keyword} professionals?,0.84,0.912633324348434,0.66
8601131,market analysis,economics,What are the seasonal patterns in market analysis?,implementation,Intermediate,"[""Introduction to market analysis"", ""Key concepts and definitions"", ""Main categories or types"", ""Examples and case studies"", ""Benefits and advantages"", ""Summary and recommendations""]","[""analysis"", ""implementation"", ""market"", ""business"", ""economics""]",6,Individual Investors & Analysts,"[""investment planning"", ""financial modeling"", ""portfolio management""]",50,8,2025-10-25 21:09:20,en,What are the seasonal patterns in {keyword}?,0.87,0.7286498066657947,0.73
8601132,brand management,marketing,What emerging platforms support brand management?,troubleshooting,Intermediate,"[""Introduction to brand management"", ""Key points and analysis"", ""Practical examples"", ""Expert insights"", ""Action items"", ""Conclusion""]","[""troubleshooting"", ""marketing"", ""management"", ""digital"", ""branding"", ""brand""]",4,Marketing Coordinators & Specialists,"[""content marketing"", ""social media"", ""digital marketing""]",49,6,2025-10-25 21:09:20,en,What emerging platforms support {keyword}?,0.72,0.7623731646072701,0.38
8601133,investment planning,economics,What exit strategies should be considered for investment planning?,planning,Expert,"[""Introduction to investment planning"", ""Key points and analysis"", ""Practical examples"", ""Expert insights"", ""Action items"", ""Conclusion""]","[""investment"", ""economics"", ""planning"", ""finance""]",4,Portfolio Managers & Financial Experts,"[""portfolio management"", ""financial modeling"", ""market analysis""]",66,9,2025-10-25 21:09:20,en,What exit strategies should be considered for {keyword}?,0.72,1.0,0.68
8601134,portfolio management,economics,What tools help analyze portfolio management data?,best_practice,Expert,"[""Introduction to portfolio management"", ""Key points and analysis"", ""Practical examples"", ""Expert insights"", ""Action items"", ""Conclusion""]","[""portfolio"", ""best_practice"", ""management"", ""market"", ""business"", ""economics""]",4,Portfolio Managers & Financial Experts,"[""financial modeling"", ""market analysis"", ""investment planning""]",50,7,2025-10-25 21:09:20,en,What tools help analyze {keyword} data?,0.63,1.0,0.54
8601135,cybersecurity,it,How does cybersecurity impact business operations?,optimization,Beginner,"[""Introduction to cybersecurity"", ""Key points and analysis"", ""Practical examples"", ""Expert insights"", ""Action items"", ""Conclusion""]","[""software"", ""it"", ""programming"", ""optimization"", ""cybersecurity""]",4,Students & Entry-level Developers,"[""web development"", ""data science"", ""cloud computing"", ""machine learning""]",50,6,2025-10-25 21:09:20,en,How does {keyword} impact business operations?,0.66,0.426621089045379,0.64
8601136,portfolio management,economics,What timeline is realistic for portfolio management returns?,optimization,Intermediate,"[""Introduction to portfolio management"", ""Key points and analysis"", ""Practical examples"", ""Expert insights"", ""Action items"", ""Conclusion""]","[""portfolio"", ""management"", ""business"", ""market"", ""optimization"", ""economics""]",4,Individual Investors & Analysts,"[""investment planning"", ""financial modeling"", ""market analysis""]",60,8,2025-10-25 21:09:20,en,What timeline is realistic for {keyword} returns?,0.81,0.7791642028299457,0.57
8601137,investment planning,economics,What exit strategies should be considered for investment planning?,analysis,Intermediate,"[""Introduction to investment planning"", ""Key points and analysis"", ""Practical examples"", ""Expert insights"", ""Action items"", ""Conclusion""]","[""investment"", ""planning"", ""analysis"", ""market"", ""economics""]",4,Individual Investors & Analysts,"[""market analysis"", ""financial modeling"", ""portfolio management""]",66,9,2025-10-25 21:09:20,en,What exit strategies should be considered for {keyword}?,0.89,0.6164289217118228,0.47
8601138,machine learning,it,What are the best practices for machine learning development?,best_practice,Expert,"[""Introduction to machine learning"", ""Key concepts and definitions"", ""Main categories or types"", ""Examples and case studies"", ""Benefits and advantages"", ""Summary and recommendations""]","[""software"", ""development"", ""it"", ""best_practice"", ""learning"", ""machine""]",6,Architects & Technical Directors,"[""data science"", ""web development"", ""cloud computing"", ""cybersecurity""]",61,9,2025-10-25 21:09:20,en,What are the best practices for {keyword} development?,0.68,1.0,0.4
8601139,portfolio management,economics,How do you adjust your portfolio management strategy during volatility?,implementation,Expert,"[""Overview of portfolio management"", ""Step-by-step implementation"", ""Best practices and tips"", ""Common challenges and solutions"", ""Tools and resources needed"", ""Conclusion and next steps""]","[""investment"", ""implementation"", ""portfolio"", ""management"", ""business"", ""economics""]",6,Portfolio Managers & Financial Experts,"[""investment planning"", ""market analysis"", ""financial modeling""]",71,10,2025-10-25 21:09:20,en,How do you adjust your {keyword} strategy during volatility?,0.77,1.0,0.34
8601140,portfolio management,economics,How do economic conditions affect portfolio management performance?,planning,Beginner,"[""Introduction to portfolio management"", ""Key points and analysis"", ""Practical examples"", ""Expert insights"", ""Action items"", ""Conclusion""]","[""planning"", ""portfolio"", ""management"", ""market"", ""business"", ""economics""]",4,Students & New Investors,"[""investment planning"", ""market analysis"", ""financial modeling""]",67,8,2025-10-25 21:09:20,en,How do economic conditions affect {keyword} performance?,0.85,0.45321620618849856,0.62
8601141,digital marketing,marketing,How do you measure the ROI of digital marketing campaigns?,implementation,Expert,"[""Overview of digital marketing"", ""Step-by-step implementation"", ""Best practices and tips"", ""Common challenges and solutions"", ""Tools and resources needed"", ""Conclusion and next steps""]","[""implementation"", ""marketing"", ""promotion"", ""digital""]",6,Marketing Directors & CMOs,"[""social media"", ""brand management"", ""content marketing""]",58,10,2025-10-25 21:09:20,en,How do you measure the ROI of {keyword} campaigns?,0.94,1.0,0.7
8601142,cloud computing,it,How does cloud computing impact business operations?,troubleshooting,Intermediate,"[""Introduction to cloud computing"", ""Key points and analysis"", ""Practical examples"", ""Expert insights"", ""Action items"", ""Conclusion""]","[""computing"", ""development"", ""it"", ""programming"", ""troubleshooting"", ""cloud""]",4,Junior to Mid-level Developers,"[""cybersecurity"", ""machine learning"", ""web development"", ""data science""]",52,7,2025-10-25 21:09:20,en,How does {keyword} impact business operations?,0.78,0.7581938445731923,0.87
8601143,cybersecurity,it,How do you choose the right technology stack for cybersecurity?,troubleshooting,Intermediate,"[""Overview of cybersecurity"", ""Step-by-step implementation"", ""Best practices and tips"", ""Common challenges and solutions"", ""Tools and resources needed"", ""Conclusion and next steps""]","[""it"", ""programming"", ""troubleshooting"", ""cybersecurity"", ""technology""]",5,Junior to Mid-level Developers,"[""data science"", ""machine learning"", ""cloud computing"", ""web development""]",63,10,2025-10-25 21:09:20,en,How do you choose the right technology stack for {keyword}?,0.73,0.7154074061900633,0.88
8601144,machine learning,it,How do you stay updated with machine learning developments?,comparison,Intermediate,"[""Overview of machine learning"", ""Step-by-step implementation"", ""Best practices and tips"", ""Common challenges and solutions"", ""Tools and resources needed"", ""Conclusion and next steps""]","[""development"", ""it"", ""comparison"", ""learning"", ""machine"", ""technology""]",6,Junior to Mid-level Developers,"[""web development"", ""cybersecurity"", ""data science"", ""cloud computing""]",59,9,2025-10-25 21:09:20,en,How do you stay updated with {keyword} developments?,0.88,0.7461766417584028,0.37
8601145,cloud computing,it,What certifications are valuable for cloud computing professionals?,strategy,Expert,"[""Introduction to cloud computing"", ""Key points and analysis"", ""Practical examples"", ""Expert insights"", ""Action items"", ""Conclusion""]","[""computing"", ""cloud"", ""it"", ""programming"", ""strategy"", ""technology""]",4,Architects & Technical Directors,"[""cybersecurity"", ""data science"", ""web development"", ""machine learning""]",67,8,2025-10-25 21:09:20,en,What certifications are valuable for {keyword} professionals?,0.79,1.0,0.46
8601146,digital marketing,marketing,What emerging platforms support digital marketing?,implementation,Intermediate,"[""Introduction to digital marketing"", ""Key points and analysis"", ""Practical examples"", ""Expert insights"", ""Action items"", ""Conclusion""]","[""implementation"", ""marketing"", ""digital"", ""advertising"", ""branding""]",4,Marketing Coordinators & Specialists,"[""social media"", ""content marketing"", ""brand management""]",50,6,2025-10-25 21:09:20,en,What emerging platforms support {keyword}?,0.87,0.7654764227139272,0.43
8601147,brand management,marketing,What KPIs are most important for brand management?,analysis,Expert,"[""Introduction to brand management"", ""Key points and analysis"", ""Practical examples"", ""Expert insights"", ""Action items"", ""Conclusion""]","[""analysis"", ""marketing"", ""management"", ""advertising"", ""digital"", ""brand""]",4,Marketing Directors & CMOs,"[""content marketing"", ""social media"", ""digital marketing""]",50,8,2025-10-25 21:09:20,en,What KPIs are most important for {keyword}?,0.65,1.0,0.63
8601148,web development,it,What security considerations should be taken when using web development?,troubleshooting,Expert,"[""Introduction to web development"", ""Key points and analysis"", ""Practical examples"", ""Expert insights"", ""Action items"", ""Conclusion""]","[""software"", ""development"", ""it"", ""programming"", ""troubleshooting"", ""web""]",4,Architects & Technical Directors,"[""cybersecurity"", ""cloud computing"", ""data science"", ""machine learning""]",72,10,2025-10-25 21:09:20,en,What security considerations should be taken when using {keyword}?,0.93,1.0,0.63
8601149,portfolio management,economics,How do you protect your portfolio management investments?,analysis,Intermediate,"[""Overview of portfolio management"", ""Step-by-step implementation"", ""Best practices and tips"", ""Common challenges and solutions"", ""Tools and resources needed"", ""Conclusion and next steps""]","[""investment"", ""analysis"", ""finance"", ""portfolio"", ""management"", ""economics""]",6,Individual Investors & Analysts,"[""market analysis"", ""financial modeling"", ""investment planning""]",57,8,2025-10-25 21:09:20,en,How do you protect your {keyword} investments?,0.84,0.6368381091885841,0.46
8601150,web development,it,How do you troubleshoot common issues with web development?,best_practice,Advanced,"[""Overview of web development"", ""Step-by-step implementation"", ""Best practices and tips"", ""Common challenges and solutions"", ""Tools and resources needed"", ""Conclusion and next steps""]","[""technology"", ""development"", ""it"", ""programming"", ""best_practice"", ""web""]",6,Senior Developers & Tech Leads,"[""data science"", ""cybersecurity"", ""cloud computing"", ""machine learning""]",59,9,2025-10-25 21:09:20,en,How do you troubleshoot common issues with {keyword}?,0.66,0.9530487496613969,0.65
8601151,digital marketing,marketing,What emerging platforms support digital marketing?,analysis,Expert,"[""Introduction to digital marketing"", ""Key points and analysis"", ""Practical examples"", ""Expert insights"", ""Action items"", ""Conclusion""]","[""marketing"", ""promotion"", ""analysis"", ""digital""]",4,Marketing Directors & CMOs,"[""brand management"", ""social media"", ""content marketing""]",50,6,2025-10-25 21:09:20,en,What emerging platforms support {keyword}?,0.87,1.0,0.58
8601152,cloud computing,it,What are the latest trends in cloud computing technology?,analysis,Beginner,"[""Introduction to cloud computing"", ""Key concepts and definitions"", ""Main categories or types"", ""Examples and case studies"", ""Benefits and advantages"", ""Summary and recommendations""]","[""computing"", ""software"", ""analysis"", ""it"", ""programming"", ""cloud""]",6,Students & Entry-level Developers,"[""web development"", ""machine learning"", ""cybersecurity"", ""data science""]",57,9,2025-10-25 21:09:20,en,What are the latest trends in {keyword} technology?,0.73,0.30676890994891015,0.58
8601153,digital marketing,marketing,How do you identify the right audience for digital marketing?,how_to,Expert,"[""Overview of digital marketing"", ""Step-by-step implementation"", ""Best practices and tips"", ""Common challenges and solutions"", ""Tools and resources needed"", ""Conclusion and next steps""]","[""marketing"", ""how_to"", ""advertising"", ""digital""]",6,Marketing Directors & CMOs,"[""brand management"", ""social media"", ""content marketing""]",61,10,2025-10-25 21:09:20,en,How do you identify the right audience for {keyword}?,0.89,1.0,0.57
8601154,market analysis,economics,How do you assess and manage market analysis risks?,optimization,Intermediate,"[""Overview of market analysis"", ""Step-by-step implementation"", ""Best practices and tips"", ""Common challenges and solutions"", ""Tools and resources needed"", ""Conclusion and next steps""]","[""analysis"", ""finance"", ""business"", ""market"", ""optimization"", ""economics""]",6,Individual Investors & Analysts,"[""financial modeling"", ""portfolio management"", ""investment planning""]",51,9,2025-10-25 21:09:20,en,How do you assess and manage {keyword} risks?,0.94,0.7797598028309838,0.88
8601155,data science,it,What career opportunities exist in data science?,comparison,Beginner,"[""Introduction to data science"", ""Key points and analysis"", ""Practical examples"", ""Expert insights"", ""Action items"", ""Conclusion""]","[""development"", ""it"", ""comparison"", ""programming"", ""science"", ""data""]",4,Students & Entry-level Developers,"[""cybersecurity"", ""cloud computing"", ""machine learning"", ""web development""]",48,7,2025-10-25 21:09:20,en,What career opportunities exist in {keyword}?,0.74,0.31012403108562503,0.69
8601156,machine learning,it,What tools are essential for machine learning development?,how_to,Intermediate,"[""Introduction to machine learning"", ""Key points and analysis"", ""Practical examples"", ""Expert insights"", ""Action items"", ""Conclusion""]","[""how_to"", ""software"", ""it"", ""programming"", ""learning"", ""machine""]",4,Junior to Mid-level Developers,"[""data science"", ""cloud computing"", ""cybersecurity"", ""web development""]",58,8,2025-10-25 21:09:20,en,What tools are essential for {keyword} development?,0.84,0.6432257291892441,0.59
8601157,cloud computing,it,What are the latest trends in cloud computing technology?,evaluation,Advanced,"[""Introduction to cloud computing"", ""Key concepts and definitions"", ""Main categories or types"", ""Examples and case studies"", ""Benefits and advantages"", ""Summary and recommendations""]","[""computing"", ""software"", ""development"", ""it"", ""evaluation"", ""cloud""]",6,Senior Developers & Tech Leads,"[""web development"", ""data science"", ""cybersecurity"", ""machine learning""]",57,9,2025-10-25 21:09:20,en,What are the latest trends in {keyword} technology?,0.86,0.8118624755277989,0.54
8601158,financial modeling,economics,How do you adjust your financial modeling strategy during volatility?,strategy,Beginner,"[""Overview of financial modeling"", ""Step-by-step implementation"", ""Best practices and tips"", ""Common challenges and solutions"", ""Tools and resources needed"", ""Conclusion and next steps""]","[""investment"", ""finance"", ""modeling"", ""financial"", ""strategy"", ""economics""]",6,Students & New Investors,"[""portfolio management"", ""investment planning"", ""market analysis""]",69,10,2025-10-25 21:09:20,en,How do you adjust your {keyword} strategy during volatility?,0.71,0.45642968376190296,0.69
8601159,financial modeling,economics,How does global economics impact financial modeling?,analysis,Advanced,"[""Introduction to financial modeling"", ""Key points and analysis"", ""Practical examples"", ""Expert insights"", ""Action items"", ""Conclusion""]","[""investment"", ""analysis"", ""modeling"", ""financial"", ""business"", ""economics""]",4,Professional Investors & Advisors,"[""portfolio management"", ""market analysis"", ""investment planning""]",52,7,2025-10-25 21:09:20,en,How does global economics impact {keyword}?,0.78,0.9930731278084232,0.83
8601160,machine learning,it,What skills are needed to master machine learning?,troubleshooting,Intermediate,"[""Introduction to machine learning"", ""Key points and analysis"", ""Practical examples"", ""Expert insights"", ""Action items"", ""Conclusion""]","[""development"", ""it"", ""troubleshooting"", ""learning"", ""machine"", ""technology""]",4,Junior to Mid-level Developers,"[""cloud computing"", ""web development"", ""data science"", ""cybersecurity""]",50,8,2025-10-25 21:09:20,en,What skills are needed to master {keyword}?,0.81,0.6217652560820848,0.61
8601161,machine learning,it,How do you implement machine learning in a production environment?,troubleshooting,Beginner,"[""Overview of machine learning"", ""Step-by-step implementation"", ""Best practices and tips"", ""Common challenges and solutions"", ""Tools and resources needed"", ""Conclusion and next steps""]","[""software"", ""it"", ""troubleshooting"", ""learning"", ""machine"", ""technology""]",6,Students & Entry-level Developers,"[""cybersecurity"", ""data science"", ""cloud computing"", ""web development""]",66,10,2025-10-25 21:09:20,en,How do you implement {keyword} in a production environment?,0.63,0.3314470353046305,0.69
8601162,data science,it,How do you implement data science in a production environment?,analysis,Advanced,"[""Overview of data science"", ""Step-by-step implementation"", ""Best practices and tips"", ""Common challenges and solutions"", ""Tools and resources needed"", ""Conclusion and next steps""]","[""technology"", ""software"", ""analysis"", ""it"", ""science"", ""data""]",6,Senior Developers & Tech Leads,"[""cybersecurity"", ""cloud computing"", ""web development"", ""machine learning""]",62,10,2025-10-25 21:09:20,en,How do you implement {keyword} in a production environment?,0.64,0.8623243677866801,0.64
8601163,investment planning,economics,What indicators predict investment planning market movements?,how_to,Expert,"[""Introduction to investment planning"", ""Key points and analysis"", ""Practical examples"", ""Expert insights"", ""Action items"", ""Conclusion""]","[""investment"", ""how_to"", ""planning"", ""business"", ""economics""]",4,Portfolio Managers & Financial Experts,"[""market analysis"", ""portfolio management"", ""financial modeling""]",61,7,2025-10-25 21:09:20,en,What indicators predict {keyword} market movements?,0.71,1.0,0.72
8601164,cybersecurity,it,How do you stay updated with cybersecurity developments?,analysis,Beginner,"[""Overview of cybersecurity"", ""Step-by-step implementation"", ""Best practices and tips"", ""Common challenges and solutions"", ""Tools and resources needed"", ""Conclusion and next steps""]","[""software"", ""analysis"", ""it"", ""programming"", ""cybersecurity""]",5,Students & Entry-level Developers,"[""machine learning"", ""cloud computing"", ""data science"", ""web development""]",56,8,2025-10-25 21:09:20,en,How do you stay updated with {keyword} developments?,0.65,0.3917506565723715,0.79
8601165,content marketing,marketing,How do you identify the right audience for content marketing?,how_to,Beginner,"[""Overview of content marketing"", ""Step-by-step implementation"", ""Best practices and tips"", ""Common challenges and solutions"", ""Tools and resources needed"", ""Conclusion and next steps""]","[""how_to"", ""content"", ""marketing"", ""digital"", ""branding""]",6,Marketing Students & Interns,"[""brand management"", ""social media"", ""digital marketing""]",61,10,2025-10-25 21:09:20,en,How do you identify the right audience for {keyword}?,0.77,0.32007981197956936,0.65
8601166,investment planning,economics,How do you adjust your investment planning strategy during volatility?,implementation,Advanced,"[""Overview of investment planning"", ""Step-by-step implementation"", ""Best practices and tips"", ""Common challenges and solutions"", ""Tools and resources needed"", ""Conclusion and next steps""]","[""investment"", ""planning"", ""finance"", ""implementation"", ""economics""]",6,Professional Investors & Advisors,"[""market analysis"", ""portfolio management"", ""financial modeling""]",70,10,2025-10-25 21:09:20,en,How do you adjust your {keyword} strategy during volatility?,0.92,0.9993186939397467,0.65
8601167,portfolio management,economics,How do you adjust your portfolio management strategy during volatility?,evaluation,Advanced,"[""Overview of portfolio management"", ""Step-by-step implementation"", ""Best practices and tips"", ""Common challenges and solutions"", ""Tools and resources needed"", ""Conclusion and next steps""]","[""finance"", ""portfolio"", ""management"", ""evaluation"", ""market"", ""economics""]",6,Professional Investors & Advisors,"[""financial modeling"", ""market analysis"", ""investment planning""]",71,10,2025-10-25 21:09:20,en,How do you adjust your {keyword} strategy during volatility?,0.78,0.8128378705320074,0.47
8601168,data science,it,What are the latest trends in data science technology?,analysis,Beginner,"[""Introduction to data science"", ""Key concepts and definitions"", ""Main categories or types"", ""Examples and case studies"", ""Benefits and advantages"", ""Summary and recommendations""]","[""technology"", ""analysis"", ""it"", ""programming"", ""science"", ""data""]",6,Students & Entry-level Developers,"[""cybersecurity"", ""web development"", ""machine learning"", ""cloud computing""]",54,9,2025-10-25 21:09:20,en,What are the latest trends in {keyword} technology?,0.8,0.4041883192733407,0.65
8601169,social media,marketing,How do you measure the ROI of social media campaigns?,how_to,Beginner,"[""Overview of social media"", ""Step-by-step implementation"", ""Best practices and tips"", ""Common challenges and solutions"", ""Tools and resources needed"", ""Conclusion and next steps""]","[""how_to"", ""media"", ""promotion"", ""marketing"", ""digital"", ""social""]",6,Marketing Students & Interns,"[""content marketing"", ""digital marketing"", ""brand management""]",53,10,2025-10-25 21:09:20,en,How do you measure the ROI of {keyword} campaigns?,0.71,0.4188117060415763,0.39
8601170,social media,marketing,How do you identify the right audience for social media?,implementation,Beginner,"[""Overview of social media"", ""Step-by-step implementation"", ""Best practices and tips"", ""Common challenges and solutions"", ""Tools and resources needed"", ""Conclusion and next steps""]","[""media"", ""implementation"", ""marketing"", ""social"", ""advertising"", ""branding""]",6,Marketing Students & Interns,"[""digital marketing"", ""brand management"", ""content marketing""]",56,10,2025-10-25 21:09:20,en,How do you identify the right audience for {keyword}?,0.68,0.412078492508174,0.35
8601171,cybersecurity,it,How do you choose the right technology stack for cybersecurity?,troubleshooting,Intermediate,"[""Overview of cybersecurity"", ""Step-by-step implementation"", ""Best practices and tips"", ""Common challenges and solutions"", ""Tools and resources needed"", ""Conclusion and next steps""]","[""development"", ""it"", ""programming"", ""troubleshooting"", ""cybersecurity""]",5,Junior to Mid-level Developers,"[""data science"", ""web development"", ""cloud computing"", ""machine learning""]",63,10,2025-10-25 21:09:20,en,How do you choose the right technology stack for {keyword}?,0.83,0.7730171827181399,0.79
8601172,cloud computing,it,How do you get started with cloud computing as a beginner?,strategy,Advanced,"[""Overview of cloud computing"", ""Step-by-step implementation"", ""Best practices and tips"", ""Common challenges and solutions"", ""Tools and resources needed"", ""Conclusion and next steps""]","[""computing"", ""cloud"", ""it"", ""programming"", ""strategy"", ""technology""]",6,Senior Developers & Tech Leads,"[""data science"", ""web development"", ""machine learning"", ""cybersecurity""]",58,11,2025-10-25 21:09:20,en,How do you get started with {keyword} as a beginner?,0.9,0.9982325246645792,0.41
8601173,brand management,marketing,What emerging platforms support brand management?,implementation,Beginner,"[""Introduction to brand management"", ""Key points and analysis"", ""Practical examples"", ""Expert insights"", ""Action items"", ""Conclusion""]","[""implementation"", ""marketing"", ""digital"", ""management"", ""branding"", ""brand""]",4,Marketing Students & Interns,"[""content marketing"", ""digital marketing"", ""social media""]",49,6,2025-10-25 21:09:20,en,What emerging platforms support {keyword}?,0.87,0.3237343963451633,0.52
8601174,content marketing,marketing,What does the future hold for content marketing?,strategy,Intermediate,"[""Introduction to content marketing"", ""Key points and analysis"", ""Practical examples"", ""Expert insights"", ""Action items"", ""Conclusion""]","[""content"", ""promotion"", ""digital"", ""marketing"", ""strategy""]",4,Marketing Coordinators & Specialists,"[""digital marketing"", ""social media"", ""brand management""]",48,8,2025-10-25 21:09:20,en,What does the future hold for {keyword}?,0.67,0.6677015664105077,0.9
8601175,digital marketing,marketing,How do you optimize digital marketing for mobile users?,how_to,Intermediate,"[""Overview of digital marketing"", ""Step-by-step implementation"", ""Best practices and tips"", ""Common challenges and solutions"", ""Tools and resources needed"", ""Conclusion and next steps""]","[""how_to"", ""promotion"", ""marketing"", ""digital"", ""advertising""]",6,Marketing Coordinators & Specialists,"[""content marketing"", ""social media"", ""brand management""]",55,9,2025-10-25 21:09:20,en,How do you optimize {keyword} for mobile users?,0.77,0.6270691581552086,0.35
8601176,web development,it,How do you integrate web development with existing systems?,analysis,Beginner,"[""Overview of web development"", ""Step-by-step implementation"", ""Best practices and tips"", ""Common challenges and solutions"", ""Tools and resources needed"", ""Conclusion and next steps""]","[""technology"", ""software"", ""development"", ""analysis"", ""it"", ""web""]",6,Students & Entry-level Developers,"[""cloud computing"", ""data science"", ""cybersecurity"", ""machine learning""]",59,9,2025-10-25 21:09:20,en,How do you integrate {keyword} with existing systems?,0.71,0.34509834003050566,0.32
8601177,data science,it,How do you integrate data science with existing systems?,strategy,Intermediate,"[""Overview of data science"", ""Step-by-step implementation"", ""Best practices and tips"", ""Common challenges and solutions"", ""Tools and resources needed"", ""Conclusion and next steps""]","[""technology"", ""it"", ""programming"", ""science"", ""strategy"", ""data""]",6,Junior to Mid-level Developers,"[""machine learning"", ""cloud computing"", ""cybersecurity"", ""web development""]",56,9,2025-10-25 21:09:20,en,How do you integrate {keyword} with existing systems?,0.9,0.6606424883647621,0.77
8601178,web development,it,How do you optimize web development for different platforms?,best_practice,Advanced,"[""Overview of web development"", ""Step-by-step implementation"", ""Best practices and tips"", ""Common challenges and solutions"", ""Tools and resources needed"", ""Conclusion and next steps""]","[""technology"", ""software"", ""development"", ""it"", ""best_practice"", ""web""]",6,Senior Developers & Tech Leads,"[""cybersecurity"", ""data science"", ""cloud computing"", ""machine learning""]",60,9,2025-10-25 21:09:20,en,How do you optimize {keyword} for different platforms?,0.71,0.8979758001660734,0.78
8601179,financial modeling,economics,How do you hedge against financial modeling market downturns?,planning,Advanced,"[""Overview of financial modeling"", ""Step-by-step implementation"", ""Best practices and tips"", ""Common challenges and solutions"", ""Tools and resources needed"", ""Conclusion and next steps""]","[""planning"", ""finance"", ""modeling"", ""financial"", ""business"", ""economics""]",6,Professional Investors & Advisors,"[""portfolio management"", ""investment planning"", ""market analysis""]",61,9,2025-10-25 21:09:20,en,How do you hedge against {keyword} market downturns?,0.67,0.9448510799762502,0.43
8601180,content marketing,marketing,How do you reach new customers through content marketing?,troubleshooting,Advanced,"[""Overview of content marketing"", ""Step-by-step implementation"", ""Best practices and tips"", ""Common challenges and solutions"", ""Tools and resources needed"", ""Conclusion and next steps""]","[""content"", ""promotion"", ""troubleshooting"", ""marketing"", ""branding""]",6,Marketing Managers & Strategists,"[""social media"", ""digital marketing"", ""brand management""]",57,9,2025-10-25 21:09:20,en,How do you reach new customers through {keyword}?,0.85,0.8370239871483239,0.34
8601181,market analysis,economics,What factors should be considered when evaluating market analysis?,comparison,Expert,"[""Introduction to market analysis"", ""Key points and analysis"", ""Practical examples"", ""Expert insights"", ""Action items"", ""Conclusion""]","[""analysis"", ""finance"", ""comparison"", ""market"", ""business"", ""economics""]",4,Portfolio Managers & Financial Experts,"[""investment planning"", ""financial modeling"", ""portfolio management""]",66,9,2025-10-25 21:09:20,en,What factors should be considered when evaluating {keyword}?,0.62,1.0,0.81
8601182,cloud computing,it,How do you get started with cloud computing as a beginner?,analysis,Expert,"[""Overview of cloud computing"", ""Step-by-step implementation"", ""Best practices and tips"", ""Common challenges and solutions"", ""Tools and resources needed"", ""Conclusion and next steps""]","[""computing"", ""analysis"", ""it"", ""development"", ""programming"", ""cloud""]",6,Architects & Technical Directors,"[""data science"", ""machine learning"", ""cybersecurity"", ""web development""]",58,11,2025-10-25 21:09:20,en,How do you get started with {keyword} as a beginner?,0.93,1.0,0.4
8601183,content marketing,marketing,How do you measure the ROI of content marketing campaigns?,best_practice,Expert,"[""Overview of content marketing"", ""Step-by-step implementation"", ""Best practices and tips"", ""Common challenges and solutions"", ""Tools and resources needed"", ""Conclusion and next steps""]","[""content"", ""best_practice"", ""marketing"", ""digital"", ""advertising""]",6,Marketing Directors & CMOs,"[""digital marketing"", ""brand management"", ""social media""]",58,10,2025-10-25 21:09:20,en,How do you measure the ROI of {keyword} campaigns?,0.72,1.0,0.47
8601184,market analysis,economics,How do you assess and manage market analysis risks?,planning,Beginner,"[""Overview of market analysis"", ""Step-by-step implementation"", ""Best practices and tips"", ""Common challenges and solutions"", ""Tools and resources needed"", ""Conclusion and next steps""]","[""investment"", ""planning"", ""analysis"", ""market"", ""business"", ""economics""]",6,Students & New Investors,"[""investment planning"", ""financial modeling"", ""portfolio management""]",51,9,2025-10-25 21:09:20,en,How do you assess and manage {keyword} risks?,0.79,0.40498238763015143,0.53
8601185,digital marketing,marketing,How do you reach new customers through digital marketing?,how_to,Intermediate,"[""Overview of digital marketing"", ""Step-by-step implementation"", ""Best practices and tips"", ""Common challenges and solutions"", ""Tools and resources needed"", ""Conclusion and next steps""]","[""how_to"", ""promotion"", ""marketing"", ""digital"", ""advertising""]",6,Marketing Coordinators & Specialists,"[""brand management"", ""content marketing"", ""social media""]",57,9,2025-10-25 21:09:20,en,How do you reach new customers through {keyword}?,0.86,0.720939872282608,0.44
8601186,social media,marketing,What does the future hold for social media?,evaluation,Advanced,"[""Introduction to social media"", ""Key points and analysis"", ""Practical examples"", ""Expert insights"", ""Action items"", ""Conclusion""]","[""media"", ""promotion"", ""marketing"", ""digital"", ""social"", ""evaluation""]",4,Marketing Managers & Strategists,"[""digital marketing"", ""brand management"", ""content marketing""]",43,8,2025-10-25 21:09:20,en,What does the future hold for {keyword}?,0.9,0.9284143572557024,0.69
8601187,cybersecurity,it,How do you troubleshoot common issues with cybersecurity?,comparison,Beginner,"[""Overview of cybersecurity"", ""Step-by-step implementation"", ""Best practices and tips"", ""Common challenges and solutions"", ""Tools and resources needed"", ""Conclusion and next steps""]","[""it"", ""comparison"", ""programming"", ""cybersecurity"", ""technology""]",5,Students & Entry-level Developers,"[""data science"", ""machine learning"", ""web development"", ""cloud computing""]",57,8,2025-10-25 21:09:20,en,How do you troubleshoot common issues with {keyword}?,0.76,0.3985376614642702,0.77
8601188,cybersecurity,it,How do you get started with cybersecurity as a beginner?,comparison,Beginner,"[""Overview of cybersecurity"", ""Step-by-step implementation"", ""Best practices and tips"", ""Common challenges and solutions"", ""Tools and resources needed"", ""Conclusion and next steps""]","[""software"", ""it"", ""comparison"", ""cybersecurity"", ""technology""]",5,Students & Entry-level Developers,"[""data science"", ""machine learning"", ""cloud computing"", ""web development""]",56,10,2025-10-25 21:09:20,en,How do you get started with {keyword} as a beginner?,0.61,0.39731850103609834,0.57
8601189,market analysis,economics,What insurance options are available for market analysis?,planning,Beginner,"[""Introduction to market analysis"", ""Key points and analysis"", ""Practical examples"", ""Expert insights"", ""Action items"", ""Conclusion""]","[""investment"", ""planning"", ""finance"", ""analysis"", ""market"", ""economics""]",4,Students & New Investors,"[""investment planning"", ""portfolio management"", ""financial modeling""]",57,8,2025-10-25 21:09:20,en,What insurance options are available for {keyword}?,0.78,0.36925693221358047,0.65
8601190,machine learning,it,How does machine learning impact business operations?,planning,Advanced,"[""Introduction to machine learning"", ""Key points and analysis"", ""Practical examples"", ""Expert insights"", ""Action items"", ""Conclusion""]","[""planning"", ""it"", ""programming"", ""learning"", ""machine"", ""technology""]",4,Senior Developers & Tech Leads,"[""data science"", ""cybersecurity"", ""cloud computing"", ""web development""]",53,7,2025-10-25 21:09:20,en,How does {keyword} impact business operations?,0.73,0.9607010612012802,0.53
8601191,data science,it,How do you measure the success of data science projects?,troubleshooting,Intermediate,"[""Overview of data science"", ""Step-by-step implementation"", ""Best practices and tips"", ""Common challenges and solutions"", ""Tools and resources needed"", ""Conclusion and next steps""]","[""software"", ""it"", ""programming"", ""troubleshooting"", ""science"", ""data""]",6,Junior to Mid-level Developers,"[""cloud computing"", ""web development"", ""machine learning"", ""cybersecurity""]",56,10,2025-10-25 21:09:20,en,How do you measure the success of {keyword} projects?,0.9,0.796148815267978,0.55
8601192,brand management,marketing,What channels are most effective for brand management?,analysis,Expert,"[""Introduction to brand management"", ""Key points and analysis"", ""Practical examples"", ""Expert insights"", ""Action items"", ""Conclusion""]","[""analysis"", ""promotion"", ""marketing"", ""management"", ""advertising"", ""brand""]",4,Marketing Directors & CMOs,"[""digital marketing"", ""social media"", ""content marketing""]",54,8,2025-10-25 21:09:20,en,What channels are most effective for {keyword}?,0.78,1.0,0.78
8601193,financial modeling,economics,How does global economics impact financial modeling?,optimization,Intermediate,"[""Introduction to financial modeling"", ""Key points and analysis"", ""Practical examples"", ""Expert insights"", ""Action items"", ""Conclusion""]","[""modeling"", ""financial"", ""business"", ""market"", ""optimization"", ""economics""]",4,Individual Investors & Analysts,"[""market analysis"", ""portfolio management"", ""investment planning""]",52,7,2025-10-25 21:09:20,en,How does global economics impact {keyword}?,0.8,0.690578691885933,0.78
8601194,portfolio management,economics,How does global economics impact portfolio management?,strategy,Advanced,"[""Introduction to portfolio management"", ""Key points and analysis"", ""Practical examples"", ""Expert insights"", ""Action items"", ""Conclusion""]","[""investment"", ""finance"", ""portfolio"", ""management"", ""strategy"", ""economics""]",4,Professional Investors & Advisors,"[""financial modeling"", ""investment planning"", ""market analysis""]",54,7,2025-10-25 21:09:20,en,How does global economics impact {keyword}?,0.7,0.9684241294371391,0.77
8601195,investment planning,economics,What exit strategies should be considered for investment planning?,evaluation,Advanced,"[""Introduction to investment planning"", ""Key points and analysis"", ""Practical examples"", ""Expert insights"", ""Action items"", ""Conclusion""]","[""investment"", ""planning"", ""evaluation"", ""market"", ""business"", ""economics""]",4,Professional Investors & Advisors,"[""market analysis"", ""financial modeling"", ""portfolio management""]",66,9,2025-10-25 21:09:20,en,What exit strategies should be considered for {keyword}?,0.85,0.9546248594431285,0.9
8601196,data science,it,What certifications are valuable for data science professionals?,analysis,Expert,"[""Introduction to data science"", ""Key points and analysis"", ""Practical examples"", ""Expert insights"", ""Action items"", ""Conclusion""]","[""software"", ""development"", ""analysis"", ""it"", ""science"", ""data""]",4,Architects & Technical Directors,"[""web development"", ""machine learning"", ""cybersecurity"", ""cloud computing""]",64,8,2025-10-25 21:09:20,en,What certifications are valuable for {keyword} professionals?,0.8,1.0,0.41
8601197,social media,marketing,How do you develop an effective social media strategy?,optimization,Expert,"[""Overview of social media"", ""Step-by-step implementation"", ""Best practices and tips"", ""Common challenges and solutions"", ""Tools and resources needed"", ""Conclusion and next steps""]","[""media"", ""promotion"", ""marketing"", ""digital"", ""social"", ""optimization""]",6,Marketing Directors & CMOs,"[""digital marketing"", ""content marketing"", ""brand management""]",54,9,2025-10-25 21:09:20,en,How do you develop an effective {keyword} strategy?,0.7,1.0,0.52
8601198,investment planning,economics,How do you hedge against investment planning market downturns?,implementation,Intermediate,"[""Overview of investment planning"", ""Step-by-step implementation"", ""Best practices and tips"", ""Common challenges and solutions"", ""Tools and resources needed"", ""Conclusion and next steps""]","[""investment"", ""planning"", ""implementation"", ""business"", ""economics""]",6,Individual Investors & Analysts,"[""market analysis"", ""portfolio management"", ""financial modeling""]",62,9,2025-10-25 21:09:20,en,How do you hedge against {keyword} market downturns?,0.85,0.6711624337428264,0.53
8601199,investment planning,economics,How do you diversify your portfolio using investment planning?,optimization,Advanced,"[""Overview of investment planning"", ""Step-by-step implementation"", ""Best practices and tips"", ""Common challenges and solutions"", ""Tools and resources needed"", ""Conclusion and next steps""]","[""investment"", ""planning"", ""finance"", ""market"", ""optimization"", ""economics""]",6,Professional Investors & Advisors,"[""portfolio management"", ""market analysis"", ""financial modeling""]",62,9,2025-10-25 21:09:20,en,How do you diversify your portfolio using {keyword}?,0.87,0.9689351874534142,0.46
8601200,investment planning,economics,What insurance options are available for investment planning?,optimization,Advanced,"[""Introduction to investment planning"", ""Key points and analysis"", ""Practical examples"", ""Expert insights"", ""Action items"", ""Conclusion""]","[""investment"", ""planning"", ""business"", ""market"", ""optimization"", ""economics""]",4,Professional Investors & Advisors,"[""financial modeling"", ""market analysis"", ""portfolio management""]",61,8,2025-10-25 21:09:20,en,What insurance options are available for {keyword}?,0.76,0.8901362629501776,0.4
8601201,machine learning,it,How do you design a scalable machine learning solution?,comparison,Intermediate,"[""Overview of machine learning"", ""Step-by-step implementation"", ""Best practices and tips"", ""Common challenges and solutions"", ""Tools and resources needed"", ""Conclusion and next steps""]","[""it"", ""comparison"", ""programming"", ""learning"", ""machine"", ""technology""]",6,Junior to Mid-level Developers,"[""cybersecurity"", ""data science"", ""web development"", ""cloud computing""]",55,9,2025-10-25 21:09:20,en,How do you design a scalable {keyword} solution?,0.92,0.7338311273019108,0.41
8601202,digital marketing,marketing,What A/B tests should you run for digital marketing?,how_to,Advanced,"[""Introduction to digital marketing"", ""Key points and analysis"", ""Practical examples"", ""Expert insights"", ""Action items"", ""Conclusion""]","[""branding"", ""marketing"", ""how_to"", ""digital""]",4,Marketing Managers & Strategists,"[""content marketing"", ""brand management"", ""social media""]",52,9,2025-10-25 21:09:20,en,What A/B tests should you run for {keyword}?,0.85,0.9641825873579307,0.87
8601203,financial modeling,economics,What indicators predict financial modeling market movements?,optimization,Advanced,"[""Introduction to financial modeling"", ""Key points and analysis"", ""Practical examples"", ""Expert insights"", ""Action items"", ""Conclusion""]","[""finance"", ""modeling"", ""financial"", ""business"", ""optimization"", ""economics""]",4,Professional Investors & Advisors,"[""portfolio management"", ""investment planning"", ""market analysis""]",60,7,2025-10-25 21:09:20,en,What indicators predict {keyword} market movements?,0.79,0.8585498317912489,0.75
8601204,market analysis,economics,How does global economics impact market analysis?,comparison,Advanced,"[""Introduction to market analysis"", ""Key points and analysis"", ""Practical examples"", ""Expert insights"", ""Action items"", ""Conclusion""]","[""finance"", ""analysis"", ""comparison"", ""market"", ""business"", ""economics""]",4,Professional Investors & Advisors,"[""portfolio management"", ""investment planning"", ""financial modeling""]",49,7,2025-10-25 21:09:20,en,How does global economics impact {keyword}?,0.91,0.8566434164670924,0.86
8601205,digital marketing,marketing,What channels are most effective for digital marketing?,analysis,Advanced,"[""Introduction to digital marketing"", ""Key points and analysis"", ""Practical examples"", ""Expert insights"", ""Action items"", ""Conclusion""]","[""analysis"", ""marketing"", ""digital"", ""advertising"", ""branding""]",4,Marketing Managers & Strategists,"[""content marketing"", ""brand management"", ""social media""]",55,8,2025-10-25 21:09:20,en,What channels are most effective for {keyword}?,0.77,0.9082145273235683,0.88
8601206,investment planning,economics,How do you benchmark investment planning against alternatives?,analysis,Expert,"[""Overview of investment planning"", ""Step-by-step implementation"", ""Best practices and tips"", ""Common challenges and solutions"", ""Tools and resources needed"", ""Conclusion and next steps""]","[""investment"", ""planning"", ""finance"", ""analysis"", ""economics""]",6,Portfolio Managers & Financial Experts,"[""financial modeling"", ""market analysis"", ""portfolio management""]",62,8,2025-10-25 21:09:20,en,How do you benchmark {keyword} against alternatives?,0.77,1.0,0.55
8601207,data science,it,How do you design a scalable data science solution?,troubleshooting,Advanced,"[""Overview of data science"", ""Step-by-step implementation"", ""Best practices and tips"", ""Common challenges and solutions"", ""Tools and resources needed"", ""Conclusion and next steps""]","[""development"", ""it"", ""programming"", ""troubleshooting"", ""science"", ""data""]",6,Senior Developers & Tech Leads,"[""web development"", ""cybersecurity"", ""cloud computing"", ""machine learning""]",51,9,2025-10-25 21:09:20,en,How do you design a scalable {keyword} solution?,0.72,0.8188635470981471,0.86
8601208,content marketing,marketing,How do you reach new customers through content marketing?,evaluation,Intermediate,"[""Overview of content marketing"", ""Step-by-step implementation"", ""Best practices and tips"", ""Common challenges and solutions"", ""Tools and resources needed"", ""Conclusion and next steps""]","[""content"", ""promotion"", ""marketing"", ""advertising"", ""evaluation""]",6,Marketing Coordinators & Specialists,"[""brand management"", ""digital marketing"", ""social media""]",57,9,2025-10-25 21:09:20,en,How do you reach new customers through {keyword}?,0.78,0.7612758191683139,0.78
8601209,social media,marketing,What channels are most effective for social media?,planning,Advanced,"[""Introduction to social media"", ""Key points and analysis"", ""Practical examples"", ""Expert insights"", ""Action items"", ""Conclusion""]","[""planning"", ""media"", ""digital"", ""marketing"", ""social"", ""branding""]",4,Marketing Managers & Strategists,"[""brand management"", ""digital marketing"", ""content marketing""]",50,8,2025-10-25 21:09:20,en,What channels are most effective for {keyword}?,0.76,0.9461479881682536,0.74
8601210,market analysis,economics,What exit strategies should be considered for market analysis?,how_to,Beginner,"[""Introduction to market analysis"", ""Key points and analysis"", ""Practical examples"", ""Expert insights"", ""Action items"", ""Conclusion""]","[""investment"", ""how_to"", ""analysis"", ""market"", ""business"", ""economics""]",4,Students & New Investors,"[""financial modeling"", ""investment planning"", ""portfolio management""]",62,9,2025-10-25 21:09:20,en,What exit strategies should be considered for {keyword}?,0.85,0.43138390118547015,0.34
8601211,content marketing,marketing,How do you reach new customers through content marketing?,implementation,Beginner,"[""Overview of content marketing"", ""Step-by-step implementation"", ""Best practices and tips"", ""Common challenges and solutions"", ""Tools and resources needed"", ""Conclusion and next steps""]","[""content"", ""implementation"", ""promotion"", ""marketing"", ""digital""]",6,Marketing Students & Interns,"[""digital marketing"", ""brand management"", ""social media""]",57,9,2025-10-25 21:09:20,en,How do you reach new customers through {keyword}?,0.7,0.3416435633695107,0.32
8601212,financial modeling,economics,What strategies work best for financial modeling investment?,comparison,Expert,"[""Introduction to financial modeling"", ""Key points and analysis"", ""Practical examples"", ""Expert insights"", ""Action items"", ""Conclusion""]","[""investment"", ""finance"", ""comparison"", ""modeling"", ""financial"", ""economics""]",4,Portfolio Managers & Financial Experts,"[""investment planning"", ""portfolio management"", ""market analysis""]",60,8,2025-10-25 21:09:20,en,What strategies work best for {keyword} investment?,0.93,1.0,0.59
8601213,content marketing,marketing,How do you reach new customers through content marketing?,planning,Intermediate,"[""Overview of content marketing"", ""Step-by-step implementation"", ""Best practices and tips"", ""Common challenges and solutions"", ""Tools and resources needed"", ""Conclusion and next steps""]","[""planning"", ""content"", ""promotion"", ""marketing"", ""branding""]",6,Marketing Coordinators & Specialists,"[""brand management"", ""social media"", ""digital marketing""]",57,9,2025-10-25 21:09:20,en,How do you reach new customers through {keyword}?,0.76,0.703272773828054,0.79
8601214,investment planning,economics,What tools help analyze investment planning data?,troubleshooting,Intermediate,"[""Introduction to investment planning"", ""Key points and analysis"", ""Practical examples"", ""Expert insights"", ""Action items"", ""Conclusion""]","[""investment"", ""planning"", ""troubleshooting"", ""business"", ""economics""]",4,Individual Investors & Analysts,"[""market analysis"", ""financial modeling"", ""portfolio management""]",49,7,2025-10-25 21:09:20,en,What tools help analyze {keyword} data?,0.92,0.7961327066684795,0.46
8601215,digital marketing,marketing,What messaging works best in digital marketing campaigns?,analysis,Intermediate,"[""Introduction to digital marketing"", ""Key points and analysis"", ""Practical examples"", ""Expert insights"", ""Action items"", ""Conclusion""]","[""analysis"", ""promotion"", ""marketing"", ""digital"", ""advertising""]",4,Marketing Coordinators & Specialists,"[""brand management"", ""content marketing"", ""social media""]",57,8,2025-10-25 21:09:20,en,What messaging works best in {keyword} campaigns?,0.66,0.6454193664593522,0.32
8601216,machine learning,it,What are the latest trends in machine learning technology?,troubleshooting,Expert,"[""Introduction to machine learning"", ""Key concepts and definitions"", ""Main categories or types"", ""Examples and case studies"", ""Benefits and advantages"", ""Summary and recommendations""]","[""development"", ""it"", ""programming"", ""troubleshooting"", ""learning"", ""machine""]",6,Architects & Technical Directors,"[""cybersecurity"", ""data science"", ""web development"", ""cloud computing""]",58,9,2025-10-25 21:09:20,en,What are the latest trends in {keyword} technology?,0.65,1.0,0.65
8601217,brand management,marketing,What tools are essential for brand management analytics?,implementation,Advanced,"[""Introduction to brand management"", ""Key points and analysis"", ""Practical examples"", ""Expert insights"", ""Action items"", ""Conclusion""]","[""implementation"", ""marketing"", ""management"", ""advertising"", ""branding"", ""brand""]",4,Marketing Managers & Strategists,"[""content marketing"", ""social media"", ""digital marketing""]",56,8,2025-10-25 21:09:20,en,What tools are essential for {keyword} analytics?,0.67,0.8055684222438038,0.83
8601218,web development,it,What are the latest trends in web development technology?,troubleshooting,Advanced,"[""Introduction to web development"", ""Key concepts and definitions"", ""Main categories or types"", ""Examples and case studies"", ""Benefits and advantages"", ""Summary and recommendations""]","[""software"", ""development"", ""it"", ""programming"", ""troubleshooting"", ""web""]",6,Senior Developers & Tech Leads,"[""machine learning"", ""data science"", ""cybersecurity"", ""cloud computing""]",57,9,2025-10-25 21:09:20,en,What are the latest trends in {keyword} technology?,0.77,0.8685945468028111,0.55
8601219,social media,marketing,What emerging platforms support social media?,optimization,Expert,"[""Introduction to social media"", ""Key points and analysis"", ""Practical examples"", ""Expert insights"", ""Action items"", ""Conclusion""]","[""media"", ""promotion"", ""marketing"", ""social"", ""branding"", ""optimization""]",4,Marketing Directors & CMOs,"[""brand management"", ""digital marketing"", ""content marketing""]",45,6,2025-10-25 21:09:20,en,What emerging platforms support {keyword}?,0.65,1.0,0.64
8601220,content marketing,marketing,What budget should be allocated to content marketing?,strategy,Advanced,"[""Introduction to content marketing"", ""Key points and analysis"", ""Practical examples"", ""Expert insights"", ""Action items"", ""Conclusion""]","[""content"", ""promotion"", ""marketing"", ""branding"", ""strategy""]",4,Marketing Managers & Strategists,"[""social media"", ""digital marketing"", ""brand management""]",53,8,2025-10-25 21:09:20,en,What budget should be allocated to {keyword}?,0.92,0.898947747229421,0.39
8601221,portfolio management,economics,How do you identify opportunities in portfolio management markets?,strategy,Advanced,"[""Overview of portfolio management"", ""Step-by-step implementation"", ""Best practices and tips"", ""Common challenges and solutions"", ""Tools and resources needed"", ""Conclusion and next steps""]","[""finance"", ""portfolio"", ""management"", ""market"", ""strategy"", ""economics""]",6,Professional Investors & Advisors,"[""market analysis"", ""investment planning"", ""financial modeling""]",66,9,2025-10-25 21:09:20,en,How do you identify opportunities in {keyword} markets?,0.68,0.8844055900237214,0.69
8601222,financial modeling,economics,What indicators predict financial modeling market movements?,analysis,Beginner,"[""Introduction to financial modeling"", ""Key points and analysis"", ""Practical examples"", ""Expert insights"", ""Action items"", ""Conclusion""]","[""finance"", ""analysis"", ""modeling"", ""financial"", ""business"", ""economics""]",4,Students & New Investors,"[""portfolio management"", ""market analysis"", ""investment planning""]",60,7,2025-10-25 21:09:20,en,What indicators predict {keyword} market movements?,0.6,0.37980405099312015,0.61
8601223,market analysis,economics,How do you create a long-term plan for market analysis?,evaluation,Intermediate,"[""Overview of market analysis"", ""Step-by-step implementation"", ""Best practices and tips"", ""Common challenges and solutions"", ""Tools and resources needed"", ""Conclusion and next steps""]","[""analysis"", ""finance"", ""evaluation"", ""market"", ""business"", ""economics""]",6,Individual Investors & Analysts,"[""financial modeling"", ""investment planning"", ""portfolio management""]",55,10,2025-10-25 21:09:20,en,How do you create a long-term plan for {keyword}?,0.95,0.6323314507162778,0.85
8601224,machine learning,it,How do you stay updated with machine learning developments?,evaluation,Advanced,"[""Overview of machine learning"", ""Step-by-step implementation"", ""Best practices and tips"", ""Common challenges and solutions"", ""Tools and resources needed"", ""Conclusion and next steps""]","[""it"", ""programming"", ""learning"", ""evaluation"", ""machine"", ""technology""]",6,Senior Developers & Tech Leads,"[""cybersecurity"", ""data science"", ""cloud computing"", ""web development""]",59,9,2025-10-25 21:09:20,en,How do you stay updated with {keyword} developments?,0.74,0.9782541824569948,0.56
8601225,financial modeling,economics,What is the optimal allocation for financial modeling in a portfolio?,comparison,Advanced,"[""Introduction to financial modeling"", ""Key points and analysis"", ""Practical examples"", ""Expert insights"", ""Action items"", ""Conclusion""]","[""comparison"", ""modeling"", ""financial"", ""market"", ""business"", ""economics""]",4,Professional Investors & Advisors,"[""portfolio management"", ""market analysis"", ""investment planning""]",69,11,2025-10-25 21:09:20,en,What is the optimal allocation for {keyword} in a portfolio?,0.73,0.8944878294440569,0.49
8601226,brand management,marketing,What tools are essential for brand management analytics?,analysis,Intermediate,"[""Introduction to brand management"", ""Key points and analysis"", ""Practical examples"", ""Expert insights"", ""Action items"", ""Conclusion""]","[""analysis"", ""promotion"", ""marketing"", ""management"", ""branding"", ""brand""]",4,Marketing Coordinators & Specialists,"[""content marketing"", ""digital marketing"", ""social media""]",56,8,2025-10-25 21:09:20,en,What tools are essential for {keyword} analytics?,0.8,0.779228893710455,0.53
8601227,portfolio management,economics,How do you diversify your portfolio using portfolio management?,evaluation,Expert,"[""Overview of portfolio management"", ""Step-by-step implementation"", ""Best practices and tips"", ""Common challenges and solutions"", ""Tools and resources needed"", ""Conclusion and next steps""]","[""finance"", ""portfolio"", ""management"", ""evaluation"", ""market"", ""economics""]",6,Portfolio Managers & Financial Experts,"[""financial modeling"", ""market analysis"", ""investment planning""]",63,9,2025-10-25 21:09:20,en,How do you diversify your portfolio using {keyword}?,0.6,1.0,0.31
8601228,social media,marketing,What emerging platforms support social media?,comparison,Intermediate,"[""Introduction to social media"", ""Key points and analysis"", ""Practical examples"", ""Expert insights"", ""Action items"", ""Conclusion""]","[""media"", ""promotion"", ""comparison"", ""digital"", ""marketing"", ""social""]",4,Marketing Coordinators & Specialists,"[""digital marketing"", ""brand management"", ""content marketing""]",45,6,2025-10-25 21:09:20,en,What emerging platforms support {keyword}?,0.94,0.694624458306746,0.39
8601229,digital marketing,marketing,What A/B tests should you run for digital marketing?,optimization,Intermediate,"[""Introduction to digital marketing"", ""Key points and analysis"", ""Practical examples"", ""Expert insights"", ""Action items"", ""Conclusion""]","[""branding"", ""marketing"", ""optimization"", ""digital""]",4,Marketing Coordinators & Specialists,"[""content marketing"", ""brand management"", ""social media""]",52,9,2025-10-25 21:09:20,en,What A/B tests should you run for {keyword}?,0.86,0.770791779567528,0.87
8601230,brand management,marketing,How do you innovate within brand management?,comparison,Intermediate,"[""Overview of brand management"", ""Step-by-step implementation"", ""Best practices and tips"", ""Common challenges and solutions"", ""Tools and resources needed"", ""Conclusion and next steps""]","[""promotion"", ""comparison"", ""marketing"", ""management"", ""advertising"", ""brand""]",6,Marketing Coordinators & Specialists,"[""digital marketing"", ""social media"", ""content marketing""]",44,7,2025-10-25 21:09:20,en,How do you innovate within {keyword}?,0.78,0.6365144611635671,0.83
8601231,data science,it,How does data science impact business operations?,best_practice,Beginner,"[""Introduction to data science"", ""Key points and analysis"", ""Practical examples"", ""Expert insights"", ""Action items"", ""Conclusion""]","[""technology"", ""development"", ""it"", ""best_practice"", ""science"", ""data""]",4,Students & Entry-level Developers,"[""web development"", ""cybersecurity"", ""machine learning"", ""cloud computing""]",49,7,2025-10-25 21:09:20,en,How does {keyword} impact business operations?,0.9,0.34061809778283647,0.88
8601232,digital marketing,marketing,What tools are essential for digital marketing analytics?,evaluation,Advanced,"[""Introduction to digital marketing"", ""Key points and analysis"", ""Practical examples"", ""Expert insights"", ""Action items"", ""Conclusion""]","[""marketing"", ""digital"", ""advertising"", ""branding"", ""evaluation""]",4,Marketing Managers & Strategists,"[""social media"", ""content marketing"", ""brand management""]",57,8,2025-10-25 21:09:20,en,What tools are essential for {keyword} analytics?,0.75,0.8261268559187117,0.78
8601233,investment planning,economics,How do you diversify your portfolio using investment planning?,troubleshooting,Beginner,"[""Overview of investment planning"", ""Step-by-step implementation"", ""Best practices and tips"", ""Common challenges and solutions"", ""Tools and resources needed"", ""Conclusion and next steps""]","[""investment"", ""planning"", ""troubleshooting"", ""business"", ""economics""]",6,Students & New Investors,"[""financial modeling"", ""market analysis"", ""portfolio management""]",62,9,2025-10-25 21:09:20,en,How do you diversify your portfolio using {keyword}?,0.71,0.3869850215256396,0.38
8601234,brand management,marketing,What emerging platforms support brand management?,analysis,Beginner,"[""Introduction to brand management"", ""Key points and analysis"", ""Practical examples"", ""Expert insights"", ""Action items"", ""Conclusion""]","[""analysis"", ""promotion"", ""marketing"", ""management"", ""advertising"", ""brand""]",4,Marketing Students & Interns,"[""content marketing"", ""social media"", ""digital marketing""]",49,6,2025-10-25 21:09:20,en,What emerging platforms support {keyword}?,0.77,0.40924309144814275,0.41
8601235,investment planning,economics,What indicators predict investment planning market movements?,optimization,Intermediate,"[""Introduction to investment planning"", ""Key points and analysis"", ""Practical examples"", ""Expert insights"", ""Action items"", ""Conclusion""]","[""investment"", ""planning"", ""finance"", ""business"", ""optimization"", ""economics""]",4,Individual Investors & Analysts,"[""portfolio management"", ""financial modeling"", ""market analysis""]",61,7,2025-10-25 21:09:20,en,What indicators predict {keyword} market movements?,0.82,0.735502003675101,0.61
8601236,cybersecurity,it,How do you measure the success of cybersecurity projects?,optimization,Advanced,"[""Overview of cybersecurity"", ""Step-by-step implementation"", ""Best practices and tips"", ""Common challenges and solutions"", ""Tools and resources needed"", ""Conclusion and next steps""]","[""development"", ""it"", ""programming"", ""optimization"", ""cybersecurity""]",5,Senior Developers & Tech Leads,"[""web development"", ""cloud computing"", ""data science"", ""machine learning""]",57,9,2025-10-25 21:09:20,en,How do you measure the success of {keyword} projects?,0.65,0.9473646641773792,0.4
8601237,cybersecurity,it,How do you get started with cybersecurity as a beginner?,evaluation,Intermediate,"[""Overview of cybersecurity"", ""Step-by-step implementation"", ""Best practices and tips"", ""Common challenges and solutions"", ""Tools and resources needed"", ""Conclusion and next steps""]","[""development"", ""it"", ""programming"", ""evaluation"", ""cybersecurity""]",5,Junior to Mid-level Developers,"[""web development"", ""machine learning"", ""cloud computing"", ""data science""]",56,10,2025-10-25 21:09:20,en,How do you get started with {keyword} as a beginner?,0.85,0.7465361029012927,0.67
8601238,investment planning,economics,How do you adjust your investment planning strategy during volatility?,strategy,Advanced,"[""Overview of investment planning"", ""Step-by-step implementation"", ""Best practices and tips"", ""Common challenges and solutions"", ""Tools and resources needed"", ""Conclusion and next steps""]","[""investment"", ""planning"", ""business"", ""strategy"", ""economics""]",6,Professional Investors & Advisors,"[""portfolio management"", ""market analysis"", ""financial modeling""]",70,10,2025-10-25 21:09:20,en,How do you adjust your {keyword} strategy during volatility?,0.75,0.8509761404459383,0.8
8601239,content marketing,marketing,How do you reach new customers through content marketing?,troubleshooting,Intermediate,"[""Overview of content marketing"", ""Step-by-step implementation"", ""Best practices and tips"", ""Common challenges and solutions"", ""Tools and resources needed"", ""Conclusion and next steps""]","[""content"", ""promotion"", ""troubleshooting"", ""marketing"", ""digital""]",6,Marketing Coordinators & Specialists,"[""brand management"", ""digital marketing"", ""social media""]",57,9,2025-10-25 21:09:20,en,How do you reach new customers through {keyword}?,0.61,0.6528951050748998,0.57
8601240,cybersecurity,it,What security considerations should be taken when using cybersecurity?,how_to,Advanced,"[""Introduction to cybersecurity"", ""Key points and analysis"", ""Practical examples"", ""Expert insights"", ""Action items"", ""Conclusion""]","[""how_to"", ""it"", ""programming"", ""cybersecurity"", ""technology""]",4,Senior Developers & Tech Leads,"[""web development"", ""data science"", ""cloud computing"", ""machine learning""]",70,9,2025-10-25 21:09:20,en,What security considerations should be taken when using {keyword}?,0.75,0.9076522588038275,0.72
8601241,digital marketing,marketing,How do you personalize digital marketing for different segments?,strategy,Advanced,"[""Overview of digital marketing"", ""Step-by-step implementation"", ""Best practices and tips"", ""Common challenges and solutions"", ""Tools and resources needed"", ""Conclusion and next steps""]","[""branding"", ""marketing"", ""strategy"", ""digital""]",6,Marketing Managers & Strategists,"[""content marketing"", ""social media"", ""brand management""]",64,9,2025-10-25 21:09:20,en,How do you personalize {keyword} for different segments?,0.62,0.8010574003037936,0.71
8601242,web development,it,How do you integrate web development with existing systems?,optimization,Beginner,"[""Overview of web development"", ""Step-by-step implementation"", ""Best practices and tips"", ""Common challenges and solutions"", ""Tools and resources needed"", ""Conclusion and next steps""]","[""technology"", ""software"", ""development"", ""it"", ""optimization"", ""web""]",6,Students & Entry-level Developers,"[""cloud computing"", ""cybersecurity"", ""data science"", ""machine learning""]",59,9,2025-10-25 21:09:20,en,How do you integrate {keyword} with existing systems?,0.62,0.32824891967073827,0.61
8601243,social media,marketing,How do you track and analyze social media performance?,strategy,Expert,"[""Overview of social media"", ""Step-by-step implementation"", ""Best practices and tips"", ""Common challenges and solutions"", ""Tools and resources needed"", ""Conclusion and next steps""]","[""media"", ""marketing"", ""social"", ""advertising"", ""branding"", ""strategy""]",6,Marketing Directors & CMOs,"[""content marketing"", ""brand management"", ""digital marketing""]",54,9,2025-10-25 21:09:20,en,How do you track and analyze {keyword} performance?,0.94,1.0,0.63
8601244,data science,it,What are the best practices for data science development?,troubleshooting,Advanced,"[""Introduction to data science"", ""Key concepts and definitions"", ""Main categories or types"", ""Examples and case studies"", ""Benefits and advantages"", ""Summary and recommendations""]","[""development"", ""it"", ""programming"", ""troubleshooting"", ""science"", ""data""]",6,Senior Developers & Tech Leads,"[""cybersecurity"", ""machine learning"", ""web development"", ""cloud computing""]",57,9,2025-10-25 21:09:20,en,What are the best practices for {keyword} development?,0.92,0.8252225944983442,0.65
8601245,cloud computing,it,How do you convince stakeholders to invest in cloud computing?,optimization,Intermediate,"[""Overview of cloud computing"", ""Step-by-step implementation"", ""Best practices and tips"", ""Common challenges and solutions"", ""Tools and resources needed"", ""Conclusion and next steps""]","[""computing"", ""cloud"", ""development"", ""it"", ""optimization"", ""technology""]",6,Junior to Mid-level Developers,"[""cybersecurity"", ""web development"", ""data science"", ""machine learning""]",62,10,2025-10-25 21:09:20,en,How do you convince stakeholders to invest in {keyword}?,0.85,0.796141960623533,0.53
8601246,machine learning,it,What certifications are valuable for machine learning professionals?,best_practice,Expert,"[""Introduction to machine learning"", ""Key points and analysis"", ""Practical examples"", ""Expert insights"", ""Action items"", ""Conclusion""]","[""software"", ""it"", ""best_practice"", ""learning"", ""machine"", ""technology""]",4,Architects & Technical Directors,"[""cloud computing"", ""cybersecurity"", ""data science"", ""web development""]",68,8,2025-10-25 21:09:20,en,What certifications are valuable for {keyword} professionals?,0.64,1.0,0.58
8601247,cloud computing,it,How does cloud computing impact business operations?,planning,Beginner,"[""Introduction to cloud computing"", ""Key points and analysis"", ""Practical examples"", ""Expert insights"", ""Action items"", ""Conclusion""]","[""computing"", ""planning"", ""development"", ""it"", ""software"", ""cloud""]",4,Students & Entry-level Developers,"[""machine learning"", ""web development"", ""data science"", ""cybersecurity""]",52,7,2025-10-25 21:09:20,en,How does {keyword} impact business operations?,0.83,0.4210302412056752,0.71
8601248,brand management,marketing,How is AI changing brand management approaches?,how_to,Intermediate,"[""Introduction to brand management"", ""Key points and analysis"", ""Practical examples"", ""Expert insights"", ""Action items"", ""Conclusion""]","[""how_to"", ""promotion"", ""digital"", ""marketing"", ""management"", ""brand""]",4,Marketing Coordinators & Specialists,"[""digital marketing"", ""content marketing"", ""social media""]",47,7,2025-10-25 21:09:20,en,How is AI changing {keyword} approaches?,0.61,0.634343783693937,0.66
8601249,market analysis,economics,What tools help analyze market analysis data?,troubleshooting,Advanced,"[""Introduction to market analysis"", ""Key points and analysis"", ""Practical examples"", ""Expert insights"", ""Action items"", ""Conclusion""]","[""investment"", ""finance"", ""analysis"", ""troubleshooting"", ""market"", ""economics""]",4,Professional Investors & Advisors,"[""investment planning"", ""financial modeling"", ""portfolio management""]",45,7,2025-10-25 21:09:20,en,What tools help analyze {keyword} data?,0.75,0.8397720227613993,0.62
8601250,data science,it,How does data science impact business operations?,evaluation,Expert,"[""Introduction to data science"", ""Key points and analysis"", ""Practical examples"", ""Expert insights"", ""Action items"", ""Conclusion""]","[""development"", ""it"", ""programming"", ""science"", ""evaluation"", ""data""]",4,Architects & Technical Directors,"[""machine learning"", ""cybersecurity"", ""web development"", ""cloud computing""]",49,7,2025-10-25 21:09:20,en,How does {keyword} impact business operations?,0.77,1.0,0.69
8601251,content marketing,marketing,What does the future hold for content marketing?,strategy,Expert,"[""Introduction to content marketing"", ""Key points and analysis"", ""Practical examples"", ""Expert insights"", ""Action items"", ""Conclusion""]","[""content"", ""marketing"", ""advertising"", ""branding"", ""strategy""]",4,Marketing Directors & CMOs,"[""digital marketing"", ""brand management"", ""social media""]",48,8,2025-10-25 21:09:20,en,What does the future hold for {keyword}?,0.92,1.0,0.39
8601252,content marketing,marketing,What content types work best for content marketing?,comparison,Advanced,"[""Introduction to content marketing"", ""Key points and analysis"", ""Practical examples"", ""Expert insights"", ""Action items"", ""Conclusion""]","[""content"", ""promotion"", ""comparison"", ""marketing"", ""branding""]",4,Marketing Managers & Strategists,"[""brand management"", ""social media"", ""digital marketing""]",51,8,2025-10-25 21:09:20,en,What content types work best for {keyword}?,0.6,0.9424493369567462,0.83
8601253,digital marketing,marketing,How do you automate digital marketing processes?,optimization,Beginner,"[""Overview of digital marketing"", ""Step-by-step implementation"", ""Best practices and tips"", ""Common challenges and solutions"", ""Tools and resources needed"", ""Conclusion and next steps""]","[""marketing"", ""optimization"", ""promotion"", ""digital""]",6,Marketing Students & Interns,"[""brand management"", ""social media"", ""content marketing""]",48,7,2025-10-25 21:09:20,en,How do you automate {keyword} processes?,0.87,0.45283750370373144,0.71
8601254,cybersecurity,it,How does cybersecurity impact business operations?,evaluation,Intermediate,"[""Introduction to cybersecurity"", ""Key points and analysis"", ""Practical examples"", ""Expert insights"", ""Action items"", ""Conclusion""]","[""development"", ""it"", ""programming"", ""evaluation"", ""cybersecurity""]",4,Junior to Mid-level Developers,"[""web development"", ""machine learning"", ""data science"", ""cloud computing""]",50,6,2025-10-25 21:09:20,en,How does {keyword} impact business operations?,0.81,0.7842698939622825,0.88
8601255,market analysis,economics,What are the risks associated with market analysis?,analysis,Advanced,"[""Introduction to market analysis"", ""Key concepts and definitions"", ""Main categories or types"", ""Examples and case studies"", ""Benefits and advantages"", ""Summary and recommendations""]","[""market"", ""investment"", ""economics"", ""analysis""]",6,Professional Investors & Advisors,"[""portfolio management"", ""financial modeling"", ""investment planning""]",51,8,2025-10-25 21:09:20,en,What are the risks associated with {keyword}?,0.9,0.9125963431246161,0.59
8601256,brand management,marketing,What messaging works best in brand management campaigns?,strategy,Intermediate,"[""Introduction to brand management"", ""Key points and analysis"", ""Practical examples"", ""Expert insights"", ""Action items"", ""Conclusion""]","[""promotion"", ""marketing"", ""management"", ""advertising"", ""strategy"", ""brand""]",4,Marketing Coordinators & Specialists,"[""content marketing"", ""digital marketing"", ""social media""]",56,8,2025-10-25 21:09:20,en,What messaging works best in {keyword} campaigns?,0.72,0.6189713706273522,0.37
8601257,financial modeling,economics,What strategies work best for financial modeling investment?,implementation,Beginner,"[""Introduction to financial modeling"", ""Key points and analysis"", ""Practical examples"", ""Expert insights"", ""Action items"", ""Conclusion""]","[""investment"", ""implementation"", ""modeling"", ""financial"", ""market"", ""economics""]",4,Students & New Investors,"[""market analysis"", ""investment planning"", ""portfolio management""]",60,8,2025-10-25 21:09:20,en,What strategies work best for {keyword} investment?,0.62,0.37747553787444543,0.69
8601258,investment planning,economics,What is the optimal allocation for investment planning in a portfolio?,how_to,Advanced,"[""Introduction to investment planning"", ""Key points and analysis"", ""Practical examples"", ""Expert insights"", ""Action items"", ""Conclusion""]","[""investment"", ""how_to"", ""planning"", ""finance"", ""market"", ""economics""]",4,Professional Investors & Advisors,"[""financial modeling"", ""portfolio management"", ""market analysis""]",70,11,2025-10-25 21:09:20,en,What is the optimal allocation for {keyword} in a portfolio?,0.76,0.8829923452132152,0.48
8601259,market analysis,economics,How do you analyze market trends in market analysis?,implementation,Advanced,"[""Overview of market analysis"", ""Step-by-step implementation"", ""Best practices and tips"", ""Common challenges and solutions"", ""Tools and resources needed"", ""Conclusion and next steps""]","[""analysis"", ""implementation"", ""market"", ""business"", ""economics""]",6,Professional Investors & Advisors,"[""portfolio management"", ""financial modeling"", ""investment planning""]",52,9,2025-10-25 21:09:20,en,How do you analyze market trends in {keyword}?,0.87,0.9623243165551385,0.56
8601260,portfolio management,economics,What timeline is realistic for portfolio management returns?,implementation,Intermediate,"[""Introduction to portfolio management"", ""Key points and analysis"", ""Practical examples"", ""Expert insights"", ""Action items"", ""Conclusion""]","[""investment"", ""implementation"", ""portfolio"", ""management"", ""business"", ""economics""]",4,Individual Investors & Analysts,"[""market analysis"", ""financial modeling"", ""investment planning""]",60,8,2025-10-25 21:09:20,en,What timeline is realistic for {keyword} returns?,0.77,0.6155081185751397,0.82
8601261,investment planning,economics,How do you assess and manage investment planning risks?,planning,Intermediate,"[""Overview of investment planning"", ""Step-by-step implementation"", ""Best practices and tips"", ""Common challenges and solutions"", ""Tools and resources needed"", ""Conclusion and next steps""]","[""investment"", ""economics"", ""planning"", ""finance""]",6,Individual Investors & Analysts,"[""financial modeling"", ""market analysis"", ""portfolio management""]",55,9,2025-10-25 21:09:20,en,How do you assess and manage {keyword} risks?,0.68,0.6353264620911621,0.49
8601262,cybersecurity,it,What are the cost considerations for cybersecurity?,how_to,Advanced,"[""Introduction to cybersecurity"", ""Key concepts and definitions"", ""Main categories or types"", ""Examples and case studies"", ""Benefits and advantages"", ""Summary and recommendations""]","[""how_to"", ""development"", ""it"", ""programming"", ""cybersecurity""]",5,Senior Developers & Tech Leads,"[""cloud computing"", ""web development"", ""machine learning"", ""data science""]",51,7,2025-10-25 21:09:20,en,What are the cost considerations for {keyword}?,0.89,0.8435236746092163,0.88
8601263,machine learning,it,What skills are needed to master machine learning?,planning,Advanced,"[""Introduction to machine learning"", ""Key points and analysis"", ""Practical examples"", ""Expert insights"", ""Action items"", ""Conclusion""]","[""planning"", ""software"", ""it"", ""programming"", ""learning"", ""machine""]",4,Senior Developers & Tech Leads,"[""cloud computing"", ""data science"", ""web development"", ""cybersecurity""]",50,8,2025-10-25 21:09:20,en,What skills are needed to master {keyword}?,0.76,0.9444268917722027,0.62
8601264,market analysis,economics,What is the optimal allocation for market analysis in a portfolio?,planning,Advanced,"[""Introduction to market analysis"", ""Key points and analysis"", ""Practical examples"", ""Expert insights"", ""Action items"", ""Conclusion""]","[""investment"", ""planning"", ""analysis"", ""finance"", ""market"", ""economics""]",4,Professional Investors & Advisors,"[""investment planning"", ""financial modeling"", ""portfolio management""]",66,11,2025-10-25 21:09:20,en,What is the optimal allocation for {keyword} in a portfolio?,0.73,0.9661104025928929,0.87
8601265,brand management,marketing,What A/B tests should you run for brand management?,implementation,Intermediate,"[""Introduction to brand management"", ""Key points and analysis"", ""Practical examples"", ""Expert insights"", ""Action items"", ""Conclusion""]","[""implementation"", ""promotion"", ""marketing"", ""digital"", ""management"", ""brand""]",4,Marketing Coordinators & Specialists,"[""content marketing"", ""digital marketing"", ""social media""]",51,9,2025-10-25 21:09:20,en,What A/B tests should you run for {keyword}?,0.65,0.6053042723960633,0.53
8601266,investment planning,economics,How do you diversify your portfolio using investment planning?,analysis,Beginner,"[""Overview of investment planning"", ""Step-by-step implementation"", ""Best practices and tips"", ""Common challenges and solutions"", ""Tools and resources needed"", ""Conclusion and next steps""]","[""investment"", ""planning"", ""finance"", ""analysis"", ""market"", ""economics""]",6,Students & New Investors,"[""market analysis"", ""financial modeling"", ""portfolio management""]",62,9,2025-10-25 21:09:20,en,How do you diversify your portfolio using {keyword}?,0.9,0.3306873261524951,0.71
8601267,social media,marketing,How do you develop an effective social media strategy?,troubleshooting,Beginner,"[""Overview of social media"", ""Step-by-step implementation"", ""Best practices and tips"", ""Common challenges and solutions"", ""Tools and resources needed"", ""Conclusion and next steps""]","[""media"", ""troubleshooting"", ""marketing"", ""digital"", ""social"", ""advertising""]",6,Marketing Students & Interns,"[""content marketing"", ""brand management"", ""digital marketing""]",54,9,2025-10-25 21:09:20,en,How do you develop an effective {keyword} strategy?,0.7,0.3571735417960298,0.85
8601268,financial modeling,economics,What strategies work best for financial modeling investment?,planning,Expert,"[""Introduction to financial modeling"", ""Key points and analysis"", ""Practical examples"", ""Expert insights"", ""Action items"", ""Conclusion""]","[""planning"", ""finance"", ""modeling"", ""financial"", ""business"", ""economics""]",4,Portfolio Managers & Financial Experts,"[""market analysis"", ""investment planning"", ""portfolio management""]",60,8,2025-10-25 21:09:20,en,What strategies work best for {keyword} investment?,0.73,1.0,0.42
8601269,social media,marketing,What KPIs are most important for social media?,analysis,Expert,"[""Introduction to social media"", ""Key points and analysis"", ""Practical examples"", ""Expert insights"", ""Action items"", ""Conclusion""]","[""analysis"", ""media"", ""digital"", ""marketing"", ""social"", ""branding""]",4,Marketing Directors & CMOs,"[""digital marketing"", ""brand management"", ""content marketing""]",46,8,2025-10-25 21:09:20,en,What KPIs are most important for {keyword}?,0.76,1.0,0.56
8601270,web development,it,What tools are essential for web development development?,analysis,Advanced,"[""Introduction to web development"", ""Key points and analysis"", ""Practical examples"", ""Expert insights"", ""Action items"", ""Conclusion""]","[""software"", ""development"", ""analysis"", ""it"", ""web""]",4,Senior Developers & Tech Leads,"[""cloud computing"", ""data science"", ""machine learning"", ""cybersecurity""]",57,8,2025-10-25 21:09:20,en,What tools are essential for {keyword} development?,0.75,0.9859852787556296,0.68
8601271,data science,it,What skills are needed to master data science?,optimization,Advanced,"[""Introduction to data science"", ""Key points and analysis"", ""Practical examples"", ""Expert insights"", ""Action items"", ""Conclusion""]","[""technology"", ""development"", ""it"", ""science"", ""optimization"", ""data""]",4,Senior Developers & Tech Leads,"[""machine learning"", ""web development"", ""cybersecurity"", ""cloud computing""]",46,8,2025-10-25 21:09:20,en,What skills are needed to master {keyword}?,0.76,0.8941623817142443,0.4
8601272,financial modeling,economics,How do you identify opportunities in financial modeling markets?,evaluation,Beginner,"[""Overview of financial modeling"", ""Step-by-step implementation"", ""Best practices and tips"", ""Common challenges and solutions"", ""Tools and resources needed"", ""Conclusion and next steps""]","[""investment"", ""modeling"", ""financial"", ""evaluation"", ""business"", ""economics""]",6,Students & New Investors,"[""investment planning"", ""portfolio management"", ""market analysis""]",64,9,2025-10-25 21:09:20,en,How do you identify opportunities in {keyword} markets?,0.82,0.37655354526880647,0.83
8601273,content marketing,marketing,What emerging platforms support content marketing?,optimization,Expert,"[""Introduction to content marketing"", ""Key points and analysis"", ""Practical examples"", ""Expert insights"", ""Action items"", ""Conclusion""]","[""content"", ""marketing"", ""digital"", ""advertising"", ""optimization""]",4,Marketing Directors & CMOs,"[""social media"", ""brand management"", ""digital marketing""]",50,6,2025-10-25 21:09:20,en,What emerging platforms support {keyword}?,0.6,1.0,0.89
8601274,investment planning,economics,How do you create a long-term plan for investment planning?,planning,Beginner,"[""Overview of investment planning"", ""Step-by-step implementation"", ""Best practices and tips"", ""Common challenges and solutions"", ""Tools and resources needed"", ""Conclusion and next steps""]","[""investment"", ""economics"", ""planning"", ""business""]",6,Students & New Investors,"[""financial modeling"", ""portfolio management"", ""market analysis""]",59,10,2025-10-25 21:09:20,en,How do you create a long-term plan for {keyword}?,0.94,0.4194591912106222,0.32
8601275,machine learning,it,How can machine learning improve system performance and scalability?,comparison,Advanced,"[""Introduction to machine learning"", ""Key points and analysis"", ""Practical examples"", ""Expert insights"", ""Action items"", ""Conclusion""]","[""development"", ""it"", ""comparison"", ""programming"", ""learning"", ""machine""]",4,Senior Developers & Tech Leads,"[""data science"", ""web development"", ""cybersecurity"", ""cloud computing""]",68,9,2025-10-25 21:09:20,en,How can {keyword} improve system performance and scalability?,0.88,0.890480165352889,0.84
8601276,social media,marketing,What demographics respond best to social media?,best_practice,Advanced,"[""Introduction to social media"", ""Key points and analysis"", ""Practical examples"", ""Expert insights"", ""Action items"", ""Conclusion""]","[""media"", ""best_practice"", ""marketing"", ""digital"", ""social"", ""advertising""]",4,Marketing Managers & Strategists,"[""content marketing"", ""brand management"", ""digital marketing""]",47,7,2025-10-25 21:09:20,en,What demographics respond best to {keyword}?,0.93,0.95295132893999,0.64
8601277,data science,it,How do you optimize data science for different platforms?,comparison,Expert,"[""Overview of data science"", ""Step-by-step implementation"", ""Best practices and tips"", ""Common challenges and solutions"", ""Tools and resources needed"", ""Conclusion and next steps""]","[""technology"", ""software"", ""it"", ""comparison"", ""science"", ""data""]",6,Architects & Technical Directors,"[""cybersecurity"", ""cloud computing"", ""web development"", ""machine learning""]",57,9,2025-10-25 21:09:20,en,How do you optimize {keyword} for different platforms?,0.85,1.0,0.33
8601278,market analysis,economics,What are the risks associated with market analysis?,implementation,Expert,"[""Introduction to market analysis"", ""Key concepts and definitions"", ""Main categories or types"", ""Examples and case studies"", ""Benefits and advantages"", ""Summary and recommendations""]","[""investment"", ""finance"", ""analysis"", ""implementation"", ""market"", ""economics""]",6,Portfolio Managers & Financial Experts,"[""portfolio management"", ""investment planning"", ""financial modeling""]",51,8,2025-10-25 21:09:20,en,What are the risks associated with {keyword}?,0.63,1.0,0.61
8601279,content marketing,marketing,What messaging works best in content marketing campaigns?,planning,Advanced,"[""Introduction to content marketing"", ""Key points and analysis"", ""Practical examples"", ""Expert insights"", ""Action items"", ""Conclusion""]","[""planning"", ""content"", ""promotion"", ""marketing"", ""branding""]",4,Marketing Managers & Strategists,"[""brand management"", ""social media"", ""digital marketing""]",57,8,2025-10-25 21:09:20,en,What messaging works best in {keyword} campaigns?,0.68,0.986490805446103,0.85
8601280,cloud computing,it,What is the recommended architecture for cloud computing systems?,strategy,Beginner,"[""Introduction to cloud computing"", ""Key points and analysis"", ""Practical examples"", ""Expert insights"", ""Action items"", ""Conclusion""]","[""computing"", ""cloud"", ""development"", ""it"", ""software"", ""strategy""]",4,Students & Entry-level Developers,"[""data science"", ""web development"", ""cybersecurity"", ""machine learning""]",65,9,2025-10-25 21:09:20,en,What is the recommended architecture for {keyword} systems?,0.76,0.3000883506739771,0.82
8601281,digital marketing,marketing,How do you track and analyze digital marketing performance?,analysis,Intermediate,"[""Overview of digital marketing"", ""Step-by-step implementation"", ""Best practices and tips"", ""Common challenges and solutions"", ""Tools and resources needed"", ""Conclusion and next steps""]","[""analysis"", ""promotion"", ""marketing"", ""digital"", ""branding""]",6,Marketing Coordinators & Specialists,"[""social media"", ""content marketing"", ""brand management""]",59,9,2025-10-25 21:09:20,en,How do you track and analyze {keyword} performance?,0.9,0.6947303396206435,0.83
8601282,investment planning,economics,How do you assess and manage investment planning risks?,best_practice,Intermediate,"[""Overview of investment planning"", ""Step-by-step implementation"", ""Best practices and tips"", ""Common challenges and solutions"", ""Tools and resources needed"", ""Conclusion and next steps""]","[""investment"", ""planning"", ""finance"", ""best_practice"", ""economics""]",6,Individual Investors & Analysts,"[""financial modeling"", ""market analysis"", ""portfolio management""]",55,9,2025-10-25 21:09:20,en,How do you assess and manage {keyword} risks?,0.94,0.7379609768772699,0.35
8601283,portfolio management,economics,What indicators predict portfolio management market movements?,troubleshooting,Expert,"[""Introduction to portfolio management"", ""Key points and analysis"", ""Practical examples"", ""Expert insights"", ""Action items"", ""Conclusion""]","[""finance"", ""portfolio"", ""troubleshooting"", ""management"", ""business"", ""economics""]",4,Portfolio Managers & Financial Experts,"[""investment planning"", ""financial modeling"", ""market analysis""]",62,7,2025-10-25 21:09:20,en,What indicators predict {keyword} market movements?,0.83,1.0,0.68
8601284,data science,it,What ROI can be expected from data science implementation?,optimization,Beginner,"[""Introduction to data science"", ""Key points and analysis"", ""Practical examples"", ""Expert insights"", ""Action items"", ""Conclusion""]","[""software"", ""development"", ""it"", ""science"", ""optimization"", ""data""]",4,Students & Entry-level Developers,"[""cybersecurity"", ""cloud computing"", ""web development"", ""machine learning""]",58,9,2025-10-25 21:09:20,en,What ROI can be expected from {keyword} implementation?,0.7,0.34136070511101035,0.42
8601285,social media,marketing,What demographics respond best to social media?,evaluation,Intermediate,"[""Introduction to social media"", ""Key points and analysis"", ""Practical examples"", ""Expert insights"", ""Action items"", ""Conclusion""]","[""media"", ""promotion"", ""marketing"", ""social"", ""advertising"", ""evaluation""]",4,Marketing Coordinators & Specialists,"[""digital marketing"", ""brand management"", ""content marketing""]",47,7,2025-10-25 21:09:20,en,What demographics respond best to {keyword}?,0.85,0.7202943595918215,0.61
8601286,content marketing,marketing,How do you reach new customers through content marketing?,optimization,Beginner,"[""Overview of content marketing"", ""Step-by-step implementation"", ""Best practices and tips"", ""Common challenges and solutions"", ""Tools and resources needed"", ""Conclusion and next steps""]","[""content"", ""promotion"", ""marketing"", ""advertising"", ""optimization""]",6,Marketing Students & Interns,"[""digital marketing"", ""social media"", ""brand management""]",57,9,2025-10-25 21:09:20,en,How do you reach new customers through {keyword}?,0.61,0.4628246258622859,0.34
8601287,digital marketing,marketing,What emerging platforms support digital marketing?,implementation,Intermediate,"[""Introduction to digital marketing"", ""Key points and analysis"", ""Practical examples"", ""Expert insights"", ""Action items"", ""Conclusion""]","[""implementation"", ""promotion"", ""marketing"", ""digital"", ""advertising""]",4,Marketing Coordinators & Specialists,"[""social media"", ""content marketing"", ""brand management""]",50,6,2025-10-25 21:09:20,en,What emerging platforms support {keyword}?,0.61,0.6279477259386449,0.75
8601288,data science,it,How do you measure the success of data science projects?,planning,Advanced,"[""Overview of data science"", ""Step-by-step implementation"", ""Best practices and tips"", ""Common challenges and solutions"", ""Tools and resources needed"", ""Conclusion and next steps""]","[""planning"", ""development"", ""it"", ""software"", ""science"", ""data""]",6,Senior Developers & Tech Leads,"[""machine learning"", ""web development"", ""cybersecurity"", ""cloud computing""]",56,10,2025-10-25 21:09:20,en,How do you measure the success of {keyword} projects?,0.74,0.8699127358155586,0.58
8601289,cloud computing,it,What design patterns work best with cloud computing?,strategy,Intermediate,"[""Introduction to cloud computing"", ""Key points and analysis"", ""Practical examples"", ""Expert insights"", ""Action items"", ""Conclusion""]","[""computing"", ""software"", ""cloud"", ""it"", ""programming"", ""strategy""]",4,Junior to Mid-level Developers,"[""machine learning"", ""web development"", ""data science"", ""cybersecurity""]",52,8,2025-10-25 21:09:20,en,What design patterns work best with {keyword}?,0.9,0.6708587892199134,0.33
8601290,financial modeling,economics,What insurance options are available for financial modeling?,optimization,Expert,"[""Introduction to financial modeling"", ""Key points and analysis"", ""Practical examples"", ""Expert insights"", ""Action items"", ""Conclusion""]","[""investment"", ""finance"", ""modeling"", ""financial"", ""optimization"", ""economics""]",4,Portfolio Managers & Financial Experts,"[""investment planning"", ""portfolio management"", ""market analysis""]",60,8,2025-10-25 21:09:20,en,What insurance options are available for {keyword}?,0.9,1.0,0.55
8601291,financial modeling,economics,What strategies work best for financial modeling investment?,strategy,Beginner,"[""Introduction to financial modeling"", ""Key points and analysis"", ""Practical examples"", ""Expert insights"", ""Action items"", ""Conclusion""]","[""finance"", ""modeling"", ""financial"", ""business"", ""strategy"", ""economics""]",4,Students & New Investors,"[""portfolio management"", ""market analysis"", ""investment planning""]",60,8,2025-10-25 21:09:20,en,What strategies work best for {keyword} investment?,0.61,0.34212364261811445,0.3
8601292,market analysis,economics,What is the optimal allocation for market analysis in a portfolio?,strategy,Beginner,"[""Introduction to market analysis"", ""Key points and analysis"", ""Practical examples"", ""Expert insights"", ""Action items"", ""Conclusion""]","[""analysis"", ""business"", ""market"", ""strategy"", ""economics""]",4,Students & New Investors,"[""financial modeling"", ""portfolio management"", ""investment planning""]",66,11,2025-10-25 21:09:20,en,What is the optimal allocation for {keyword} in a portfolio?,0.75,0.40862181336499565,0.57
8601293,cybersecurity,it,What are the best practices for cybersecurity development?,evaluation,Intermediate,"[""Introduction to cybersecurity"", ""Key concepts and definitions"", ""Main categories or types"", ""Examples and case studies"", ""Benefits and advantages"", ""Summary and recommendations""]","[""development"", ""it"", ""evaluation"", ""cybersecurity"", ""technology""]",5,Junior to Mid-level Developers,"[""machine learning"", ""cloud computing"", ""web development"", ""data science""]",58,8,2025-10-25 21:09:20,en,What are the best practices for {keyword} development?,0.64,0.7529737831634038,0.5
8601294,financial modeling,economics,What strategies work best for financial modeling investment?,troubleshooting,Beginner,"[""Introduction to financial modeling"", ""Key points and analysis"", ""Practical examples"", ""Expert insights"", ""Action items"", ""Conclusion""]","[""investment"", ""finance"", ""troubleshooting"", ""modeling"", ""financial"", ""economics""]",4,Students & New Investors,"[""portfolio management"", ""market analysis"", ""investment planning""]",60,8,2025-10-25 21:09:20,en,What strategies work best for {keyword} investment?,0.87,0.3796540517281792,0.57
8601295,investment planning,economics,How do economic conditions affect investment planning performance?,implementation,Expert,"[""Introduction to investment planning"", ""Key points and analysis"", ""Practical examples"", ""Expert insights"", ""Action items"", ""Conclusion""]","[""investment"", ""planning"", ""implementation"", ""market"", ""economics""]",4,Portfolio Managers & Financial Experts,"[""portfolio management"", ""market analysis"", ""financial modeling""]",66,8,2025-10-25 21:09:20,en,How do economic conditions affect {keyword} performance?,0.64,1.0,0.86
8601296,cybersecurity,it,What are the latest trends in cybersecurity technology?,how_to,Expert,"[""Introduction to cybersecurity"", ""Key concepts and definitions"", ""Main categories or types"", ""Examples and case studies"", ""Benefits and advantages"", ""Summary and recommendations""]","[""how_to"", ""software"", ""it"", ""programming"", ""cybersecurity""]",5,Architects & Technical Directors,"[""machine learning"", ""cloud computing"", ""web development"", ""data science""]",55,8,2025-10-25 21:09:20,en,What are the latest trends in {keyword} technology?,0.66,1.0,0.85
8601297,investment planning,economics,What exit strategies should be considered for investment planning?,how_to,Advanced,"[""Introduction to investment planning"", ""Key points and analysis"", ""Practical examples"", ""Expert insights"", ""Action items"", ""Conclusion""]","[""investment"", ""how_to"", ""planning"", ""finance"", ""market"", ""economics""]",4,Professional Investors & Advisors,"[""portfolio management"", ""financial modeling"", ""market analysis""]",66,9,2025-10-25 21:09:20,en,What exit strategies should be considered for {keyword}?,0.62,0.9150718640240877,0.51
8601298,data science,it,What are the key components of a data science implementation?,troubleshooting,Expert,"[""Introduction to data science"", ""Key concepts and definitions"", ""Main categories or types"", ""Examples and case studies"", ""Benefits and advantages"", ""Summary and recommendations""]","[""technology"", ""development"", ""it"", ""troubleshooting"", ""science"", ""data""]",6,Architects & Technical Directors,"[""web development"", ""cybersecurity"", ""machine learning"", ""cloud computing""]",61,10,2025-10-25 21:09:20,en,What are the key components of a {keyword} implementation?,0.84,1.0,0.66
8601299,content marketing,marketing,How do you optimize content marketing for mobile users?,best_practice,Beginner,"[""Overview of content marketing"", ""Step-by-step implementation"", ""Best practices and tips"", ""Common challenges and solutions"", ""Tools and resources needed"", ""Conclusion and next steps""]","[""content"", ""promotion"", ""best_practice"", ""marketing"", ""branding""]",6,Marketing Students & Interns,"[""brand management"", ""digital marketing"", ""social media""]",55,9,2025-10-25 21:09:20,en,How do you optimize {keyword} for mobile users?,0.78,0.45882013444199177,0.54
8601300,web development,it,How do you choose the right technology stack for web development?,how_to,Beginner,"[""Overview of web development"", ""Step-by-step implementation"", ""Best practices and tips"", ""Common challenges and solutions"", ""Tools and resources needed"", ""Conclusion and next steps""]","[""how_to"", ""technology"", ""development"", ""it"", ""programming"", ""web""]",6,Students & Entry-level Developers,"[""cybersecurity"", ""machine learning"", ""cloud computing"", ""data science""]",65,11,2025-10-25 21:09:20,en,How do you choose the right technology stack for {keyword}?,0.83,0.31050908856901765,0.67
8601301,brand management,marketing,How do you measure the ROI of brand management campaigns?,how_to,Beginner,"[""Overview of brand management"", ""Step-by-step implementation"", ""Best practices and tips"", ""Common challenges and solutions"", ""Tools and resources needed"", ""Conclusion and next steps""]","[""how_to"", ""marketing"", ""management"", ""advertising"", ""branding"", ""brand""]",6,Marketing Students & Interns,"[""social media"", ""digital marketing"", ""content marketing""]",57,10,2025-10-25 21:09:20,en,How do you measure the ROI of {keyword} campaigns?,0.67,0.4399366779088051,0.52
8601302,machine learning,it,How can machine learning improve system performance and scalability?,comparison,Beginner,"[""Introduction to machine learning"", ""Key points and analysis"", ""Practical examples"", ""Expert insights"", ""Action items"", ""Conclusion""]","[""development"", ""it"", ""comparison"", ""learning"", ""machine"", ""technology""]",4,Students & Entry-level Developers,"[""web development"", ""data science"", ""cybersecurity"", ""cloud computing""]",68,9,2025-10-25 21:09:20,en,How can {keyword} improve system performance and scalability?,0.83,0.34562250550925294,0.48
8601303,content marketing,marketing,What budget should be allocated to content marketing?,evaluation,Advanced,"[""Introduction to content marketing"", ""Key points and analysis"", ""Practical examples"", ""Expert insights"", ""Action items"", ""Conclusion""]","[""content"", ""marketing"", ""advertising"", ""branding"", ""evaluation""]",4,Marketing Managers & Strategists,"[""brand management"", ""digital marketing"", ""social media""]",53,8,2025-10-25 21:09:20,en,What budget should be allocated to {keyword}?,0.9,0.9238164706333772,0.39
8601304,social media,marketing,How do you reach new customers through social media?,evaluation,Advanced,"[""Overview of social media"", ""Step-by-step implementation"", ""Best practices and tips"", ""Common challenges and solutions"", ""Tools and resources needed"", ""Conclusion and next steps""]","[""media"", ""marketing"", ""digital"", ""social"", ""advertising"", ""evaluation""]",6,Marketing Managers & Strategists,"[""digital marketing"", ""content marketing"", ""brand management""]",52,9,2025-10-25 21:09:20,en,How do you reach new customers through {keyword}?,0.81,0.8155992724328373,0.54
8601305,digital marketing,marketing,How do you track and analyze digital marketing performance?,evaluation,Expert,"[""Overview of digital marketing"", ""Step-by-step implementation"", ""Best practices and tips"", ""Common challenges and solutions"", ""Tools and resources needed"", ""Conclusion and next steps""]","[""promotion"", ""marketing"", ""digital"", ""branding"", ""evaluation""]",6,Marketing Directors & CMOs,"[""brand management"", ""content marketing"", ""social media""]",59,9,2025-10-25 21:09:20,en,How do you track and analyze {keyword} performance?,0.64,1.0,0.88
8601306,market analysis,economics,What is the optimal allocation for market analysis in a portfolio?,optimization,Beginner,"[""Introduction to market analysis"", ""Key points and analysis"", ""Practical examples"", ""Expert insights"", ""Action items"", ""Conclusion""]","[""investment"", ""analysis"", ""market"", ""optimization"", ""economics""]",4,Students & New Investors,"[""portfolio management"", ""investment planning"", ""financial modeling""]",66,11,2025-10-25 21:09:20,en,What is the optimal allocation for {keyword} in a portfolio?,0.82,0.4802006536726836,0.55
8601307,digital marketing,marketing,What tools are essential for digital marketing analytics?,optimization,Expert,"[""Introduction to digital marketing"", ""Key points and analysis"", ""Practical examples"", ""Expert insights"", ""Action items"", ""Conclusion""]","[""branding"", ""marketing"", ""optimization"", ""digital""]",4,Marketing Directors & CMOs,"[""content marketing"", ""brand management"", ""social media""]",57,8,2025-10-25 21:09:20,en,What tools are essential for {keyword} analytics?,0.91,1.0,0.48
8601308,brand management,marketing,What emerging platforms support brand management?,analysis,Advanced,"[""Introduction to brand management"", ""Key points and analysis"", ""Practical examples"", ""Expert insights"", ""Action items"", ""Conclusion""]","[""analysis"", ""promotion"", ""marketing"", ""management"", ""branding"", ""brand""]",4,Marketing Managers & Strategists,"[""social media"", ""digital marketing"", ""content marketing""]",49,6,2025-10-25 21:09:20,en,What emerging platforms support {keyword}?,0.82,0.8264489463417135,0.56
8601309,market analysis,economics,What are the regulatory considerations for market analysis?,implementation,Beginner,"[""Introduction to market analysis"", ""Key concepts and definitions"", ""Main categories or types"", ""Examples and case studies"", ""Benefits and advantages"", ""Summary and recommendations""]","[""finance"", ""analysis"", ""implementation"", ""market"", ""economics""]",6,Students & New Investors,"[""portfolio management"", ""investment planning"", ""financial modeling""]",59,8,2025-10-25 21:09:20,en,What are the regulatory considerations for {keyword}?,0.86,0.33254354161484456,0.61
8601310,market analysis,economics,How do you benchmark market analysis against alternatives?,how_to,Expert,"[""Overview of market analysis"", ""Step-by-step implementation"", ""Best practices and tips"", ""Common challenges and solutions"", ""Tools and resources needed"", ""Conclusion and next steps""]","[""investment"", ""how_to"", ""analysis"", ""market"", ""economics""]",6,Portfolio Managers & Financial Experts,"[""financial modeling"", ""investment planning"", ""portfolio management""]",58,8,2025-10-25 21:09:20,en,How do you benchmark {keyword} against alternatives?,0.87,1.0,0.68
8601311,cybersecurity,it,What are the cost considerations for cybersecurity?,strategy,Advanced,"[""Introduction to cybersecurity"", ""Key concepts and definitions"", ""Main categories or types"", ""Examples and case studies"", ""Benefits and advantages"", ""Summary and recommendations""]","[""software"", ""it"", ""programming"", ""strategy"", ""cybersecurity""]",5,Senior Developers & Tech Leads,"[""data science"", ""web development"", ""cloud computing"", ""machine learning""]",51,7,2025-10-25 21:09:20,en,What are the cost considerations for {keyword}?,0.71,0.9371993537608545,0.58
8601312,machine learning,it,What ROI can be expected from machine learning implementation?,comparison,Beginner,"[""Introduction to machine learning"", ""Key points and analysis"", ""Practical examples"", ""Expert insights"", ""Action items"", ""Conclusion""]","[""software"", ""it"", ""comparison"", ""learning"", ""machine"", ""technology""]",4,Students & Entry-level Developers,"[""web development"", ""data science"", ""cloud computing"", ""cybersecurity""]",62,9,2025-10-25 21:09:20,en,What ROI can be expected from {keyword} implementation?,0.74,0.34174823825882805,0.55
8601313,market analysis,economics,What is the optimal allocation for market analysis in a portfolio?,optimization,Intermediate,"[""Introduction to market analysis"", ""Key points and analysis"", ""Practical examples"", ""Expert insights"", ""Action items"", ""Conclusion""]","[""investment"", ""analysis"", ""market"", ""optimization"", ""economics""]",4,Individual Investors & Analysts,"[""portfolio management"", ""investment planning"", ""financial modeling""]",66,11,2025-10-25 21:09:20,en,What is the optimal allocation for {keyword} in a portfolio?,0.68,0.7876158485406897,0.35
8601314,web development,it,How does web development impact business operations?,comparison,Advanced,"[""Introduction to web development"", ""Key points and analysis"", ""Practical examples"", ""Expert insights"", ""Action items"", ""Conclusion""]","[""software"", ""development"", ""it"", ""comparison"", ""programming"", ""web""]",4,Senior Developers & Tech Leads,"[""cybersecurity"", ""cloud computing"", ""machine learning"", ""data science""]",52,7,2025-10-25 21:09:20,en,How does {keyword} impact business operations?,0.74,0.8503506235226029,0.76
8601315,financial modeling,economics,How do you identify opportunities in financial modeling markets?,strategy,Intermediate,"[""Overview of financial modeling"", ""Step-by-step implementation"", ""Best practices and tips"", ""Common challenges and solutions"", ""Tools and resources needed"", ""Conclusion and next steps""]","[""investment"", ""finance"", ""modeling"", ""financial"", ""strategy"", ""economics""]",6,Individual Investors & Analysts,"[""investment planning"", ""market analysis"", ""portfolio management""]",64,9,2025-10-25 21:09:20,en,How do you identify opportunities in {keyword} markets?,0.87,0.7434026976100144,0.38
8601316,portfolio management,economics,How do you diversify your portfolio using portfolio management?,comparison,Beginner,"[""Overview of portfolio management"", ""Step-by-step implementation"", ""Best practices and tips"", ""Common challenges and solutions"", ""Tools and resources needed"", ""Conclusion and next steps""]","[""investment"", ""finance"", ""portfolio"", ""comparison"", ""management"", ""economics""]",6,Students & New Investors,"[""market analysis"", ""investment planning"", ""financial modeling""]",63,9,2025-10-25 21:09:20,en,How do you diversify your portfolio using {keyword}?,0.68,0.3092829907357319,0.34
8601317,social media,marketing,What does the future hold for social media?,how_to,Intermediate,"[""Introduction to social media"", ""Key points and analysis"", ""Practical examples"", ""Expert insights"", ""Action items"", ""Conclusion""]","[""how_to"", ""media"", ""marketing"", ""digital"", ""social"", ""branding""]",4,Marketing Coordinators & Specialists,"[""digital marketing"", ""brand management"", ""content marketing""]",43,8,2025-10-25 21:09:20,en,What does the future hold for {keyword}?,0.91,0.6794310234354299,0.89
8601318,content marketing,marketing,How do you improve content marketing conversion rates?,strategy,Beginner,"[""Overview of content marketing"", ""Step-by-step implementation"", ""Best practices and tips"", ""Common challenges and solutions"", ""Tools and resources needed"", ""Conclusion and next steps""]","[""content"", ""promotion"", ""marketing"", ""advertising"", ""strategy""]",6,Marketing Students & Interns,"[""brand management"", ""social media"", ""digital marketing""]",54,8,2025-10-25 21:09:20,en,How do you improve {keyword} conversion rates?,0.69,0.45290378016587063,0.34
8601319,financial modeling,economics,How do you identify opportunities in financial modeling markets?,strategy,Beginner,"[""Overview of financial modeling"", ""Step-by-step implementation"", ""Best practices and tips"", ""Common challenges and solutions"", ""Tools and resources needed"", ""Conclusion and next steps""]","[""modeling"", ""financial"", ""business"", ""market"", ""strategy"", ""economics""]",6,Students & New Investors,"[""investment planning"", ""portfolio management"", ""market analysis""]",64,9,2025-10-25 21:09:20,en,How do you identify opportunities in {keyword} markets?,0.73,0.45347634251749835,0.55
8601320,web development,it,How can web development improve system performance and scalability?,best_practice,Intermediate,"[""Introduction to web development"", ""Key points and analysis"", ""Practical examples"", ""Expert insights"", ""Action items"", ""Conclusion""]","[""development"", ""it"", ""programming"", ""best_practice"", ""web""]",4,Junior to Mid-level Developers,"[""data science"", ""cybersecurity"", ""machine learning"", ""cloud computing""]",67,9,2025-10-25 21:09:20,en,How can {keyword} improve system performance and scalability?,0.88,0.6676873712770869,0.9
8601321,brand management,marketing,What channels are most effective for brand management?,best_practice,Beginner,"[""Introduction to brand management"", ""Key points and analysis"", ""Practical examples"", ""Expert insights"", ""Action items"", ""Conclusion""]","[""promotion"", ""best_practice"", ""marketing"", ""management"", ""advertising"", ""brand""]",4,Marketing Students & Interns,"[""content marketing"", ""social media"", ""digital marketing""]",54,8,2025-10-25 21:09:20,en,What channels are most effective for {keyword}?,0.78,0.4218379201434845,0.49
8601322,machine learning,it,What are the latest trends in machine learning technology?,planning,Intermediate,"[""Introduction to machine learning"", ""Key concepts and definitions"", ""Main categories or types"", ""Examples and case studies"", ""Benefits and advantages"", ""Summary and recommendations""]","[""planning"", ""software"", ""it"", ""learning"", ""machine"", ""technology""]",6,Junior to Mid-level Developers,"[""cybersecurity"", ""web development"", ""data science"", ""cloud computing""]",58,9,2025-10-25 21:09:20,en,What are the latest trends in {keyword} technology?,0.73,0.6832287755244442,0.64
8601323,financial modeling,economics,What tools help analyze financial modeling data?,comparison,Intermediate,"[""Introduction to financial modeling"", ""Key points and analysis"", ""Practical examples"", ""Expert insights"", ""Action items"", ""Conclusion""]","[""finance"", ""comparison"", ""modeling"", ""financial"", ""business"", ""economics""]",4,Individual Investors & Analysts,"[""market analysis"", ""investment planning"", ""portfolio management""]",48,7,2025-10-25 21:09:20,en,What tools help analyze {keyword} data?,0.68,0.7507199237882414,0.49
8601324,investment planning,economics,How do you benchmark investment planning against alternatives?,troubleshooting,Advanced,"[""Overview of investment planning"", ""Step-by-step implementation"", ""Best practices and tips"", ""Common challenges and solutions"", ""Tools and resources needed"", ""Conclusion and next steps""]","[""investment"", ""planning"", ""finance"", ""troubleshooting"", ""economics""]",6,Professional Investors & Advisors,"[""financial modeling"", ""market analysis"", ""portfolio management""]",62,8,2025-10-25 21:09:20,en,How do you benchmark {keyword} against alternatives?,0.63,0.898078083880459,0.47
8601325,financial modeling,economics,What are the seasonal patterns in financial modeling?,best_practice,Expert,"[""Introduction to financial modeling"", ""Key concepts and definitions"", ""Main categories or types"", ""Examples and case studies"", ""Benefits and advantages"", ""Summary and recommendations""]","[""finance"", ""best_practice"", ""modeling"", ""financial"", ""business"", ""economics""]",6,Portfolio Managers & Financial Experts,"[""market analysis"", ""investment planning"", ""portfolio management""]",53,8,2025-10-25 21:09:20,en,What are the seasonal patterns in {keyword}?,0.71,1.0,0.37
8601326,content marketing,marketing,What demographics respond best to content marketing?,implementation,Expert,"[""Introduction to content marketing"", ""Key points and analysis"", ""Practical examples"", ""Expert insights"", ""Action items"", ""Conclusion""]","[""content"", ""implementation"", ""promotion"", ""marketing"", ""branding""]",4,Marketing Directors & CMOs,"[""brand management"", ""digital marketing"", ""social media""]",52,7,2025-10-25 21:09:20,en,What demographics respond best to {keyword}?,0.75,1.0,0.37
8601327,brand management,marketing,How do you optimize brand management for mobile users?,strategy,Intermediate,"[""Overview of brand management"", ""Step-by-step implementation"", ""Best practices and tips"", ""Common challenges and solutions"", ""Tools and resources needed"", ""Conclusion and next steps""]","[""digital"", ""marketing"", ""management"", ""advertising"", ""strategy"", ""brand""]",6,Marketing Coordinators & Specialists,"[""content marketing"", ""digital marketing"", ""social media""]",54,9,2025-10-25 21:09:20,en,How do you optimize {keyword} for mobile users?,0.77,0.7324379115040246,0.76
8601328,cybersecurity,it,How do you implement cybersecurity in a production environment?,implementation,Expert,"[""Overview of cybersecurity"", ""Step-by-step implementation"", ""Best practices and tips"", ""Common challenges and solutions"", ""Tools and resources needed"", ""Conclusion and next steps""]","[""it"", ""implementation"", ""programming"", ""cybersecurity"", ""technology""]",5,Architects & Technical Directors,"[""cloud computing"", ""data science"", ""machine learning"", ""web development""]",63,9,2025-10-25 21:09:20,en,How do you implement {keyword} in a production environment?,0.88,1.0,0.51
8601329,content marketing,marketing,What are the latest trends in content marketing?,planning,Expert,"[""Introduction to content marketing"", ""Key concepts and definitions"", ""Main categories or types"", ""Examples and case studies"", ""Benefits and advantages"", ""Summary and recommendations""]","[""planning"", ""content"", ""marketing"", ""digital"", ""branding""]",6,Marketing Directors & CMOs,"[""social media"", ""brand management"", ""digital marketing""]",48,8,2025-10-25 21:09:20,en,What are the latest trends in {keyword}?,0.85,1.0,0.39
8601330,content marketing,marketing,How do you innovate within content marketing?,troubleshooting,Beginner,"[""Overview of content marketing"", ""Step-by-step implementation"", ""Best practices and tips"", ""Common challenges and solutions"", ""Tools and resources needed"", ""Conclusion and next steps""]","[""content"", ""promotion"", ""troubleshooting"", ""marketing"", ""branding""]",6,Marketing Students & Interns,"[""brand management"", ""social media"", ""digital marketing""]",45,7,2025-10-25 21:09:20,en,How do you innovate within {keyword}?,0.86,0.38605556834392707,0.33
8601331,portfolio management,economics,What timeline is realistic for portfolio management returns?,analysis,Beginner,"[""Introduction to portfolio management"", ""Key points and analysis"", ""Practical examples"", ""Expert insights"", ""Action items"", ""Conclusion""]","[""finance"", ""analysis"", ""portfolio"", ""management"", ""business"", ""economics""]",4,Students & New Investors,"[""financial modeling"", ""market analysis"", ""investment planning""]",60,8,2025-10-25 21:09:20,en,What timeline is realistic for {keyword} returns?,0.84,0.3969244644938257,0.48
8601332,financial modeling,economics,How do you identify opportunities in financial modeling markets?,evaluation,Intermediate,"[""Overview of financial modeling"", ""Step-by-step implementation"", ""Best practices and tips"", ""Common challenges and solutions"", ""Tools and resources needed"", ""Conclusion and next steps""]","[""investment"", ""finance"", ""modeling"", ""financial"", ""evaluation"", ""economics""]",6,Individual Investors & Analysts,"[""investment planning"", ""portfolio management"", ""market analysis""]",64,9,2025-10-25 21:09:20,en,How do you identify opportunities in {keyword} markets?,0.69,0.7646211940052924,0.58
8601333,machine learning,it,How do you get started with machine learning as a beginner?,implementation,Intermediate,"[""Overview of machine learning"", ""Step-by-step implementation"", ""Best practices and tips"", ""Common challenges and solutions"", ""Tools and resources needed"", ""Conclusion and next steps""]","[""software"", ""development"", ""it"", ""implementation"", ""learning"", ""machine""]",6,Junior to Mid-level Developers,"[""cloud computing"", ""data science"", ""web development"", ""cybersecurity""]",59,11,2025-10-25 21:09:20,en,How do you get started with {keyword} as a beginner?,0.66,0.7628263667963375,0.39
8601334,cloud computing,it,Which frameworks support cloud computing implementation?,strategy,Advanced,"[""Introduction to cloud computing"", ""Key points and analysis"", ""Practical examples"", ""Expert insights"", ""Action items"", ""Conclusion""]","[""computing"", ""cloud"", ""development"", ""it"", ""strategy"", ""technology""]",4,Senior Developers & Tech Leads,"[""web development"", ""data science"", ""cybersecurity"", ""machine learning""]",56,6,2025-10-25 21:09:20,en,Which frameworks support {keyword} implementation?,0.86,0.9748517087562465,0.88
8601335,data science,it,How do you convince stakeholders to invest in data science?,troubleshooting,Expert,"[""Overview of data science"", ""Step-by-step implementation"", ""Best practices and tips"", ""Common challenges and solutions"", ""Tools and resources needed"", ""Conclusion and next steps""]","[""technology"", ""development"", ""it"", ""troubleshooting"", ""science"", ""data""]",6,Architects & Technical Directors,"[""cloud computing"", ""web development"", ""cybersecurity"", ""machine learning""]",59,10,2025-10-25 21:09:20,en,How do you convince stakeholders to invest in {keyword}?,0.84,1.0,0.47
8601336,content marketing,marketing,How do you attribute success to content marketing efforts?,comparison,Advanced,"[""Overview of content marketing"", ""Step-by-step implementation"", ""Best practices and tips"", ""Common challenges and solutions"", ""Tools and resources needed"", ""Conclusion and next steps""]","[""content"", ""promotion"", ""comparison"", ""marketing"", ""branding""]",6,Marketing Managers & Strategists,"[""brand management"", ""digital marketing"", ""social media""]",58,9,2025-10-25 21:09:20,en,How do you attribute success to {keyword} efforts?,0.75,0.8736602715880285,0.86
8601337,financial modeling,economics,What timeline is realistic for financial modeling returns?,how_to,Expert,"[""Introduction to financial modeling"", ""Key points and analysis"", ""Practical examples"", ""Expert insights"", ""Action items"", ""Conclusion""]","[""how_to"", ""finance"", ""modeling"", ""financial"", ""market"", ""economics""]",4,Portfolio Managers & Financial Experts,"[""market analysis"", ""investment planning"", ""portfolio management""]",58,8,2025-10-25 21:09:20,en,What timeline is realistic for {keyword} returns?,0.94,1.0,0.7
8601338,investment planning,economics,How do you report on investment planning performance to stakeholders?,implementation,Expert,"[""Overview of investment planning"", ""Step-by-step implementation"", ""Best practices and tips"", ""Common challenges and solutions"", ""Tools and resources needed"", ""Conclusion and next steps""]","[""investment"", ""planning"", ""implementation"", ""market"", ""economics""]",6,Portfolio Managers & Financial Experts,"[""financial modeling"", ""market analysis"", ""portfolio management""]",69,10,2025-10-25 21:09:20,en,How do you report on {keyword} performance to stakeholders?,0.94,1.0,0.6
8601339,cybersecurity,it,How do you get started with cybersecurity as a beginner?,analysis,Expert,"[""Overview of cybersecurity"", ""Step-by-step implementation"", ""Best practices and tips"", ""Common challenges and solutions"", ""Tools and resources needed"", ""Conclusion and next steps""]","[""software"", ""development"", ""analysis"", ""it"", ""cybersecurity""]",5,Architects & Technical Directors,"[""web development"", ""cloud computing"", ""machine learning"", ""data science""]",56,10,2025-10-25 21:09:20,en,How do you get started with {keyword} as a beginner?,0.68,1.0,0.85
8601340,content marketing,marketing,What demographics respond best to content marketing?,evaluation,Advanced,"[""Introduction to content marketing"", ""Key points and analysis"", ""Practical examples"", ""Expert insights"", ""Action items"", ""Conclusion""]","[""content"", ""marketing"", ""digital"", ""branding"", ""evaluation""]",4,Marketing Managers & Strategists,"[""social media"", ""digital marketing"", ""brand management""]",52,7,2025-10-25 21:09:20,en,What demographics respond best to {keyword}?,0.94,0.9956784712218776,0.63
8601341,content marketing,marketing,What A/B tests should you run for content marketing?,how_to,Expert,"[""Introduction to content marketing"", ""Key points and analysis"", ""Practical examples"", ""Expert insights"", ""Action items"", ""Conclusion""]","[""how_to"", ""content"", ""digital"", ""marketing"", ""branding""]",4,Marketing Directors & CMOs,"[""brand management"", ""digital marketing"", ""social media""]",52,9,2025-10-25 21:09:20,en,What A/B tests should you run for {keyword}?,0.86,1.0,0.76
8601342,cybersecurity,it,How do you get started with cybersecurity as a beginner?,strategy,Expert,"[""Overview of cybersecurity"", ""Step-by-step implementation"", ""Best practices and tips"", ""Common challenges and solutions"", ""Tools and resources needed"", ""Conclusion and next steps""]","[""development"", ""it"", ""strategy"", ""cybersecurity"", ""technology""]",5,Architects & Technical Directors,"[""web development"", ""machine learning"", ""cloud computing"", ""data science""]",56,10,2025-10-25 21:09:20,en,How do you get started with {keyword} as a beginner?,0.7,1.0,0.31
8601343,market analysis,economics,How do you create a long-term plan for market analysis?,troubleshooting,Expert,"[""Overview of market analysis"", ""Step-by-step implementation"", ""Best practices and tips"", ""Common challenges and solutions"", ""Tools and resources needed"", ""Conclusion and next steps""]","[""analysis"", ""troubleshooting"", ""market"", ""business"", ""economics""]",6,Portfolio Managers & Financial Experts,"[""investment planning"", ""financial modeling"", ""portfolio management""]",55,10,2025-10-25 21:09:20,en,How do you create a long-term plan for {keyword}?,0.7,1.0,0.31
8601344,brand management,marketing,How do you create a brand management roadmap?,how_to,Advanced,"[""Overview of brand management"", ""Step-by-step implementation"", ""Best practices and tips"", ""Common challenges and solutions"", ""Tools and resources needed"", ""Conclusion and next steps""]","[""how_to"", ""digital"", ""marketing"", ""management"", ""advertising"", ""brand""]",6,Marketing Managers & Strategists,"[""social media"", ""content marketing"", ""digital marketing""]",45,8,2025-10-25 21:09:20,en,How do you create a {keyword} roadmap?,0.91,0.8324812475116528,0.77
8601345,cybersecurity,it,How do you optimize cybersecurity for different platforms?,best_practice,Expert,"[""Overview of cybersecurity"", ""Step-by-step implementation"", ""Best practices and tips"", ""Common challenges and solutions"", ""Tools and resources needed"", ""Conclusion and next steps""]","[""development"", ""it"", ""best_practice"", ""cybersecurity"", ""technology""]",5,Architects & Technical Directors,"[""web development"", ""cloud computing"", ""machine learning"", ""data science""]",58,8,2025-10-25 21:09:20,en,How do you optimize {keyword} for different platforms?,0.71,1.0,0.88
8601346,market analysis,economics,What are the seasonal patterns in market analysis?,implementation,Intermediate,"[""Introduction to market analysis"", ""Key concepts and definitions"", ""Main categories or types"", ""Examples and case studies"", ""Benefits and advantages"", ""Summary and recommendations""]","[""investment"", ""finance"", ""analysis"", ""implementation"", ""market"", ""economics""]",6,Individual Investors & Analysts,"[""portfolio management"", ""financial modeling"", ""investment planning""]",50,8,2025-10-25 21:09:20,en,What are the seasonal patterns in {keyword}?,0.94,0.6647838125661089,0.59
8601347,web development,it,What are the latest trends in web development technology?,best_practice,Advanced,"[""Introduction to web development"", ""Key concepts and definitions"", ""Main categories or types"", ""Examples and case studies"", ""Benefits and advantages"", ""Summary and recommendations""]","[""technology"", ""development"", ""it"", ""programming"", ""best_practice"", ""web""]",6,Senior Developers & Tech Leads,"[""data science"", ""machine learning"", ""cloud computing"", ""cybersecurity""]",57,9,2025-10-25 21:09:20,en,What are the latest trends in {keyword} technology?,0.65,0.9693485940411924,0.69
8601348,investment planning,economics,What exit strategies should be considered for investment planning?,best_practice,Intermediate,"[""Introduction to investment planning"", ""Key points and analysis"", ""Practical examples"", ""Expert insights"", ""Action items"", ""Conclusion""]","[""investment"", ""planning"", ""finance"", ""best_practice"", ""market"", ""economics""]",4,Individual Investors & Analysts,"[""financial modeling"", ""portfolio management"", ""market analysis""]",66,9,2025-10-25 21:09:20,en,What exit strategies should be considered for {keyword}?,0.92,0.6366225182431962,0.77
8601349,content marketing,marketing,How do you improve content marketing conversion rates?,implementation,Advanced,"[""Overview of content marketing"", ""Step-by-step implementation"", ""Best practices and tips"", ""Common challenges and solutions"", ""Tools and resources needed"", ""Conclusion and next steps""]","[""content"", ""implementation"", ""promotion"", ""marketing"", ""digital""]",6,Marketing Managers & Strategists,"[""digital marketing"", ""social media"", ""brand management""]",54,8,2025-10-25 21:09:20,en,How do you improve {keyword} conversion rates?,0.69,0.8421343295224304,0.56
8601350,web development,it,What ROI can be expected from web development implementation?,strategy,Beginner,"[""Introduction to web development"", ""Key points and analysis"", ""Practical examples"", ""Expert insights"", ""Action items"", ""Conclusion""]","[""development"", ""web"", ""it"", ""programming"", ""strategy"", ""technology""]",4,Students & Entry-level Developers,"[""cybersecurity"", ""data science"", ""machine learning"", ""cloud computing""]",61,9,2025-10-25 21:09:20,en,What ROI can be expected from {keyword} implementation?,0.91,0.3694731508431524,0.85
8601351,market analysis,economics,How do you protect your market analysis investments?,how_to,Expert,"[""Overview of market analysis"", ""Step-by-step implementation"", ""Best practices and tips"", ""Common challenges and solutions"", ""Tools and resources needed"", ""Conclusion and next steps""]","[""how_to"", ""analysis"", ""market"", ""business"", ""economics""]",6,Portfolio Managers & Financial Experts,"[""investment planning"", ""financial modeling"", ""portfolio management""]",52,8,2025-10-25 21:09:20,en,How do you protect your {keyword} investments?,0.92,1.0,0.65
8601352,cybersecurity,it,How do you get started with cybersecurity as a beginner?,how_to,Expert,"[""Overview of cybersecurity"", ""Step-by-step implementation"", ""Best practices and tips"", ""Common challenges and solutions"", ""Tools and resources needed"", ""Conclusion and next steps""]","[""how_to"", ""software"", ""it"", ""cybersecurity"", ""technology""]",5,Architects & Technical Directors,"[""web development"", ""data science"", ""cloud computing"", ""machine learning""]",56,10,2025-10-25 21:09:20,en,How do you get started with {keyword} as a beginner?,0.93,1.0,0.44
8601353,market analysis,economics,How do you identify opportunities in market analysis markets?,optimization,Advanced,"[""Overview of market analysis"", ""Step-by-step implementation"", ""Best practices and tips"", ""Common challenges and solutions"", ""Tools and resources needed"", ""Conclusion and next steps""]","[""finance"", ""analysis"", ""market"", ""optimization"", ""economics""]",6,Professional Investors & Advisors,"[""investment planning"", ""financial modeling"", ""portfolio management""]",61,9,2025-10-25 21:09:20,en,How do you identify opportunities in {keyword} markets?,0.8,0.8290207915524259,0.49
8601354,market analysis,economics,How do you protect your market analysis investments?,best_practice,Intermediate,"[""Overview of market analysis"", ""Step-by-step implementation"", ""Best practices and tips"", ""Common challenges and solutions"", ""Tools and resources needed"", ""Conclusion and next steps""]","[""finance"", ""analysis"", ""best_practice"", ""market"", ""economics""]",6,Individual Investors & Analysts,"[""investment planning"", ""financial modeling"", ""portfolio management""]",52,8,2025-10-25 21:09:20,en,How do you protect your {keyword} investments?,0.63,0.7188383393121637,0.83
8601355,digital marketing,marketing,How do you track and analyze digital marketing performance?,evaluation,Beginner,"[""Overview of digital marketing"", ""Step-by-step implementation"", ""Best practices and tips"", ""Common challenges and solutions"", ""Tools and resources needed"", ""Conclusion and next steps""]","[""evaluation"", ""marketing"", ""promotion"", ""digital""]",6,Marketing Students & Interns,"[""social media"", ""brand management"", ""content marketing""]",59,9,2025-10-25 21:09:20,en,How do you track and analyze {keyword} performance?,0.65,0.3724365304078881,0.32
8601356,data science,it,What career opportunities exist in data science?,planning,Expert,"[""Introduction to data science"", ""Key points and analysis"", ""Practical examples"", ""Expert insights"", ""Action items"", ""Conclusion""]","[""planning"", ""development"", ""it"", ""programming"", ""science"", ""data""]",4,Architects & Technical Directors,"[""cybersecurity"", ""cloud computing"", ""web development"", ""machine learning""]",48,7,2025-10-25 21:09:20,en,What career opportunities exist in {keyword}?,0.77,1.0,0.56
8601357,financial modeling,economics,How do economic conditions affect financial modeling performance?,planning,Expert,"[""Introduction to financial modeling"", ""Key points and analysis"", ""Practical examples"", ""Expert insights"", ""Action items"", ""Conclusion""]","[""planning"", ""modeling"", ""financial"", ""market"", ""business"", ""economics""]",4,Portfolio Managers & Financial Experts,"[""investment planning"", ""portfolio management"", ""market analysis""]",65,8,2025-10-25 21:09:20,en,How do economic conditions affect {keyword} performance?,0.6,1.0,0.83
8601358,brand management,marketing,What budget should be allocated to brand management?,troubleshooting,Expert,"[""Introduction to brand management"", ""Key points and analysis"", ""Practical examples"", ""Expert insights"", ""Action items"", ""Conclusion""]","[""promotion"", ""troubleshooting"", ""marketing"", ""management"", ""branding"", ""brand""]",4,Marketing Directors & CMOs,"[""digital marketing"", ""social media"", ""content marketing""]",52,8,2025-10-25 21:09:20,en,What budget should be allocated to {keyword}?,0.7,1.0,0.42
8601359,cloud computing,it,How does cloud computing impact business operations?,strategy,Advanced,"[""Introduction to cloud computing"", ""Key points and analysis"", ""Practical examples"", ""Expert insights"", ""Action items"", ""Conclusion""]","[""computing"", ""cloud"", ""it"", ""programming"", ""strategy"", ""technology""]",4,Senior Developers & Tech Leads,"[""data science"", ""machine learning"", ""cybersecurity"", ""web development""]",52,7,2025-10-25 21:09:20,en,How does {keyword} impact business operations?,0.79,0.8126188361557636,0.75
8601360,content marketing,marketing,What demographics respond best to content marketing?,planning,Advanced,"[""Introduction to content marketing"", ""Key points and analysis"", ""Practical examples"", ""Expert insights"", ""Action items"", ""Conclusion""]","[""planning"", ""content"", ""promotion"", ""marketing"", ""advertising""]",4,Marketing Managers & Strategists,"[""brand management"", ""digital marketing"", ""social media""]",52,7,2025-10-25 21:09:20,en,What demographics respond best to {keyword}?,0.93,0.930114220381938,0.41
8601361,market analysis,economics,What insurance options are available for market analysis?,troubleshooting,Beginner,"[""Introduction to market analysis"", ""Key points and analysis"", ""Practical examples"", ""Expert insights"", ""Action items"", ""Conclusion""]","[""finance"", ""analysis"", ""troubleshooting"", ""market"", ""business"", ""economics""]",4,Students & New Investors,"[""portfolio management"", ""financial modeling"", ""investment planning""]",57,8,2025-10-25 21:09:20,en,What insurance options are available for {keyword}?,0.79,0.3728179200644757,0.71
8601362,portfolio management,economics,How does global economics impact portfolio management?,how_to,Intermediate,"[""Introduction to portfolio management"", ""Key points and analysis"", ""Practical examples"", ""Expert insights"", ""Action items"", ""Conclusion""]","[""investment"", ""how_to"", ""portfolio"", ""management"", ""business"", ""economics""]",4,Individual Investors & Analysts,"[""financial modeling"", ""investment planning"", ""market analysis""]",54,7,2025-10-25 21:09:20,en,How does global economics impact {keyword}?,0.61,0.7760095361350468,0.42
8601363,machine learning,it,Which frameworks support machine learning implementation?,optimization,Intermediate,"[""Introduction to machine learning"", ""Key points and analysis"", ""Practical examples"", ""Expert insights"", ""Action items"", ""Conclusion""]","[""development"", ""it"", ""programming"", ""learning"", ""optimization"", ""machine""]",4,Junior to Mid-level Developers,"[""data science"", ""web development"", ""cloud computing"", ""cybersecurity""]",57,6,2025-10-25 21:09:20,en,Which frameworks support {keyword} implementation?,0.78,0.7335827562012392,0.89
8601364,investment planning,economics,How do you create a long-term plan for investment planning?,evaluation,Beginner,"[""Overview of investment planning"", ""Step-by-step implementation"", ""Best practices and tips"", ""Common challenges and solutions"", ""Tools and resources needed"", ""Conclusion and next steps""]","[""investment"", ""planning"", ""finance"", ""evaluation"", ""market"", ""economics""]",6,Students & New Investors,"[""financial modeling"", ""portfolio management"", ""market analysis""]",59,10,2025-10-25 21:09:20,en,How do you create a long-term plan for {keyword}?,0.61,0.4716463071719549,0.51
8601365,financial modeling,economics,What metrics are most important for financial modeling?,implementation,Advanced,"[""Introduction to financial modeling"", ""Key points and analysis"", ""Practical examples"", ""Expert insights"", ""Action items"", ""Conclusion""]","[""finance"", ""implementation"", ""modeling"", ""financial"", ""business"", ""economics""]",4,Professional Investors & Advisors,"[""portfolio management"", ""market analysis"", ""investment planning""]",55,8,2025-10-25 21:09:20,en,What metrics are most important for {keyword}?,0.78,0.88029672694817,0.57
8601366,web development,it,How do you optimize web development for different platforms?,comparison,Expert,"[""Overview of web development"", ""Step-by-step implementation"", ""Best practices and tips"", ""Common challenges and solutions"", ""Tools and resources needed"", ""Conclusion and next steps""]","[""technology"", ""development"", ""it"", ""comparison"", ""programming"", ""web""]",6,Architects & Technical Directors,"[""data science"", ""cloud computing"", ""machine learning"", ""cybersecurity""]",60,9,2025-10-25 21:09:20,en,How do you optimize {keyword} for different platforms?,0.74,1.0,0.61
8601367,cloud computing,it,What are the latest trends in cloud computing technology?,best_practice,Expert,"[""Introduction to cloud computing"", ""Key concepts and definitions"", ""Main categories or types"", ""Examples and case studies"", ""Benefits and advantages"", ""Summary and recommendations""]","[""computing"", ""software"", ""it"", ""programming"", ""best_practice"", ""cloud""]",6,Architects & Technical Directors,"[""data science"", ""machine learning"", ""web development"", ""cybersecurity""]",57,9,2025-10-25 21:09:20,en,What are the latest trends in {keyword} technology?,0.77,1.0,0.61
8601368,machine learning,it,How does machine learning impact business operations?,how_to,Beginner,"[""Introduction to machine learning"", ""Key points and analysis"", ""Practical examples"", ""Expert insights"", ""Action items"", ""Conclusion""]","[""how_to"", ""it"", ""programming"", ""learning"", ""machine"", ""technology""]",4,Students & Entry-level Developers,"[""data science"", ""web development"", ""cloud computing"", ""cybersecurity""]",53,7,2025-10-25 21:09:20,en,How does {keyword} impact business operations?,0.69,0.36632859106540655,0.6
8601369,web development,it,What career opportunities exist in web development?,how_to,Advanced,"[""Introduction to web development"", ""Key points and analysis"", ""Practical examples"", ""Expert insights"", ""Action items"", ""Conclusion""]","[""how_to"", ""development"", ""web"", ""it"", ""programming"", ""technology""]",4,Senior Developers & Tech Leads,"[""data science"", ""cloud computing"", ""machine learning"", ""cybersecurity""]",51,7,2025-10-25 21:09:20,en,What career opportunities exist in {keyword}?,0.8,0.8738182689557475,0.73
8601370,social media,marketing,How do you attribute success to social media efforts?,implementation,Expert,"[""Overview of social media"", ""Step-by-step implementation"", ""Best practices and tips"", ""Common challenges and solutions"", ""Tools and resources needed"", ""Conclusion and next steps""]","[""media"", ""implementation"", ""marketing"", ""digital"", ""social"", ""advertising""]",6,Marketing Directors & CMOs,"[""brand management"", ""content marketing"", ""digital marketing""]",53,9,2025-10-25 21:09:20,en,How do you attribute success to {keyword} efforts?,0.88,1.0,0.5
8601371,web development,it,What are the cost considerations for web development?,comparison,Beginner,"[""Introduction to web development"", ""Key concepts and definitions"", ""Main categories or types"", ""Examples and case studies"", ""Benefits and advantages"", ""Summary and recommendations""]","[""software"", ""development"", ""it"", ""comparison"", ""web""]",6,Students & Entry-level Developers,"[""machine learning"", ""data science"", ""cloud computing"", ""cybersecurity""]",53,8,2025-10-25 21:09:20,en,What are the cost considerations for {keyword}?,0.73,0.3140600187207877,0.5
8601372,market analysis,economics,How do you assess and manage market analysis risks?,implementation,Beginner,"[""Overview of market analysis"", ""Step-by-step implementation"", ""Best practices and tips"", ""Common challenges and solutions"", ""Tools and resources needed"", ""Conclusion and next steps""]","[""analysis"", ""implementation"", ""market"", ""business"", ""economics""]",6,Students & New Investors,"[""portfolio management"", ""investment planning"", ""financial modeling""]",51,9,2025-10-25 21:09:20,en,How do you assess and manage {keyword} risks?,0.79,0.3952379252888194,0.49
8601373,investment planning,economics,How do you create a long-term plan for investment planning?,best_practice,Intermediate,"[""Overview of investment planning"", ""Step-by-step implementation"", ""Best practices and tips"", ""Common challenges and solutions"", ""Tools and resources needed"", ""Conclusion and next steps""]","[""investment"", ""planning"", ""finance"", ""best_practice"", ""business"", ""economics""]",6,Individual Investors & Analysts,"[""market analysis"", ""financial modeling"", ""portfolio management""]",59,10,2025-10-25 21:09:20,en,How do you create a long-term plan for {keyword}?,0.66,0.6287143741096064,0.82
8601374,portfolio management,economics,How do you assess and manage portfolio management risks?,how_to,Advanced,"[""Overview of portfolio management"", ""Step-by-step implementation"", ""Best practices and tips"", ""Common challenges and solutions"", ""Tools and resources needed"", ""Conclusion and next steps""]","[""investment"", ""how_to"", ""portfolio"", ""management"", ""business"", ""economics""]",6,Professional Investors & Advisors,"[""investment planning"", ""financial modeling"", ""market analysis""]",56,9,2025-10-25 21:09:20,en,How do you assess and manage {keyword} risks?,0.88,0.9373447881665562,0.44
8601375,data science,it,Which frameworks support data science implementation?,strategy,Advanced,"[""Introduction to data science"", ""Key points and analysis"", ""Practical examples"", ""Expert insights"", ""Action items"", ""Conclusion""]","[""technology"", ""software"", ""it"", ""science"", ""strategy"", ""data""]",4,Senior Developers & Tech Leads,"[""web development"", ""machine learning"", ""cybersecurity"", ""cloud computing""]",53,6,2025-10-25 21:09:20,en,Which frameworks support {keyword} implementation?,0.85,0.8057197454089045,0.82
8601376,data science,it,What design patterns work best with data science?,troubleshooting,Intermediate,"[""Introduction to data science"", ""Key points and analysis"", ""Practical examples"", ""Expert insights"", ""Action items"", ""Conclusion""]","[""technology"", ""development"", ""it"", ""troubleshooting"", ""science"", ""data""]",4,Junior to Mid-level Developers,"[""web development"", ""cybersecurity"", ""cloud computing"", ""machine learning""]",49,8,2025-10-25 21:09:20,en,What design patterns work best with {keyword}?,0.88,0.7015303608567045,0.37
8601377,market analysis,economics,How do you assess and manage market analysis risks?,troubleshooting,Advanced,"[""Overview of market analysis"", ""Step-by-step implementation"", ""Best practices and tips"", ""Common challenges and solutions"", ""Tools and resources needed"", ""Conclusion and next steps""]","[""investment"", ""finance"", ""analysis"", ""troubleshooting"", ""market"", ""economics""]",6,Professional Investors & Advisors,"[""financial modeling"", ""investment planning"", ""portfolio management""]",51,9,2025-10-25 21:09:20,en,How do you assess and manage {keyword} risks?,0.69,0.8244227524112808,0.74
8601378,data science,it,What ROI can be expected from data science implementation?,strategy,Beginner,"[""Introduction to data science"", ""Key points and analysis"", ""Practical examples"", ""Expert insights"", ""Action items"", ""Conclusion""]","[""technology"", ""development"", ""it"", ""science"", ""strategy"", ""data""]",4,Students & Entry-level Developers,"[""cloud computing"", ""web development"", ""cybersecurity"", ""machine learning""]",58,9,2025-10-25 21:09:20,en,What ROI can be expected from {keyword} implementation?,0.69,0.3640656027053705,0.31
8601379,content marketing,marketing,What A/B tests should you run for content marketing?,evaluation,Advanced,"[""Introduction to content marketing"", ""Key points and analysis"", ""Practical examples"", ""Expert insights"", ""Action items"", ""Conclusion""]","[""content"", ""promotion"", ""marketing"", ""advertising"", ""evaluation""]",4,Marketing Managers & Strategists,"[""social media"", ""brand management"", ""digital marketing""]",52,9,2025-10-25 21:09:20,en,What A/B tests should you run for {keyword}?,0.61,0.9863903716274156,0.65
8601380,investment planning,economics,What exit strategies should be considered for investment planning?,analysis,Intermediate,"[""Introduction to investment planning"", ""Key points and analysis"", ""Practical examples"", ""Expert insights"", ""Action items"", ""Conclusion""]","[""investment"", ""planning"", ""finance"", ""analysis"", ""market"", ""economics""]",4,Individual Investors & Analysts,"[""market analysis"", ""portfolio management"", ""financial modeling""]",66,9,2025-10-25 21:09:20,en,What exit strategies should be considered for {keyword}?,0.63,0.6743359083826391,0.78
8601381,cybersecurity,it,How can cybersecurity improve system performance and scalability?,comparison,Advanced,"[""Introduction to cybersecurity"", ""Key points and analysis"", ""Practical examples"", ""Expert insights"", ""Action items"", ""Conclusion""]","[""development"", ""it"", ""comparison"", ""cybersecurity"", ""technology""]",4,Senior Developers & Tech Leads,"[""web development"", ""data science"", ""machine learning"", ""cloud computing""]",65,8,2025-10-25 21:09:20,en,How can {keyword} improve system performance and scalability?,0.61,0.8304335440810144,0.84
8601382,machine learning,it,What design patterns work best with machine learning?,optimization,Expert,"[""Introduction to machine learning"", ""Key points and analysis"", ""Practical examples"", ""Expert insights"", ""Action items"", ""Conclusion""]","[""software"", ""it"", ""programming"", ""learning"", ""optimization"", ""machine""]",4,Architects & Technical Directors,"[""cybersecurity"", ""data science"", ""cloud computing"", ""web development""]",53,8,2025-10-25 21:09:20,en,What design patterns work best with {keyword}?,0.81,1.0,0.33
8601383,cloud computing,it,How do you stay updated with cloud computing developments?,evaluation,Advanced,"[""Overview of cloud computing"", ""Step-by-step implementation"", ""Best practices and tips"", ""Common challenges and solutions"", ""Tools and resources needed"", ""Conclusion and next steps""]","[""computing"", ""software"", ""it"", ""programming"", ""evaluation"", ""cloud""]",6,Senior Developers & Tech Leads,"[""web development"", ""machine learning"", ""cybersecurity"", ""data science""]",58,9,2025-10-25 21:09:20,en,How do you stay updated with {keyword} developments?,0.94,0.9616192410993677,0.66
8601384,cloud computing,it,How do you convince stakeholders to invest in cloud computing?,best_practice,Beginner,"[""Overview of cloud computing"", ""Step-by-step implementation"", ""Best practices and tips"", ""Common challenges and solutions"", ""Tools and resources needed"", ""Conclusion and next steps""]","[""computing"", ""software"", ""it"", ""best_practice"", ""cloud"", ""technology""]",6,Students & Entry-level Developers,"[""web development"", ""cybersecurity"", ""machine learning"", ""data science""]",62,10,2025-10-25 21:09:20,en,How do you convince stakeholders to invest in {keyword}?,0.63,0.3118262534496168,0.36
8601385,social media,marketing,What content types work best for social media?,analysis,Beginner,"[""Introduction to social media"", ""Key points and analysis"", ""Practical examples"", ""Expert insights"", ""Action items"", ""Conclusion""]","[""analysis"", ""media"", ""promotion"", ""digital"", ""marketing"", ""social""]",4,Marketing Students & Interns,"[""content marketing"", ""digital marketing"", ""brand management""]",46,8,2025-10-25 21:09:20,en,What content types work best for {keyword}?,0.64,0.3146801563535093,0.45
8601386,investment planning,economics,How do you benchmark investment planning against alternatives?,comparison,Expert,"[""Overview of investment planning"", ""Step-by-step implementation"", ""Best practices and tips"", ""Common challenges and solutions"", ""Tools and resources needed"", ""Conclusion and next steps""]","[""investment"", ""planning"", ""comparison"", ""market"", ""business"", ""economics""]",6,Portfolio Managers & Financial Experts,"[""market analysis"", ""financial modeling"", ""portfolio management""]",62,8,2025-10-25 21:09:20,en,How do you benchmark {keyword} against alternatives?,0.68,1.0,0.82
8601387,machine learning,it,What are the key components of a machine learning implementation?,best_practice,Beginner,"[""Introduction to machine learning"", ""Key concepts and definitions"", ""Main categories or types"", ""Examples and case studies"", ""Benefits and advantages"", ""Summary and recommendations""]","[""software"", ""development"", ""it"", ""best_practice"", ""learning"", ""machine""]",6,Students & Entry-level Developers,"[""cloud computing"", ""data science"", ""cybersecurity"", ""web development""]",65,10,2025-10-25 21:09:20,en,What are the key components of a {keyword} implementation?,0.92,0.30167359644335484,0.32
8601388,investment planning,economics,What insurance options are available for investment planning?,best_practice,Advanced,"[""Introduction to investment planning"", ""Key points and analysis"", ""Practical examples"", ""Expert insights"", ""Action items"", ""Conclusion""]","[""investment"", ""planning"", ""finance"", ""best_practice"", ""market"", ""economics""]",4,Professional Investors & Advisors,"[""financial modeling"", ""market analysis"", ""portfolio management""]",61,8,2025-10-25 21:09:20,en,What insurance options are available for {keyword}?,0.84,0.9210278287949116,0.57
8601389,social media,marketing,How do you develop an effective social media strategy?,evaluation,Beginner,"[""Overview of social media"", ""Step-by-step implementation"", ""Best practices and tips"", ""Common challenges and solutions"", ""Tools and resources needed"", ""Conclusion and next steps""]","[""media"", ""promotion"", ""marketing"", ""social"", ""advertising"", ""evaluation""]",6,Marketing Students & Interns,"[""digital marketing"", ""content marketing"", ""brand management""]",54,9,2025-10-25 21:09:20,en,How do you develop an effective {keyword} strategy?,0.73,0.3179143017557525,0.45
8601390,investment planning,economics,What timeline is realistic for investment planning returns?,best_practice,Intermediate,"[""Introduction to investment planning"", ""Key points and analysis"", ""Practical examples"", ""Expert insights"", ""Action items"", ""Conclusion""]","[""investment"", ""planning"", ""finance"", ""best_practice"", ""market"", ""economics""]",4,Individual Investors & Analysts,"[""portfolio management"", ""market analysis"", ""financial modeling""]",59,8,2025-10-25 21:09:20,en,What timeline is realistic for {keyword} returns?,0.92,0.6319994976610805,0.4
8601391,content marketing,marketing,What budget should be allocated to content marketing?,comparison,Beginner,"[""Introduction to content marketing"", ""Key points and analysis"", ""Practical examples"", ""Expert insights"", ""Action items"", ""Conclusion""]","[""content"", ""promotion"", ""comparison"", ""marketing"", ""digital""]",4,Marketing Students & Interns,"[""digital marketing"", ""brand management"", ""social media""]",53,8,2025-10-25 21:09:20,en,What budget should be allocated to {keyword}?,0.62,0.49441158137942054,0.79
8601392,financial modeling,economics,What are the regulatory considerations for financial modeling?,optimization,Intermediate,"[""Introduction to financial modeling"", ""Key concepts and definitions"", ""Main categories or types"", ""Examples and case studies"", ""Benefits and advantages"", ""Summary and recommendations""]","[""investment"", ""modeling"", ""financial"", ""market"", ""optimization"", ""economics""]",6,Individual Investors & Analysts,"[""market analysis"", ""portfolio management"", ""investment planning""]",62,8,2025-10-25 21:09:20,en,What are the regulatory considerations for {keyword}?,0.95,0.6087392737623734,0.89
8601393,web development,it,How do you design a scalable web development solution?,strategy,Expert,"[""Overview of web development"", ""Step-by-step implementation"", ""Best practices and tips"", ""Common challenges and solutions"", ""Tools and resources needed"", ""Conclusion and next steps""]","[""development"", ""web"", ""it"", ""strategy"", ""technology""]",6,Architects & Technical Directors,"[""cybersecurity"", ""cloud computing"", ""machine learning"", ""data science""]",54,9,2025-10-25 21:09:20,en,How do you design a scalable {keyword} solution?,0.85,1.0,0.83
8601394,social media,marketing,What A/B tests should you run for social media?,implementation,Expert,"[""Introduction to social media"", ""Key points and analysis"", ""Practical examples"", ""Expert insights"", ""Action items"", ""Conclusion""]","[""media"", ""implementation"", ""marketing"", ""digital"", ""social"", ""advertising""]",4,Marketing Directors & CMOs,"[""brand management"", ""content marketing"", ""digital marketing""]",47,9,2025-10-25 21:09:20,en,What A/B tests should you run for {keyword}?,0.65,1.0,0.61
8601395,cloud computing,it,How do you implement cloud computing in a production environment?,evaluation,Intermediate,"[""Overview of cloud computing"", ""Step-by-step implementation"", ""Best practices and tips"", ""Common challenges and solutions"", ""Tools and resources needed"", ""Conclusion and next steps""]","[""computing"", ""software"", ""it"", ""evaluation"", ""cloud"", ""technology""]",6,Junior to Mid-level Developers,"[""machine learning"", ""data science"", ""web development"", ""cybersecurity""]",65,10,2025-10-25 21:09:20,en,How do you implement {keyword} in a production environment?,0.72,0.7880705735542317,0.61
8601396,content marketing,marketing,What A/B tests should you run for content marketing?,optimization,Intermediate,"[""Introduction to content marketing"", ""Key points and analysis"", ""Practical examples"", ""Expert insights"", ""Action items"", ""Conclusion""]","[""content"", ""promotion"", ""digital"", ""marketing"", ""optimization""]",4,Marketing Coordinators & Specialists,"[""social media"", ""digital marketing"", ""brand management""]",52,9,2025-10-25 21:09:20,en,What A/B tests should you run for {keyword}?,0.72,0.7714924192894443,0.56
8601397,investment planning,economics,How do you protect your investment planning investments?,troubleshooting,Advanced,"[""Overview of investment planning"", ""Step-by-step implementation"", ""Best practices and tips"", ""Common challenges and solutions"", ""Tools and resources needed"", ""Conclusion and next steps""]","[""investment"", ""planning"", ""troubleshooting"", ""business"", ""economics""]",6,Professional Investors & Advisors,"[""portfolio management"", ""market analysis"", ""financial modeling""]",56,8,2025-10-25 21:09:20,en,How do you protect your {keyword} investments?,0.61,0.8245546489411629,0.56
8601398,digital marketing,marketing,What does the future hold for digital marketing?,how_to,Advanced,"[""Introduction to digital marketing"", ""Key points and analysis"", ""Practical examples"", ""Expert insights"", ""Action items"", ""Conclusion""]","[""how_to"", ""promotion"", ""marketing"", ""digital"", ""branding""]",4,Marketing Managers & Strategists,"[""brand management"", ""content marketing"", ""social media""]",48,8,2025-10-25 21:09:20,en,What does the future hold for {keyword}?,0.62,0.9232882510168119,0.54
8601399,content marketing,marketing,What messaging works best in content marketing campaigns?,optimization,Intermediate,"[""Introduction to content marketing"", ""Key points and analysis"", ""Practical examples"", ""Expert insights"", ""Action items"", ""Conclusion""]","[""content"", ""digital"", ""marketing"", ""branding"", ""optimization""]",4,Marketing Coordinators & Specialists,"[""digital marketing"", ""brand management"", ""social media""]",57,8,2025-10-25 21:09:20,en,What messaging works best in {keyword} campaigns?,0.75,0.6530433375932848,0.82
8601400,content marketing,marketing,How is AI changing content marketing approaches?,implementation,Advanced,"[""Introduction to content marketing"", ""Key points and analysis"", ""Practical examples"", ""Expert insights"", ""Action items"", ""Conclusion""]","[""content"", ""implementation"", ""promotion"", ""marketing"", ""branding""]",4,Marketing Managers & Strategists,"[""social media"", ""digital marketing"", ""brand management""]",48,7,2025-10-25 21:09:20,en,How is AI changing {keyword} approaches?,0.81,0.8951562416553007,0.78
8601401,digital marketing,marketing,What channels are most effective for digital marketing?,analysis,Expert,"[""Introduction to digital marketing"", ""Key points and analysis"", ""Practical examples"", ""Expert insights"", ""Action items"", ""Conclusion""]","[""analysis"", ""promotion"", ""marketing"", ""digital"", ""branding""]",4,Marketing Directors & CMOs,"[""brand management"", ""content marketing"", ""social media""]",55,8,2025-10-25 21:09:20,en,What channels are most effective for {keyword}?,0.85,1.0,0.61
8601402,investment planning,economics,How do you adjust your investment planning strategy during volatility?,strategy,Expert,"[""Overview of investment planning"", ""Step-by-step implementation"", ""Best practices and tips"", ""Common challenges and solutions"", ""Tools and resources needed"", ""Conclusion and next steps""]","[""investment"", ""planning"", ""market"", ""strategy"", ""economics""]",6,Portfolio Managers & Financial Experts,"[""market analysis"", ""financial modeling"", ""portfolio management""]",70,10,2025-10-25 21:09:20,en,How do you adjust your {keyword} strategy during volatility?,0.69,1.0,0.37
8601403,financial modeling,economics,What are the regulatory considerations for financial modeling?,optimization,Expert,"[""Introduction to financial modeling"", ""Key concepts and definitions"", ""Main categories or types"", ""Examples and case studies"", ""Benefits and advantages"", ""Summary and recommendations""]","[""finance"", ""modeling"", ""financial"", ""market"", ""optimization"", ""economics""]",6,Portfolio Managers & Financial Experts,"[""market analysis"", ""investment planning"", ""portfolio management""]",62,8,2025-10-25 21:09:20,en,What are the regulatory considerations for {keyword}?,0.94,1.0,0.5
8601404,market analysis,economics,How do you diversify your portfolio using market analysis?,troubleshooting,Intermediate,"[""Overview of market analysis"", ""Step-by-step implementation"", ""Best practices and tips"", ""Common challenges and solutions"", ""Tools and resources needed"", ""Conclusion and next steps""]","[""analysis"", ""troubleshooting"", ""market"", ""business"", ""economics""]",6,Individual Investors & Analysts,"[""investment planning"", ""financial modeling"", ""portfolio management""]",58,9,2025-10-25 21:09:20,en,How do you diversify your portfolio using {keyword}?,0.92,0.6237407580148098,0.42
8601405,portfolio management,economics,How do you report on portfolio management performance to stakeholders?,comparison,Beginner,"[""Overview of portfolio management"", ""Step-by-step implementation"", ""Best practices and tips"", ""Common challenges and solutions"", ""Tools and resources needed"", ""Conclusion and next steps""]","[""portfolio"", ""comparison"", ""management"", ""market"", ""business"", ""economics""]",6,Students & New Investors,"[""financial modeling"", ""market analysis"", ""investment planning""]",70,10,2025-10-25 21:09:20,en,How do you report on {keyword} performance to stakeholders?,0.64,0.4614537142484585,0.84
8601406,machine learning,it,What are the key components of a machine learning implementation?,evaluation,Beginner,"[""Introduction to machine learning"", ""Key concepts and definitions"", ""Main categories or types"", ""Examples and case studies"", ""Benefits and advantages"", ""Summary and recommendations""]","[""it"", ""programming"", ""learning"", ""evaluation"", ""machine"", ""technology""]",6,Students & Entry-level Developers,"[""cloud computing"", ""web development"", ""cybersecurity"", ""data science""]",65,10,2025-10-25 21:09:20,en,What are the key components of a {keyword} implementation?,0.81,0.3940971329583146,0.33
8601407,financial modeling,economics,How do you protect your financial modeling investments?,implementation,Advanced,"[""Overview of financial modeling"", ""Step-by-step implementation"", ""Best practices and tips"", ""Common challenges and solutions"", ""Tools and resources needed"", ""Conclusion and next steps""]","[""finance"", ""implementation"", ""modeling"", ""financial"", ""market"", ""economics""]",6,Professional Investors & Advisors,"[""investment planning"", ""portfolio management"", ""market analysis""]",55,8,2025-10-25 21:09:20,en,How do you protect your {keyword} investments?,0.68,0.822749489518913,0.38
8601408,investment planning,economics,How do you diversify your portfolio using investment planning?,comparison,Beginner,"[""Overview of investment planning"", ""Step-by-step implementation"", ""Best practices and tips"", ""Common challenges and solutions"", ""Tools and resources needed"", ""Conclusion and next steps""]","[""investment"", ""planning"", ""finance"", ""comparison"", ""business"", ""economics""]",6,Students & New Investors,"[""portfolio management"", ""market analysis"", ""financial modeling""]",62,9,2025-10-25 21:09:20,en,How do you diversify your portfolio using {keyword}?,0.75,0.42829881498556444,0.43
8601409,social media,marketing,What content types work best for social media?,analysis,Intermediate,"[""Introduction to social media"", ""Key points and analysis"", ""Practical examples"", ""Expert insights"", ""Action items"", ""Conclusion""]","[""analysis"", ""media"", ""marketing"", ""digital"", ""social"", ""branding""]",4,Marketing Coordinators & Specialists,"[""digital marketing"", ""content marketing"", ""brand management""]",46,8,2025-10-25 21:09:20,en,What content types work best for {keyword}?,0.83,0.7526730137722125,0.78
8601410,machine learning,it,What are the best practices for machine learning development?,comparison,Expert,"[""Introduction to machine learning"", ""Key concepts and definitions"", ""Main categories or types"", ""Examples and case studies"", ""Benefits and advantages"", ""Summary and recommendations""]","[""software"", ""development"", ""it"", ""comparison"", ""learning"", ""machine""]",6,Architects & Technical Directors,"[""cloud computing"", ""data science"", ""cybersecurity"", ""web development""]",61,9,2025-10-25 21:09:20,en,What are the best practices for {keyword} development?,0.9,1.0,0.78
8601411,digital marketing,marketing,How do you attribute success to digital marketing efforts?,analysis,Expert,"[""Overview of digital marketing"", ""Step-by-step implementation"", ""Best practices and tips"", ""Common challenges and solutions"", ""Tools and resources needed"", ""Conclusion and next steps""]","[""marketing"", ""advertising"", ""analysis"", ""digital""]",6,Marketing Directors & CMOs,"[""social media"", ""content marketing"", ""brand management""]",58,9,2025-10-25 21:09:20,en,How do you attribute success to {keyword} efforts?,0.69,1.0,0.47
8601412,digital marketing,marketing,How do you measure the ROI of digital marketing campaigns?,strategy,Intermediate,"[""Overview of digital marketing"", ""Step-by-step implementation"", ""Best practices and tips"", ""Common challenges and solutions"", ""Tools and resources needed"", ""Conclusion and next steps""]","[""branding"", ""marketing"", ""strategy"", ""digital""]",6,Marketing Coordinators & Specialists,"[""social media"", ""brand management"", ""content marketing""]",58,10,2025-10-25 21:09:20,en,How do you measure the ROI of {keyword} campaigns?,0.66,0.7643929034232485,0.36
8601413,cybersecurity,it,How do you implement cybersecurity in a production environment?,planning,Advanced,"[""Overview of cybersecurity"", ""Step-by-step implementation"", ""Best practices and tips"", ""Common challenges and solutions"", ""Tools and resources needed"", ""Conclusion and next steps""]","[""planning"", ""development"", ""it"", ""cybersecurity"", ""technology""]",5,Senior Developers & Tech Leads,"[""machine learning"", ""web development"", ""cloud computing"", ""data science""]",63,9,2025-10-25 21:09:20,en,How do you implement {keyword} in a production environment?,0.91,0.9214406233918869,0.35
8601414,brand management,marketing,What KPIs are most important for brand management?,comparison,Expert,"[""Introduction to brand management"", ""Key points and analysis"", ""Practical examples"", ""Expert insights"", ""Action items"", ""Conclusion""]","[""comparison"", ""marketing"", ""management"", ""advertising"", ""branding"", ""brand""]",4,Marketing Directors & CMOs,"[""digital marketing"", ""content marketing"", ""social media""]",50,8,2025-10-25 21:09:20,en,What KPIs are most important for {keyword}?,0.83,1.0,0.69
8601415,cloud computing,it,What tools are essential for cloud computing development?,troubleshooting,Expert,"[""Introduction to cloud computing"", ""Key points and analysis"", ""Practical examples"", ""Expert insights"", ""Action items"", ""Conclusion""]","[""computing"", ""software"", ""it"", ""troubleshooting"", ""cloud"", ""technology""]",4,Architects & Technical Directors,"[""cybersecurity"", ""web development"", ""data science"", ""machine learning""]",57,8,2025-10-25 21:09:20,en,What tools are essential for {keyword} development?,0.91,1.0,0.8
8601416,social media,marketing,What A/B tests should you run for social media?,best_practice,Beginner,"[""Introduction to social media"", ""Key points and analysis"", ""Practical examples"", ""Expert insights"", ""Action items"", ""Conclusion""]","[""media"", ""promotion"", ""best_practice"", ""marketing"", ""social"", ""advertising""]",4,Marketing Students & Interns,"[""brand management"", ""digital marketing"", ""content marketing""]",47,9,2025-10-25 21:09:20,en,What A/B tests should you run for {keyword}?,0.67,0.3670144775559167,0.33
8601417,data science,it,How do you stay updated with data science developments?,evaluation,Beginner,"[""Overview of data science"", ""Step-by-step implementation"", ""Best practices and tips"", ""Common challenges and solutions"", ""Tools and resources needed"", ""Conclusion and next steps""]","[""technology"", ""development"", ""it"", ""science"", ""evaluation"", ""data""]",6,Students & Entry-level Developers,"[""web development"", ""cybersecurity"", ""cloud computing"", ""machine learning""]",55,9,2025-10-25 21:09:20,en,How do you stay updated with {keyword} developments?,0.81,0.41003930530089716,0.56
8601418,content marketing,marketing,What A/B tests should you run for content marketing?,implementation,Advanced,"[""Introduction to content marketing"", ""Key points and analysis"", ""Practical examples"", ""Expert insights"", ""Action items"", ""Conclusion""]","[""content"", ""implementation"", ""promotion"", ""marketing"", ""digital""]",4,Marketing Managers & Strategists,"[""social media"", ""digital marketing"", ""brand management""]",52,9,2025-10-25 21:09:20,en,What A/B tests should you run for {keyword}?,0.62,0.8523950853418334,0.31
8601419,web development,it,How can web development improve system performance and scalability?,evaluation,Intermediate,"[""Introduction to web development"", ""Key points and analysis"", ""Practical examples"", ""Expert insights"", ""Action items"", ""Conclusion""]","[""technology"", ""software"", ""development"", ""it"", ""evaluation"", ""web""]",4,Junior to Mid-level Developers,"[""machine learning"", ""cybersecurity"", ""cloud computing"", ""data science""]",67,9,2025-10-25 21:09:20,en,How can {keyword} improve system performance and scalability?,0.92,0.7152632633407925,0.37
8601420,machine learning,it,How do you integrate machine learning with existing systems?,analysis,Intermediate,"[""Overview of machine learning"", ""Step-by-step implementation"", ""Best practices and tips"", ""Common challenges and solutions"", ""Tools and resources needed"", ""Conclusion and next steps""]","[""analysis"", ""it"", ""development"", ""learning"", ""machine"", ""technology""]",6,Junior to Mid-level Developers,"[""cybersecurity"", ""web development"", ""data science"", ""cloud computing""]",60,9,2025-10-25 21:09:20,en,How do you integrate {keyword} with existing systems?,0.81,0.7901535720240991,0.67
8601421,content marketing,marketing,How is AI changing content marketing approaches?,troubleshooting,Advanced,"[""Introduction to content marketing"", ""Key points and analysis"", ""Practical examples"", ""Expert insights"", ""Action items"", ""Conclusion""]","[""content"", ""troubleshooting"", ""digital"", ""marketing"", ""branding""]",4,Marketing Managers & Strategists,"[""social media"", ""digital marketing"", ""brand management""]",48,7,2025-10-25 21:09:20,en,How is AI changing {keyword} approaches?,0.78,0.9749267877753611,0.78
8601422,digital marketing,marketing,How do you develop an effective digital marketing strategy?,analysis,Intermediate,"[""Overview of digital marketing"", ""Step-by-step implementation"", ""Best practices and tips"", ""Common challenges and solutions"", ""Tools and resources needed"", ""Conclusion and next steps""]","[""marketing"", ""advertising"", ""analysis"", ""digital""]",6,Marketing Coordinators & Specialists,"[""content marketing"", ""social media"", ""brand management""]",59,9,2025-10-25 21:09:20,en,How do you develop an effective {keyword} strategy?,0.92,0.6528801758467653,0.53
8601423,cybersecurity,it,What certifications are valuable for cybersecurity professionals?,strategy,Beginner,"[""Introduction to cybersecurity"", ""Key points and analysis"", ""Practical examples"", ""Expert insights"", ""Action items"", ""Conclusion""]","[""development"", ""it"", ""strategy"", ""cybersecurity"", ""technology""]",4,Students & Entry-level Developers,"[""machine learning"", ""web development"", ""data science"", ""cloud computing""]",65,7,2025-10-25 21:09:20,en,What certifications are valuable for {keyword} professionals?,0.88,0.4513032780105778,0.56
8601424,portfolio management,economics,How do you report on portfolio management performance to stakeholders?,analysis,Intermediate,"[""Overview of portfolio management"", ""Step-by-step implementation"", ""Best practices and tips"", ""Common challenges and solutions"", ""Tools and resources needed"", ""Conclusion and next steps""]","[""investment"", ""analysis"", ""portfolio"", ""management"", ""market"", ""economics""]",6,Individual Investors & Analysts,"[""financial modeling"", ""market analysis"", ""investment planning""]",70,10,2025-10-25 21:09:20,en,How do you report on {keyword} performance to stakeholders?,0.74,0.6305042024415042,0.77
8601425,digital marketing,marketing,How do you develop an effective digital marketing strategy?,troubleshooting,Advanced,"[""Overview of digital marketing"", ""Step-by-step implementation"", ""Best practices and tips"", ""Common challenges and solutions"", ""Tools and resources needed"", ""Conclusion and next steps""]","[""branding"", ""marketing"", ""troubleshooting"", ""digital""]",6,Marketing Managers & Strategists,"[""social media"", ""brand management"", ""content marketing""]",59,9,2025-10-25 21:09:20,en,How do you develop an effective {keyword} strategy?,0.63,0.8395896945054159,0.32
8601426,cloud computing,it,How can cloud computing improve system performance and scalability?,implementation,Intermediate,"[""Introduction to cloud computing"", ""Key points and analysis"", ""Practical examples"", ""Expert insights"", ""Action items"", ""Conclusion""]","[""computing"", ""software"", ""it"", ""implementation"", ""cloud"", ""technology""]",4,Junior to Mid-level Developers,"[""data science"", ""web development"", ""machine learning"", ""cybersecurity""]",67,9,2025-10-25 21:09:20,en,How can {keyword} improve system performance and scalability?,0.81,0.6792212994646123,0.7
8601427,investment planning,economics,How do you identify opportunities in investment planning markets?,implementation,Advanced,"[""Overview of investment planning"", ""Step-by-step implementation"", ""Best practices and tips"", ""Common challenges and solutions"", ""Tools and resources needed"", ""Conclusion and next steps""]","[""investment"", ""planning"", ""implementation"", ""business"", ""economics""]",6,Professional Investors & Advisors,"[""market analysis"", ""portfolio management"", ""financial modeling""]",65,9,2025-10-25 21:09:20,en,How do you identify opportunities in {keyword} markets?,0.91,0.9615648221937056,0.42
8601428,portfolio management,economics,How do you analyze market trends in portfolio management?,evaluation,Beginner,"[""Overview of portfolio management"", ""Step-by-step implementation"", ""Best practices and tips"", ""Common challenges and solutions"", ""Tools and resources needed"", ""Conclusion and next steps""]","[""finance"", ""portfolio"", ""management"", ""evaluation"", ""business"", ""economics""]",6,Students & New Investors,"[""investment planning"", ""financial modeling"", ""market analysis""]",57,9,2025-10-25 21:09:20,en,How do you analyze market trends in {keyword}?,0.68,0.38314979266768073,0.75
8601429,cloud computing,it,How can cloud computing improve system performance and scalability?,strategy,Beginner,"[""Introduction to cloud computing"", ""Key points and analysis"", ""Practical examples"", ""Expert insights"", ""Action items"", ""Conclusion""]","[""computing"", ""cloud"", ""it"", ""programming"", ""strategy"", ""technology""]",4,Students & Entry-level Developers,"[""web development"", ""data science"", ""machine learning"", ""cybersecurity""]",67,9,2025-10-25 21:09:20,en,How can {keyword} improve system performance and scalability?,0.64,0.4845091192139843,0.5
8601430,financial modeling,economics,How do you report on financial modeling performance to stakeholders?,comparison,Advanced,"[""Overview of financial modeling"", ""Step-by-step implementation"", ""Best practices and tips"", ""Common challenges and solutions"", ""Tools and resources needed"", ""Conclusion and next steps""]","[""comparison"", ""modeling"", ""financial"", ""market"", ""business"", ""economics""]",6,Professional Investors & Advisors,"[""investment planning"", ""portfolio management"", ""market analysis""]",68,10,2025-10-25 21:09:20,en,How do you report on {keyword} performance to stakeholders?,0.81,0.9248775284026621,0.61
8601431,brand management,marketing,What channels are most effective for brand management?,troubleshooting,Intermediate,"[""Introduction to brand management"", ""Key points and analysis"", ""Practical examples"", ""Expert insights"", ""Action items"", ""Conclusion""]","[""troubleshooting"", ""marketing"", ""management"", ""advertising"", ""branding"", ""brand""]",4,Marketing Coordinators & Specialists,"[""digital marketing"", ""social media"", ""content marketing""]",54,8,2025-10-25 21:09:20,en,What channels are most effective for {keyword}?,0.86,0.6920873821112887,0.65
8601432,cloud computing,it,How can cloud computing improve system performance and scalability?,analysis,Expert,"[""Introduction to cloud computing"", ""Key points and analysis"", ""Practical examples"", ""Expert insights"", ""Action items"", ""Conclusion""]","[""computing"", ""software"", ""development"", ""analysis"", ""it"", ""cloud""]",4,Architects & Technical Directors,"[""data science"", ""web development"", ""cybersecurity"", ""machine learning""]",67,9,2025-10-25 21:09:20,en,How can {keyword} improve system performance and scalability?,0.65,1.0,0.87
8601433,cloud computing,it,How can cloud computing improve system performance and scalability?,optimization,Advanced,"[""Introduction to cloud computing"", ""Key points and analysis"", ""Practical examples"", ""Expert insights"", ""Action items"", ""Conclusion""]","[""computing"", ""software"", ""cloud"", ""it"", ""development"", ""optimization""]",4,Senior Developers & Tech Leads,"[""cybersecurity"", ""web development"", ""data science"", ""machine learning""]",67,9,2025-10-25 21:09:20,en,How can {keyword} improve system performance and scalability?,0.79,0.8096140092071984,0.44
8601434,investment planning,economics,How do you protect your investment planning investments?,strategy,Advanced,"[""Overview of investment planning"", ""Step-by-step implementation"", ""Best practices and tips"", ""Common challenges and solutions"", ""Tools and resources needed"", ""Conclusion and next steps""]","[""investment"", ""planning"", ""finance"", ""business"", ""strategy"", ""economics""]",6,Professional Investors & Advisors,"[""financial modeling"", ""market analysis"", ""portfolio management""]",56,8,2025-10-25 21:09:20,en,How do you protect your {keyword} investments?,0.66,0.8852766791411473,0.36
8601435,content marketing,marketing,What does the future hold for content marketing?,comparison,Expert,"[""Introduction to content marketing"", ""Key points and analysis"", ""Practical examples"", ""Expert insights"", ""Action items"", ""Conclusion""]","[""content"", ""comparison"", ""digital"", ""marketing"", ""branding""]",4,Marketing Directors & CMOs,"[""brand management"", ""social media"", ""digital marketing""]",48,8,2025-10-25 21:09:20,en,What does the future hold for {keyword}?,0.74,1.0,0.75
8601436,investment planning,economics,How do economic conditions affect investment planning performance?,strategy,Intermediate,"[""Introduction to investment planning"", ""Key points and analysis"", ""Practical examples"", ""Expert insights"", ""Action items"", ""Conclusion""]","[""investment"", ""planning"", ""business"", ""market"", ""strategy"", ""economics""]",4,Individual Investors & Analysts,"[""market analysis"", ""portfolio management"", ""financial modeling""]",66,8,2025-10-25 21:09:20,en,How do economic conditions affect {keyword} performance?,0.75,0.750361807129607,0.44
8601437,brand management,marketing,How do you innovate within brand management?,troubleshooting,Beginner,"[""Overview of brand management"", ""Step-by-step implementation"", ""Best practices and tips"", ""Common challenges and solutions"", ""Tools and resources needed"", ""Conclusion and next steps""]","[""promotion"", ""troubleshooting"", ""marketing"", ""management"", ""branding"", ""brand""]",6,Marketing Students & Interns,"[""social media"", ""content marketing"", ""digital marketing""]",44,7,2025-10-25 21:09:20,en,How do you innovate within {keyword}?,0.87,0.3397904731530046,0.47
8601438,cybersecurity,it,How does cybersecurity impact business operations?,planning,Expert,"[""Introduction to cybersecurity"", ""Key points and analysis"", ""Practical examples"", ""Expert insights"", ""Action items"", ""Conclusion""]","[""planning"", ""development"", ""it"", ""cybersecurity"", ""technology""]",4,Architects & Technical Directors,"[""cloud computing"", ""web development"", ""data science"", ""machine learning""]",50,6,2025-10-25 21:09:20,en,How does {keyword} impact business operations?,0.67,1.0,0.42
8601439,market analysis,economics,How do you adjust your market analysis strategy during volatility?,planning,Advanced,"[""Overview of market analysis"", ""Step-by-step implementation"", ""Best practices and tips"", ""Common challenges and solutions"", ""Tools and resources needed"", ""Conclusion and next steps""]","[""planning"", ""finance"", ""analysis"", ""market"", ""business"", ""economics""]",6,Professional Investors & Advisors,"[""investment planning"", ""portfolio management"", ""financial modeling""]",66,10,2025-10-25 21:09:20,en,How do you adjust your {keyword} strategy during volatility?,0.74,0.8868746769349688,0.57
8601440,digital marketing,marketing,What budget should be allocated to digital marketing?,analysis,Beginner,"[""Introduction to digital marketing"", ""Key points and analysis"", ""Practical examples"", ""Expert insights"", ""Action items"", ""Conclusion""]","[""marketing"", ""promotion"", ""analysis"", ""digital""]",4,Marketing Students & Interns,"[""social media"", ""content marketing"", ""brand management""]",53,8,2025-10-25 21:09:20,en,What budget should be allocated to {keyword}?,0.7,0.49904070532115735,0.88
8601441,digital marketing,marketing,What A/B tests should you run for digital marketing?,optimization,Advanced,"[""Introduction to digital marketing"", ""Key points and analysis"", ""Practical examples"", ""Expert insights"", ""Action items"", ""Conclusion""]","[""marketing"", ""optimization"", ""advertising"", ""digital""]",4,Marketing Managers & Strategists,"[""content marketing"", ""brand management"", ""social media""]",52,9,2025-10-25 21:09:20,en,What A/B tests should you run for {keyword}?,0.72,0.9497229753569789,0.31
8601442,market analysis,economics,What are the risks associated with market analysis?,best_practice,Advanced,"[""Introduction to market analysis"", ""Key concepts and definitions"", ""Main categories or types"", ""Examples and case studies"", ""Benefits and advantages"", ""Summary and recommendations""]","[""investment"", ""analysis"", ""finance"", ""best_practice"", ""market"", ""economics""]",6,Professional Investors & Advisors,"[""investment planning"", ""portfolio management"", ""financial modeling""]",51,8,2025-10-25 21:09:20,en,What are the risks associated with {keyword}?,0.84,0.876185989634884,0.59
8601443,portfolio management,economics,How do you protect your portfolio management investments?,evaluation,Intermediate,"[""Overview of portfolio management"", ""Step-by-step implementation"", ""Best practices and tips"", ""Common challenges and solutions"", ""Tools and resources needed"", ""Conclusion and next steps""]","[""portfolio"", ""management"", ""evaluation"", ""market"", ""business"", ""economics""]",6,Individual Investors & Analysts,"[""financial modeling"", ""market analysis"", ""investment planning""]",57,8,2025-10-25 21:09:20,en,How do you protect your {keyword} investments?,0.91,0.6199300770880918,0.87
8601444,machine learning,it,How do you implement machine learning in a production environment?,planning,Beginner,"[""Overview of machine learning"", ""Step-by-step implementation"", ""Best practices and tips"", ""Common challenges and solutions"", ""Tools and resources needed"", ""Conclusion and next steps""]","[""planning"", ""development"", ""it"", ""software"", ""learning"", ""machine""]",6,Students & Entry-level Developers,"[""cybersecurity"", ""web development"", ""cloud computing"", ""data science""]",66,10,2025-10-25 21:09:20,en,How do you implement {keyword} in a production environment?,0.7,0.35631783386779675,0.49
8601445,cybersecurity,it,What certifications are valuable for cybersecurity professionals?,planning,Intermediate,"[""Introduction to cybersecurity"", ""Key points and analysis"", ""Practical examples"", ""Expert insights"", ""Action items"", ""Conclusion""]","[""planning"", ""development"", ""it"", ""programming"", ""cybersecurity""]",4,Junior to Mid-level Developers,"[""web development"", ""cloud computing"", ""data science"", ""machine learning""]",65,7,2025-10-25 21:09:20,en,What certifications are valuable for {keyword} professionals?,0.8,0.702358737403142,0.34
8601446,portfolio management,economics,What metrics are most important for portfolio management?,analysis,Advanced,"[""Introduction to portfolio management"", ""Key points and analysis"", ""Practical examples"", ""Expert insights"", ""Action items"", ""Conclusion""]","[""investment"", ""finance"", ""analysis"", ""portfolio"", ""management"", ""economics""]",4,Professional Investors & Advisors,"[""investment planning"", ""market analysis"", ""financial modeling""]",57,8,2025-10-25 21:09:20,en,What metrics are most important for {keyword}?,0.93,0.8426324644750713,0.65
8601447,social media,marketing,What are the latest trends in social media?,evaluation,Expert,"[""Introduction to social media"", ""Key concepts and definitions"", ""Main categories or types"", ""Examples and case studies"", ""Benefits and advantages"", ""Summary and recommendations""]","[""media"", ""promotion"", ""marketing"", ""digital"", ""social"", ""evaluation""]",6,Marketing Directors & CMOs,"[""digital marketing"", ""content marketing"", ""brand management""]",43,8,2025-10-25 21:09:20,en,What are the latest trends in {keyword}?,0.71,1.0,0.53
8601448,brand management,marketing,How is AI changing brand management approaches?,comparison,Expert,"[""Introduction to brand management"", ""Key points and analysis"", ""Practical examples"", ""Expert insights"", ""Action items"", ""Conclusion""]","[""comparison"", ""digital"", ""marketing"", ""management"", ""branding"", ""brand""]",4,Marketing Directors & CMOs,"[""digital marketing"", ""content marketing"", ""social media""]",47,7,2025-10-25 21:09:20,en,How is AI changing {keyword} approaches?,0.78,1.0,0.86
8601449,investment planning,economics,What timeline is realistic for investment planning returns?,implementation,Intermediate,"[""Introduction to investment planning"", ""Key points and analysis"", ""Practical examples"", ""Expert insights"", ""Action items"", ""Conclusion""]","[""investment"", ""planning"", ""implementation"", ""market"", ""economics""]",4,Individual Investors & Analysts,"[""financial modeling"", ""portfolio management"", ""market analysis""]",59,8,2025-10-25 21:09:20,en,What timeline is realistic for {keyword} returns?,0.83,0.7827232695012333,0.7
8601450,web development,it,What design patterns work best with web development?,comparison,Beginner,"[""Introduction to web development"", ""Key points and analysis"", ""Practical examples"", ""Expert insights"", ""Action items"", ""Conclusion""]","[""software"", ""development"", ""it"", ""comparison"", ""programming"", ""web""]",4,Students & Entry-level Developers,"[""cloud computing"", ""machine learning"", ""cybersecurity"", ""data science""]",52,8,2025-10-25 21:09:20,en,What design patterns work best with {keyword}?,0.94,0.32744528203362655,0.82
8601451,brand management,marketing,How do you automate brand management processes?,implementation,Intermediate,"[""Overview of brand management"", ""Step-by-step implementation"", ""Best practices and tips"", ""Common challenges and solutions"", ""Tools and resources needed"", ""Conclusion and next steps""]","[""implementation"", ""promotion"", ""marketing"", ""management"", ""advertising"", ""brand""]",6,Marketing Coordinators & Specialists,"[""digital marketing"", ""social media"", ""content marketing""]",47,7,2025-10-25 21:09:20,en,How do you automate {keyword} processes?,0.87,0.6766184455266432,0.87
8601452,cloud computing,it,How do you choose the right technology stack for cloud computing?,planning,Intermediate,"[""Overview of cloud computing"", ""Step-by-step implementation"", ""Best practices and tips"", ""Common challenges and solutions"", ""Tools and resources needed"", ""Conclusion and next steps""]","[""computing"", ""planning"", ""it"", ""programming"", ""cloud"", ""technology""]",6,Junior to Mid-level Developers,"[""web development"", ""machine learning"", ""data science"", ""cybersecurity""]",65,11,2025-10-25 21:09:20,en,How do you choose the right technology stack for {keyword}?,0.83,0.6718309576784581,0.45
8601453,machine learning,it,What certifications are valuable for machine learning professionals?,planning,Expert,"[""Introduction to machine learning"", ""Key points and analysis"", ""Practical examples"", ""Expert insights"", ""Action items"", ""Conclusion""]","[""planning"", ""development"", ""it"", ""software"", ""learning"", ""machine""]",4,Architects & Technical Directors,"[""data science"", ""web development"", ""cybersecurity"", ""cloud computing""]",68,8,2025-10-25 21:09:20,en,What certifications are valuable for {keyword} professionals?,0.7,1.0,0.88
8601454,market analysis,economics,How do you benchmark market analysis against alternatives?,comparison,Beginner,"[""Overview of market analysis"", ""Step-by-step implementation"", ""Best practices and tips"", ""Common challenges and solutions"", ""Tools and resources needed"", ""Conclusion and next steps""]","[""finance"", ""analysis"", ""comparison"", ""market"", ""business"", ""economics""]",6,Students & New Investors,"[""financial modeling"", ""portfolio management"", ""investment planning""]",58,8,2025-10-25 21:09:20,en,How do you benchmark {keyword} against alternatives?,0.94,0.3256483693738686,0.87
8601455,data science,it,How do you choose the right technology stack for data science?,how_to,Beginner,"[""Overview of data science"", ""Step-by-step implementation"", ""Best practices and tips"", ""Common challenges and solutions"", ""Tools and resources needed"", ""Conclusion and next steps""]","[""how_to"", ""technology"", ""software"", ""it"", ""science"", ""data""]",6,Students & Entry-level Developers,"[""cloud computing"", ""web development"", ""cybersecurity"", ""machine learning""]",62,11,2025-10-25 21:09:20,en,How do you choose the right technology stack for {keyword}?,0.67,0.4536427102638064,0.52
8601456,brand management,marketing,How do you identify the right audience for brand management?,analysis,Advanced,"[""Overview of brand management"", ""Step-by-step implementation"", ""Best practices and tips"", ""Common challenges and solutions"", ""Tools and resources needed"", ""Conclusion and next steps""]","[""analysis"", ""promotion"", ""marketing"", ""management"", ""advertising"", ""brand""]",6,Marketing Managers & Strategists,"[""digital marketing"", ""content marketing"", ""social media""]",60,10,2025-10-25 21:09:20,en,How do you identify the right audience for {keyword}?,0.65,0.8001217885350871,0.63
8601457,market analysis,economics,What are the seasonal patterns in market analysis?,implementation,Intermediate,"[""Introduction to market analysis"", ""Key concepts and definitions"", ""Main categories or types"", ""Examples and case studies"", ""Benefits and advantages"", ""Summary and recommendations""]","[""analysis"", ""implementation"", ""market"", ""business"", ""economics""]",6,Individual Investors & Analysts,"[""financial modeling"", ""investment planning"", ""portfolio management""]",50,8,2025-10-25 21:09:20,en,What are the seasonal patterns in {keyword}?,0.91,0.6966082687392249,0.53
8601458,investment planning,economics,How do you hedge against investment planning market downturns?,evaluation,Intermediate,"[""Overview of investment planning"", ""Step-by-step implementation"", ""Best practices and tips"", ""Common challenges and solutions"", ""Tools and resources needed"", ""Conclusion and next steps""]","[""investment"", ""planning"", ""evaluation"", ""business"", ""economics""]",6,Individual Investors & Analysts,"[""market analysis"", ""portfolio management"", ""financial modeling""]",62,9,2025-10-25 21:09:20,en,How do you hedge against {keyword} market downturns?,0.81,0.6607096107094306,0.83
8601459,cloud computing,it,What skills are needed to master cloud computing?,evaluation,Advanced,"[""Introduction to cloud computing"", ""Key points and analysis"", ""Practical examples"", ""Expert insights"", ""Action items"", ""Conclusion""]","[""computing"", ""software"", ""development"", ""it"", ""evaluation"", ""cloud""]",4,Senior Developers & Tech Leads,"[""data science"", ""web development"", ""cybersecurity"", ""machine learning""]",49,8,2025-10-25 21:09:20,en,What skills are needed to master {keyword}?,0.68,0.9419851038248889,0.45
8601460,social media,marketing,How do you track and analyze social media performance?,how_to,Expert,"[""Overview of social media"", ""Step-by-step implementation"", ""Best practices and tips"", ""Common challenges and solutions"", ""Tools and resources needed"", ""Conclusion and next steps""]","[""how_to"", ""media"", ""marketing"", ""social"", ""advertising"", ""branding""]",6,Marketing Directors & CMOs,"[""digital marketing"", ""content marketing"", ""brand management""]",54,9,2025-10-25 21:09:20,en,How do you track and analyze {keyword} performance?,0.8,1.0,0.42
8601461,web development,it,How do you implement web development in a production environment?,comparison,Intermediate,"[""Overview of web development"", ""Step-by-step implementation"", ""Best practices and tips"", ""Common challenges and solutions"", ""Tools and resources needed"", ""Conclusion and next steps""]","[""software"", ""development"", ""it"", ""comparison"", ""programming"", ""web""]",6,Junior to Mid-level Developers,"[""data science"", ""cybersecurity"", ""cloud computing"", ""machine learning""]",65,10,2025-10-25 21:09:20,en,How do you implement {keyword} in a production environment?,0.89,0.6596693720232822,0.43
8601462,brand management,marketing,What channels are most effective for brand management?,troubleshooting,Advanced,"[""Introduction to brand management"", ""Key points and analysis"", ""Practical examples"", ""Expert insights"", ""Action items"", ""Conclusion""]","[""promotion"", ""troubleshooting"", ""marketing"", ""management"", ""advertising"", ""brand""]",4,Marketing Managers & Strategists,"[""digital marketing"", ""content marketing"", ""social media""]",54,8,2025-10-25 21:09:20,en,What channels are most effective for {keyword}?,0.86,0.810984905521749,0.82
8601463,content marketing,marketing,What content types work best for content marketing?,strategy,Intermediate,"[""Introduction to content marketing"", ""Key points and analysis"", ""Practical examples"", ""Expert insights"", ""Action items"", ""Conclusion""]","[""content"", ""promotion"", ""marketing"", ""digital"", ""strategy""]",4,Marketing Coordinators & Specialists,"[""social media"", ""digital marketing"", ""brand management""]",51,8,2025-10-25 21:09:20,en,What content types work best for {keyword}?,0.9,0.7115448025819442,0.56
8601464,social media,marketing,How do you automate social media processes?,planning,Advanced,"[""Overview of social media"", ""Step-by-step implementation"", ""Best practices and tips"", ""Common challenges and solutions"", ""Tools and resources needed"", ""Conclusion and next steps""]","[""planning"", ""media"", ""marketing"", ""digital"", ""social"", ""branding""]",6,Marketing Managers & Strategists,"[""digital marketing"", ""brand management"", ""content marketing""]",43,7,2025-10-25 21:09:20,en,How do you automate {keyword} processes?,0.94,0.9272732606696578,0.58
8601465,data science,it,What certifications are valuable for data science professionals?,optimization,Expert,"[""Introduction to data science"", ""Key points and analysis"", ""Practical examples"", ""Expert insights"", ""Action items"", ""Conclusion""]","[""development"", ""it"", ""programming"", ""science"", ""optimization"", ""data""]",4,Architects & Technical Directors,"[""machine learning"", ""web development"", ""cloud computing"", ""cybersecurity""]",64,8,2025-10-25 21:09:20,en,What certifications are valuable for {keyword} professionals?,0.65,1.0,0.33
8601466,content marketing,marketing,What channels are most effective for content marketing?,best_practice,Expert,"[""Introduction to content marketing"", ""Key points and analysis"", ""Practical examples"", ""Expert insights"", ""Action items"", ""Conclusion""]","[""content"", ""promotion"", ""best_practice"", ""marketing"", ""digital""]",4,Marketing Directors & CMOs,"[""digital marketing"", ""brand management"", ""social media""]",55,8,2025-10-25 21:09:20,en,What channels are most effective for {keyword}?,0.66,1.0,0.46
8601467,brand management,marketing,What timing strategies work for brand management?,analysis,Beginner,"[""Introduction to brand management"", ""Key points and analysis"", ""Practical examples"", ""Expert insights"", ""Action items"", ""Conclusion""]","[""analysis"", ""promotion"", ""digital"", ""marketing"", ""management"", ""brand""]",4,Marketing Students & Interns,"[""social media"", ""digital marketing"", ""content marketing""]",49,7,2025-10-25 21:09:20,en,What timing strategies work for {keyword}?,0.68,0.35592468101425756,0.73
8601468,brand management,marketing,What tools are essential for brand management analytics?,optimization,Beginner,"[""Introduction to brand management"", ""Key points and analysis"", ""Practical examples"", ""Expert insights"", ""Action items"", ""Conclusion""]","[""promotion"", ""marketing"", ""management"", ""advertising"", ""optimization"", ""brand""]",4,Marketing Students & Interns,"[""social media"", ""digital marketing"", ""content marketing""]",56,8,2025-10-25 21:09:20,en,What tools are essential for {keyword} analytics?,0.73,0.41528603057990593,0.8
8601469,investment planning,economics,What indicators predict investment planning market movements?,how_to,Expert,"[""Introduction to investment planning"", ""Key points and analysis"", ""Practical examples"", ""Expert insights"", ""Action items"", ""Conclusion""]","[""investment"", ""how_to"", ""planning"", ""business"", ""economics""]",4,Portfolio Managers & Financial Experts,"[""market analysis"", ""financial modeling"", ""portfolio management""]",61,7,2025-10-25 21:09:20,en,What indicators predict {keyword} market movements?,0.7,1.0,0.75
8601470,machine learning,it,What are the latest trends in machine learning technology?,evaluation,Advanced,"[""Introduction to machine learning"", ""Key concepts and definitions"", ""Main categories or types"", ""Examples and case studies"", ""Benefits and advantages"", ""Summary and recommendations""]","[""software"", ""development"", ""it"", ""learning"", ""evaluation"", ""machine""]",6,Senior Developers & Tech Leads,"[""web development"", ""data science"", ""cloud computing"", ""cybersecurity""]",58,9,2025-10-25 21:09:20,en,What are the latest trends in {keyword} technology?,0.64,0.963809173679438,0.34
8601471,market analysis,economics,How do you adjust your market analysis strategy during volatility?,strategy,Beginner,"[""Overview of market analysis"", ""Step-by-step implementation"", ""Best practices and tips"", ""Common challenges and solutions"", ""Tools and resources needed"", ""Conclusion and next steps""]","[""investment"", ""analysis"", ""market"", ""strategy"", ""economics""]",6,Students & New Investors,"[""investment planning"", ""financial modeling"", ""portfolio management""]",66,10,2025-10-25 21:09:20,en,How do you adjust your {keyword} strategy during volatility?,0.69,0.3753967089553344,0.32
8601472,data science,it,What security considerations should be taken when using data science?,implementation,Expert,"[""Introduction to data science"", ""Key points and analysis"", ""Practical examples"", ""Expert insights"", ""Action items"", ""Conclusion""]","[""software"", ""it"", ""implementation"", ""programming"", ""science"", ""data""]",4,Architects & Technical Directors,"[""cloud computing"", ""web development"", ""cybersecurity"", ""machine learning""]",69,10,2025-10-25 21:09:20,en,What security considerations should be taken when using {keyword}?,0.8,1.0,0.77
8601473,web development,it,How do you troubleshoot common issues with web development?,planning,Beginner,"[""Overview of web development"", ""Step-by-step implementation"", ""Best practices and tips"", ""Common challenges and solutions"", ""Tools and resources needed"", ""Conclusion and next steps""]","[""planning"", ""development"", ""web"", ""it"", ""technology""]",6,Students & Entry-level Developers,"[""cloud computing"", ""machine learning"", ""data science"", ""cybersecurity""]",59,9,2025-10-25 21:09:20,en,How do you troubleshoot common issues with {keyword}?,0.94,0.49090441574596766,0.71
8601474,financial modeling,economics,How do you assess and manage financial modeling risks?,comparison,Expert,"[""Overview of financial modeling"", ""Step-by-step implementation"", ""Best practices and tips"", ""Common challenges and solutions"", ""Tools and resources needed"", ""Conclusion and next steps""]","[""investment"", ""comparison"", ""modeling"", ""financial"", ""business"", ""economics""]",6,Portfolio Managers & Financial Experts,"[""portfolio management"", ""investment planning"", ""market analysis""]",54,9,2025-10-25 21:09:20,en,How do you assess and manage {keyword} risks?,0.8,1.0,0.81
8601475,web development,it,How do you troubleshoot common issues with web development?,troubleshooting,Beginner,"[""Overview of web development"", ""Step-by-step implementation"", ""Best practices and tips"", ""Common challenges and solutions"", ""Tools and resources needed"", ""Conclusion and next steps""]","[""development"", ""it"", ""programming"", ""troubleshooting"", ""web""]",6,Students & Entry-level Developers,"[""cloud computing"", ""machine learning"", ""cybersecurity"", ""data science""]",59,9,2025-10-25 21:09:20,en,How do you troubleshoot common issues with {keyword}?,0.66,0.34397445692690454,0.9
8601476,content marketing,marketing,How do you automate content marketing processes?,strategy,Intermediate,"[""Overview of content marketing"", ""Step-by-step implementation"", ""Best practices and tips"", ""Common challenges and solutions"", ""Tools and resources needed"", ""Conclusion and next steps""]","[""content"", ""marketing"", ""digital"", ""advertising"", ""strategy""]",6,Marketing Coordinators & Specialists,"[""social media"", ""brand management"", ""digital marketing""]",48,7,2025-10-25 21:09:20,en,How do you automate {keyword} processes?,0.76,0.6169657170677751,0.79
8601477,financial modeling,economics,How do you protect your financial modeling investments?,how_to,Beginner,"[""Overview of financial modeling"", ""Step-by-step implementation"", ""Best practices and tips"", ""Common challenges and solutions"", ""Tools and resources needed"", ""Conclusion and next steps""]","[""investment"", ""how_to"", ""modeling"", ""financial"", ""market"", ""economics""]",6,Students & New Investors,"[""market analysis"", ""investment planning"", ""portfolio management""]",55,8,2025-10-25 21:09:20,en,How do you protect your {keyword} investments?,0.7,0.38539015755742095,0.8
8601478,content marketing,marketing,How do you track and analyze content marketing performance?,comparison,Intermediate,"[""Overview of content marketing"", ""Step-by-step implementation"", ""Best practices and tips"", ""Common challenges and solutions"", ""Tools and resources needed"", ""Conclusion and next steps""]","[""content"", ""promotion"", ""comparison"", ""marketing"", ""advertising""]",6,Marketing Coordinators & Specialists,"[""social media"", ""digital marketing"", ""brand management""]",59,9,2025-10-25 21:09:20,en,How do you track and analyze {keyword} performance?,0.66,0.6814790408595747,0.33
8601479,brand management,marketing,How do you track and analyze brand management performance?,comparison,Expert,"[""Overview of brand management"", ""Step-by-step implementation"", ""Best practices and tips"", ""Common challenges and solutions"", ""Tools and resources needed"", ""Conclusion and next steps""]","[""promotion"", ""comparison"", ""marketing"", ""management"", ""branding"", ""brand""]",6,Marketing Directors & CMOs,"[""digital marketing"", ""content marketing"", ""social media""]",58,9,2025-10-25 21:09:20,en,How do you track and analyze {keyword} performance?,0.8,1.0,0.84
8601480,investment planning,economics,What are the risks associated with investment planning?,implementation,Intermediate,"[""Introduction to investment planning"", ""Key concepts and definitions"", ""Main categories or types"", ""Examples and case studies"", ""Benefits and advantages"", ""Summary and recommendations""]","[""investment"", ""planning"", ""finance"", ""implementation"", ""business"", ""economics""]",6,Individual Investors & Analysts,"[""market analysis"", ""portfolio management"", ""financial modeling""]",55,8,2025-10-25 21:09:20,en,What are the risks associated with {keyword}?,0.9,0.7089613223536685,0.62
8601481,digital marketing,marketing,How do you improve digital marketing conversion rates?,troubleshooting,Beginner,"[""Overview of digital marketing"", ""Step-by-step implementation"", ""Best practices and tips"", ""Common challenges and solutions"", ""Tools and resources needed"", ""Conclusion and next steps""]","[""promotion"", ""troubleshooting"", ""marketing"", ""digital"", ""branding""]",6,Marketing Students & Interns,"[""social media"", ""brand management"", ""content marketing""]",54,8,2025-10-25 21:09:20,en,How do you improve {keyword} conversion rates?,0.91,0.48644918973293894,0.69
8601482,market analysis,economics,How do you measure market analysis performance?,best_practice,Expert,"[""Overview of market analysis"", ""Step-by-step implementation"", ""Best practices and tips"", ""Common challenges and solutions"", ""Tools and resources needed"", ""Conclusion and next steps""]","[""investment"", ""analysis"", ""best_practice"", ""market"", ""business"", ""economics""]",6,Portfolio Managers & Financial Experts,"[""investment planning"", ""financial modeling"", ""portfolio management""]",47,7,2025-10-25 21:09:20,en,How do you measure {keyword} performance?,0.64,1.0,0.53
8601483,portfolio management,economics,How do you report on portfolio management performance to stakeholders?,strategy,Advanced,"[""Overview of portfolio management"", ""Step-by-step implementation"", ""Best practices and tips"", ""Common challenges and solutions"", ""Tools and resources needed"", ""Conclusion and next steps""]","[""portfolio"", ""management"", ""business"", ""market"", ""strategy"", ""economics""]",6,Professional Investors & Advisors,"[""market analysis"", ""investment planning"", ""financial modeling""]",70,10,2025-10-25 21:09:20,en,How do you report on {keyword} performance to stakeholders?,0.95,0.8452948423024507,0.39
8601484,social media,marketing,How do you develop an effective social media strategy?,evaluation,Intermediate,"[""Overview of social media"", ""Step-by-step implementation"", ""Best practices and tips"", ""Common challenges and solutions"", ""Tools and resources needed"", ""Conclusion and next steps""]","[""media"", ""marketing"", ""social"", ""advertising"", ""branding"", ""evaluation""]",6,Marketing Coordinators & Specialists,"[""content marketing"", ""brand management"", ""digital marketing""]",54,9,2025-10-25 21:09:20,en,How do you develop an effective {keyword} strategy?,0.93,0.688000291929625,0.85
8601485,brand management,marketing,What are the latest trends in brand management?,analysis,Expert,"[""Introduction to brand management"", ""Key concepts and definitions"", ""Main categories or types"", ""Examples and case studies"", ""Benefits and advantages"", ""Summary and recommendations""]","[""analysis"", ""marketing"", ""management"", ""advertising"", ""branding"", ""brand""]",6,Marketing Directors & CMOs,"[""social media"", ""content marketing"", ""digital marketing""]",47,8,2025-10-25 21:09:20,en,What are the latest trends in {keyword}?,0.8,1.0,0.53
8601486,investment planning,economics,How do you diversify your portfolio using investment planning?,implementation,Intermediate,"[""Overview of investment planning"", ""Step-by-step implementation"", ""Best practices and tips"", ""Common challenges and solutions"", ""Tools and resources needed"", ""Conclusion and next steps""]","[""investment"", ""planning"", ""finance"", ""implementation"", ""business"", ""economics""]",6,Individual Investors & Analysts,"[""portfolio management"", ""market analysis"", ""financial modeling""]",62,9,2025-10-25 21:09:20,en,How do you diversify your portfolio using {keyword}?,0.62,0.7649173665139791,0.77
8601487,brand management,marketing,What A/B tests should you run for brand management?,implementation,Intermediate,"[""Introduction to brand management"", ""Key points and analysis"", ""Practical examples"", ""Expert insights"", ""Action items"", ""Conclusion""]","[""implementation"", ""promotion"", ""marketing"", ""management"", ""branding"", ""brand""]",4,Marketing Coordinators & Specialists,"[""social media"", ""digital marketing"", ""content marketing""]",51,9,2025-10-25 21:09:20,en,What A/B tests should you run for {keyword}?,0.63,0.7318125477054294,0.63
8601488,investment planning,economics,How do you adjust your investment planning strategy during volatility?,optimization,Advanced,"[""Overview of investment planning"", ""Step-by-step implementation"", ""Best practices and tips"", ""Common challenges and solutions"", ""Tools and resources needed"", ""Conclusion and next steps""]","[""investment"", ""planning"", ""business"", ""market"", ""optimization"", ""economics""]",6,Professional Investors & Advisors,"[""portfolio management"", ""market analysis"", ""financial modeling""]",70,10,2025-10-25 21:09:20,en,How do you adjust your {keyword} strategy during volatility?,0.64,0.8399953392461551,0.83
8601489,social media,marketing,How do you track and analyze social media performance?,strategy,Beginner,"[""Overview of social media"", ""Step-by-step implementation"", ""Best practices and tips"", ""Common challenges and solutions"", ""Tools and resources needed"", ""Conclusion and next steps""]","[""media"", ""marketing"", ""digital"", ""social"", ""advertising"", ""strategy""]",6,Marketing Students & Interns,"[""brand management"", ""digital marketing"", ""content marketing""]",54,9,2025-10-25 21:09:20,en,How do you track and analyze {keyword} performance?,0.83,0.41434142991461337,0.63
8601490,financial modeling,economics,What indicators predict financial modeling market movements?,troubleshooting,Expert,"[""Introduction to financial modeling"", ""Key points and analysis"", ""Practical examples"", ""Expert insights"", ""Action items"", ""Conclusion""]","[""investment"", ""troubleshooting"", ""modeling"", ""financial"", ""business"", ""economics""]",4,Portfolio Managers & Financial Experts,"[""investment planning"", ""market analysis"", ""portfolio management""]",60,7,2025-10-25 21:09:20,en,What indicators predict {keyword} market movements?,0.79,1.0,0.32
8601491,machine learning,it,What tools are essential for machine learning development?,how_to,Intermediate,"[""Introduction to machine learning"", ""Key points and analysis"", ""Practical examples"", ""Expert insights"", ""Action items"", ""Conclusion""]","[""how_to"", ""software"", ""it"", ""programming"", ""learning"", ""machine""]",4,Junior to Mid-level Developers,"[""data science"", ""web development"", ""cybersecurity"", ""cloud computing""]",58,8,2025-10-25 21:09:20,en,What tools are essential for {keyword} development?,0.76,0.6434996091639832,0.42
8601492,cloud computing,it,How do you convince stakeholders to invest in cloud computing?,best_practice,Beginner,"[""Overview of cloud computing"", ""Step-by-step implementation"", ""Best practices and tips"", ""Common challenges and solutions"", ""Tools and resources needed"", ""Conclusion and next steps""]","[""computing"", ""development"", ""it"", ""programming"", ""best_practice"", ""cloud""]",6,Students & Entry-level Developers,"[""web development"", ""data science"", ""cybersecurity"", ""machine learning""]",62,10,2025-10-25 21:09:20,en,How do you convince stakeholders to invest in {keyword}?,0.61,0.3646921808921536,0.34
8601493,social media,marketing,What does the future hold for social media?,implementation,Intermediate,"[""Introduction to social media"", ""Key points and analysis"", ""Practical examples"", ""Expert insights"", ""Action items"", ""Conclusion""]","[""media"", ""implementation"", ""promotion"", ""marketing"", ""social"", ""advertising""]",4,Marketing Coordinators & Specialists,"[""brand management"", ""digital marketing"", ""content marketing""]",43,8,2025-10-25 21:09:20,en,What does the future hold for {keyword}?,0.64,0.640662538315767,0.39
8601494,portfolio management,economics,How do you hedge against portfolio management market downturns?,optimization,Expert,"[""Overview of portfolio management"", ""Step-by-step implementation"", ""Best practices and tips"", ""Common challenges and solutions"", ""Tools and resources needed"", ""Conclusion and next steps""]","[""investment"", ""portfolio"", ""management"", ""market"", ""optimization"", ""economics""]",6,Portfolio Managers & Financial Experts,"[""market analysis"", ""investment planning"", ""financial modeling""]",63,9,2025-10-25 21:09:20,en,How do you hedge against {keyword} market downturns?,0.84,1.0,0.52
8601495,machine learning,it,What ROI can be expected from machine learning implementation?,troubleshooting,Advanced,"[""Introduction to machine learning"", ""Key points and analysis"", ""Practical examples"", ""Expert insights"", ""Action items"", ""Conclusion""]","[""development"", ""it"", ""troubleshooting"", ""learning"", ""machine"", ""technology""]",4,Senior Developers & Tech Leads,"[""web development"", ""data science"", ""cloud computing"", ""cybersecurity""]",62,9,2025-10-25 21:09:20,en,What ROI can be expected from {keyword} implementation?,0.87,0.8011717414854755,0.49
8601496,web development,it,What is the recommended architecture for web development systems?,best_practice,Beginner,"[""Introduction to web development"", ""Key points and analysis"", ""Practical examples"", ""Expert insights"", ""Action items"", ""Conclusion""]","[""software"", ""development"", ""it"", ""best_practice"", ""programming"", ""web""]",4,Students & Entry-level Developers,"[""machine learning"", ""cybersecurity"", ""cloud computing"", ""data science""]",65,9,2025-10-25 21:09:20,en,What is the recommended architecture for {keyword} systems?,0.62,0.354259792722388,0.4
8601497,social media,marketing,What timing strategies work for social media?,troubleshooting,Beginner,"[""Introduction to social media"", ""Key points and analysis"", ""Practical examples"", ""Expert insights"", ""Action items"", ""Conclusion""]","[""media"", ""promotion"", ""troubleshooting"", ""marketing"", ""social"", ""branding""]",4,Marketing Students & Interns,"[""digital marketing"", ""brand management"", ""content marketing""]",45,7,2025-10-25 21:09:20,en,What timing strategies work for {keyword}?,0.7,0.4882821581968912,0.42
8601498,web development,it,What tools are essential for web development development?,evaluation,Beginner,"[""Introduction to web development"", ""Key points and analysis"", ""Practical examples"", ""Expert insights"", ""Action items"", ""Conclusion""]","[""technology"", ""software"", ""development"", ""it"", ""evaluation"", ""web""]",4,Students & Entry-level Developers,"[""data science"", ""cloud computing"", ""cybersecurity"", ""machine learning""]",57,8,2025-10-25 21:09:20,en,What tools are essential for {keyword} development?,0.74,0.4725181569870277,0.62
8601499,portfolio management,economics,What are the risks associated with portfolio management?,planning,Intermediate,"[""Introduction to portfolio management"", ""Key concepts and definitions"", ""Main categories or types"", ""Examples and case studies"", ""Benefits and advantages"", ""Summary and recommendations""]","[""investment"", ""planning"", ""finance"", ""portfolio"", ""management"", ""economics""]",6,Individual Investors & Analysts,"[""market analysis"", ""financial modeling"", ""investment planning""]",56,8,2025-10-25 21:09:20,en,What are the risks associated with {keyword}?,0.9,0.7648900851163555,0.87
8601500,cybersecurity,it,What tools are essential for cybersecurity development?,analysis,Advanced,"[""Introduction to cybersecurity"", ""Key points and analysis"", ""Practical examples"", ""Expert insights"", ""Action items"", ""Conclusion""]","[""development"", ""analysis"", ""it"", ""cybersecurity"", ""technology""]",4,Senior Developers & Tech Leads,"[""machine learning"", ""web development"", ""cloud computing"", ""data science""]",55,7,2025-10-25 21:09:20,en,What tools are essential for {keyword} development?,0.83,0.9513499833047192,0.85
8601501,data science,it,What are the key components of a data science implementation?,comparison,Advanced,"[""Introduction to data science"", ""Key concepts and definitions"", ""Main categories or types"", ""Examples and case studies"", ""Benefits and advantages"", ""Summary and recommendations""]","[""technology"", ""it"", ""comparison"", ""programming"", ""science"", ""data""]",6,Senior Developers & Tech Leads,"[""cloud computing"", ""machine learning"", ""cybersecurity"", ""web development""]",61,10,2025-10-25 21:09:20,en,What are the key components of a {keyword} implementation?,0.67,0.8568832625443298,0.62
8601502,machine learning,it,What are the best practices for machine learning development?,planning,Expert,"[""Introduction to machine learning"", ""Key concepts and definitions"", ""Main categories or types"", ""Examples and case studies"", ""Benefits and advantages"", ""Summary and recommendations""]","[""planning"", ""software"", ""it"", ""learning"", ""machine"", ""technology""]",6,Architects & Technical Directors,"[""data science"", ""web development"", ""cloud computing"", ""cybersecurity""]",61,9,2025-10-25 21:09:20,en,What are the best practices for {keyword} development?,0.95,1.0,0.51
8601503,content marketing,marketing,What A/B tests should you run for content marketing?,evaluation,Beginner,"[""Introduction to content marketing"", ""Key points and analysis"", ""Practical examples"", ""Expert insights"", ""Action items"", ""Conclusion""]","[""content"", ""marketing"", ""advertising"", ""branding"", ""evaluation""]",4,Marketing Students & Interns,"[""social media"", ""brand management"", ""digital marketing""]",52,9,2025-10-25 21:09:20,en,What A/B tests should you run for {keyword}?,0.87,0.4668524573942362,0.32
8601504,content marketing,marketing,How do you automate content marketing processes?,implementation,Intermediate,"[""Overview of content marketing"", ""Step-by-step implementation"", ""Best practices and tips"", ""Common challenges and solutions"", ""Tools and resources needed"", ""Conclusion and next steps""]","[""content"", ""implementation"", ""marketing"", ""advertising"", ""branding""]",6,Marketing Coordinators & Specialists,"[""digital marketing"", ""brand management"", ""social media""]",48,7,2025-10-25 21:09:20,en,How do you automate {keyword} processes?,0.89,0.7247306414338239,0.52
8601505,social media,marketing,What timing strategies work for social media?,strategy,Beginner,"[""Introduction to social media"", ""Key points and analysis"", ""Practical examples"", ""Expert insights"", ""Action items"", ""Conclusion""]","[""media"", ""promotion"", ""marketing"", ""social"", ""advertising"", ""strategy""]",4,Marketing Students & Interns,"[""content marketing"", ""digital marketing"", ""brand management""]",45,7,2025-10-25 21:09:20,en,What timing strategies work for {keyword}?,0.88,0.4474386170319742,0.46
8601506,brand management,marketing,What timing strategies work for brand management?,planning,Beginner,"[""Introduction to brand management"", ""Key points and analysis"", ""Practical examples"", ""Expert insights"", ""Action items"", ""Conclusion""]","[""planning"", ""promotion"", ""digital"", ""marketing"", ""management"", ""brand""]",4,Marketing Students & Interns,"[""social media"", ""digital marketing"", ""content marketing""]",49,7,2025-10-25 21:09:20,en,What timing strategies work for {keyword}?,0.89,0.32702621010419497,0.72
8601507,data science,it,How do you measure the success of data science projects?,analysis,Beginner,"[""Overview of data science"", ""Step-by-step implementation"", ""Best practices and tips"", ""Common challenges and solutions"", ""Tools and resources needed"", ""Conclusion and next steps""]","[""technology"", ""analysis"", ""it"", ""development"", ""science"", ""data""]",6,Students & Entry-level Developers,"[""machine learning"", ""cloud computing"", ""cybersecurity"", ""web development""]",56,10,2025-10-25 21:09:20,en,How do you measure the success of {keyword} projects?,0.88,0.47638249598836224,0.81
8601508,machine learning,it,What tools are essential for machine learning development?,implementation,Beginner,"[""Introduction to machine learning"", ""Key points and analysis"", ""Practical examples"", ""Expert insights"", ""Action items"", ""Conclusion""]","[""development"", ""it"", ""implementation"", ""programming"", ""learning"", ""machine""]",4,Students & Entry-level Developers,"[""web development"", ""cloud computing"", ""cybersecurity"", ""data science""]",58,8,2025-10-25 21:09:20,en,What tools are essential for {keyword} development?,0.72,0.3683778594320811,0.86
8601509,digital marketing,marketing,How do you create a digital marketing roadmap?,how_to,Advanced,"[""Overview of digital marketing"", ""Step-by-step implementation"", ""Best practices and tips"", ""Common challenges and solutions"", ""Tools and resources needed"", ""Conclusion and next steps""]","[""how_to"", ""promotion"", ""marketing"", ""digital"", ""advertising""]",6,Marketing Managers & Strategists,"[""brand management"", ""content marketing"", ""social media""]",46,8,2025-10-25 21:09:20,en,How do you create a {keyword} roadmap?,0.7,0.988444944507886,0.36
8601510,investment planning,economics,What are the regulatory considerations for investment planning?,analysis,Expert,"[""Introduction to investment planning"", ""Key concepts and definitions"", ""Main categories or types"", ""Examples and case studies"", ""Benefits and advantages"", ""Summary and recommendations""]","[""investment"", ""planning"", ""analysis"", ""business"", ""economics""]",6,Portfolio Managers & Financial Experts,"[""portfolio management"", ""market analysis"", ""financial modeling""]",63,8,2025-10-25 21:09:20,en,What are the regulatory considerations for {keyword}?,0.6,1.0,0.67
8601511,content marketing,marketing,What budget should be allocated to content marketing?,planning,Beginner,"[""Introduction to content marketing"", ""Key points and analysis"", ""Practical examples"", ""Expert insights"", ""Action items"", ""Conclusion""]","[""planning"", ""content"", ""promotion"", ""marketing"", ""digital""]",4,Marketing Students & Interns,"[""social media"", ""digital marketing"", ""brand management""]",53,8,2025-10-25 21:09:20,en,What budget should be allocated to {keyword}?,0.87,0.36292521118912213,0.73
8601512,financial modeling,economics,How do you report on financial modeling performance to stakeholders?,analysis,Beginner,"[""Overview of financial modeling"", ""Step-by-step implementation"", ""Best practices and tips"", ""Common challenges and solutions"", ""Tools and resources needed"", ""Conclusion and next steps""]","[""investment"", ""analysis"", ""modeling"", ""financial"", ""business"", ""economics""]",6,Students & New Investors,"[""investment planning"", ""portfolio management"", ""market analysis""]",68,10,2025-10-25 21:09:20,en,How do you report on {keyword} performance to stakeholders?,0.86,0.4344645329268371,0.77
8601513,cloud computing,it,How do you integrate cloud computing with existing systems?,planning,Beginner,"[""Overview of cloud computing"", ""Step-by-step implementation"", ""Best practices and tips"", ""Common challenges and solutions"", ""Tools and resources needed"", ""Conclusion and next steps""]","[""computing"", ""planning"", ""development"", ""it"", ""software"", ""cloud""]",6,Students & Entry-level Developers,"[""data science"", ""cybersecurity"", ""machine learning"", ""web development""]",59,9,2025-10-25 21:09:20,en,How do you integrate {keyword} with existing systems?,0.86,0.37011248147994713,0.37
8601514,social media,marketing,What does the future hold for social media?,analysis,Advanced,"[""Introduction to social media"", ""Key points and analysis"", ""Practical examples"", ""Expert insights"", ""Action items"", ""Conclusion""]","[""analysis"", ""media"", ""marketing"", ""social"", ""advertising"", ""branding""]",4,Marketing Managers & Strategists,"[""brand management"", ""content marketing"", ""digital marketing""]",43,8,2025-10-25 21:09:20,en,What does the future hold for {keyword}?,0.85,0.8466146038226696,0.3
8601515,brand management,marketing,How do you create a brand management roadmap?,planning,Beginner,"[""Overview of brand management"", ""Step-by-step implementation"", ""Best practices and tips"", ""Common challenges and solutions"", ""Tools and resources needed"", ""Conclusion and next steps""]","[""planning"", ""promotion"", ""marketing"", ""management"", ""branding"", ""brand""]",6,Marketing Students & Interns,"[""digital marketing"", ""content marketing"", ""social media""]",45,8,2025-10-25 21:09:20,en,How do you create a {keyword} roadmap?,0.78,0.46498396437921363,0.8
8601516,market analysis,economics,How do you measure market analysis performance?,troubleshooting,Advanced,"[""Overview of market analysis"", ""Step-by-step implementation"", ""Best practices and tips"", ""Common challenges and solutions"", ""Tools and resources needed"", ""Conclusion and next steps""]","[""investment"", ""analysis"", ""troubleshooting"", ""market"", ""business"", ""economics""]",6,Professional Investors & Advisors,"[""portfolio management"", ""investment planning"", ""financial modeling""]",47,7,2025-10-25 21:09:20,en,How do you measure {keyword} performance?,0.94,0.9155576678324461,0.68
8601517,content marketing,marketing,What messaging works best in content marketing campaigns?,optimization,Expert,"[""Introduction to content marketing"", ""Key points and analysis"", ""Practical examples"", ""Expert insights"", ""Action items"", ""Conclusion""]","[""content"", ""marketing"", ""advertising"", ""branding"", ""optimization""]",4,Marketing Directors & CMOs,"[""brand management"", ""social media"", ""digital marketing""]",57,8,2025-10-25 21:09:20,en,What messaging works best in {keyword} campaigns?,0.66,1.0,0.89
8601518,investment planning,economics,How do you hedge against investment planning market downturns?,strategy,Intermediate,"[""Overview of investment planning"", ""Step-by-step implementation"", ""Best practices and tips"", ""Common challenges and solutions"", ""Tools and resources needed"", ""Conclusion and next steps""]","[""investment"", ""planning"", ""finance"", ""strategy"", ""economics""]",6,Individual Investors & Analysts,"[""financial modeling"", ""market analysis"", ""portfolio management""]",62,9,2025-10-25 21:09:20,en,How do you hedge against {keyword} market downturns?,0.63,0.7253830558841077,0.85
8601519,content marketing,marketing,What budget should be allocated to content marketing?,optimization,Beginner,"[""Introduction to content marketing"", ""Key points and analysis"", ""Practical examples"", ""Expert insights"", ""Action items"", ""Conclusion""]","[""content"", ""promotion"", ""marketing"", ""advertising"", ""optimization""]",4,Marketing Students & Interns,"[""digital marketing"", ""social media"", ""brand management""]",53,8,2025-10-25 21:09:20,en,What budget should be allocated to {keyword}?,0.81,0.40476591559554037,0.44
8601520,web development,it,How do you optimize web development for different platforms?,best_practice,Advanced,"[""Overview of web development"", ""Step-by-step implementation"", ""Best practices and tips"", ""Common challenges and solutions"", ""Tools and resources needed"", ""Conclusion and next steps""]","[""software"", ""development"", ""it"", ""best_practice"", ""programming"", ""web""]",6,Senior Developers & Tech Leads,"[""cybersecurity"", ""cloud computing"", ""machine learning"", ""data science""]",60,9,2025-10-25 21:09:20,en,How do you optimize {keyword} for different platforms?,0.86,0.800562387905168,0.86
8601521,web development,it,What are the key components of a web development implementation?,evaluation,Advanced,"[""Introduction to web development"", ""Key concepts and definitions"", ""Main categories or types"", ""Examples and case studies"", ""Benefits and advantages"", ""Summary and recommendations""]","[""technology"", ""development"", ""it"", ""programming"", ""evaluation"", ""web""]",6,Senior Developers & Tech Leads,"[""cloud computing"", ""cybersecurity"", ""data science"", ""machine learning""]",64,10,2025-10-25 21:09:20,en,What are the key components of a {keyword} implementation?,0.67,0.8897510621701216,0.58
8601522,content marketing,marketing,What timing strategies work for content marketing?,evaluation,Intermediate,"[""Introduction to content marketing"", ""Key points and analysis"", ""Practical examples"", ""Expert insights"", ""Action items"", ""Conclusion""]","[""content"", ""promotion"", ""marketing"", ""digital"", ""evaluation""]",4,Marketing Coordinators & Specialists,"[""brand management"", ""social media"", ""digital marketing""]",50,7,2025-10-25 21:09:20,en,What timing strategies work for {keyword}?,0.94,0.7592456983341355,0.67
8601523,social media,marketing,What content types work best for social media?,how_to,Intermediate,"[""Introduction to social media"", ""Key points and analysis"", ""Practical examples"", ""Expert insights"", ""Action items"", ""Conclusion""]","[""how_to"", ""media"", ""promotion"", ""marketing"", ""social"", ""branding""]",4,Marketing Coordinators & Specialists,"[""digital marketing"", ""content marketing"", ""brand management""]",46,8,2025-10-25 21:09:20,en,What content types work best for {keyword}?,0.82,0.6154124222986584,0.51
8601524,cloud computing,it,What tools are essential for cloud computing development?,how_to,Intermediate,"[""Introduction to cloud computing"", ""Key points and analysis"", ""Practical examples"", ""Expert insights"", ""Action items"", ""Conclusion""]","[""computing"", ""how_to"", ""development"", ""it"", ""programming"", ""cloud""]",4,Junior to Mid-level Developers,"[""data science"", ""machine learning"", ""web development"", ""cybersecurity""]",57,8,2025-10-25 21:09:20,en,What tools are essential for {keyword} development?,0.84,0.7054484892735808,0.4
8601525,cybersecurity,it,What design patterns work best with cybersecurity?,optimization,Advanced,"[""Introduction to cybersecurity"", ""Key points and analysis"", ""Practical examples"", ""Expert insights"", ""Action items"", ""Conclusion""]","[""software"", ""it"", ""programming"", ""optimization"", ""cybersecurity""]",4,Senior Developers & Tech Leads,"[""cloud computing"", ""web development"", ""machine learning"", ""data science""]",50,7,2025-10-25 21:09:20,en,What design patterns work best with {keyword}?,0.87,0.9604844766366066,0.83
8601526,web development,it,What security considerations should be taken when using web development?,comparison,Advanced,"[""Introduction to web development"", ""Key points and analysis"", ""Practical examples"", ""Expert insights"", ""Action items"", ""Conclusion""]","[""software"", ""development"", ""it"", ""comparison"", ""web""]",4,Senior Developers & Tech Leads,"[""machine learning"", ""cybersecurity"", ""data science"", ""cloud computing""]",72,10,2025-10-25 21:09:20,en,What security considerations should be taken when using {keyword}?,0.62,0.904120613522301,0.62
8601527,financial modeling,economics,What exit strategies should be considered for financial modeling?,troubleshooting,Beginner,"[""Introduction to financial modeling"", ""Key points and analysis"", ""Practical examples"", ""Expert insights"", ""Action items"", ""Conclusion""]","[""finance"", ""troubleshooting"", ""modeling"", ""financial"", ""business"", ""economics""]",4,Students & New Investors,"[""portfolio management"", ""market analysis"", ""investment planning""]",65,9,2025-10-25 21:09:20,en,What exit strategies should be considered for {keyword}?,0.82,0.38825250074614887,0.57
8601528,portfolio management,economics,How do you measure portfolio management performance?,planning,Beginner,"[""Overview of portfolio management"", ""Step-by-step implementation"", ""Best practices and tips"", ""Common challenges and solutions"", ""Tools and resources needed"", ""Conclusion and next steps""]","[""investment"", ""planning"", ""portfolio"", ""management"", ""business"", ""economics""]",6,Students & New Investors,"[""financial modeling"", ""investment planning"", ""market analysis""]",52,7,2025-10-25 21:09:20,en,How do you measure {keyword} performance?,0.76,0.31175401019885934,0.6
8601529,market analysis,economics,What strategies work best for market analysis investment?,strategy,Expert,"[""Introduction to market analysis"", ""Key points and analysis"", ""Practical examples"", ""Expert insights"", ""Action items"", ""Conclusion""]","[""investment"", ""analysis"", ""market"", ""strategy"", ""economics""]",4,Portfolio Managers & Financial Experts,"[""financial modeling"", ""investment planning"", ""portfolio management""]",57,8,2025-10-25 21:09:20,en,What strategies work best for {keyword} investment?,0.85,1.0,0.41
8601530,cloud computing,it,What is the recommended architecture for cloud computing systems?,strategy,Expert,"[""Introduction to cloud computing"", ""Key points and analysis"", ""Practical examples"", ""Expert insights"", ""Action items"", ""Conclusion""]","[""computing"", ""software"", ""cloud"", ""it"", ""programming"", ""strategy""]",4,Architects & Technical Directors,"[""data science"", ""web development"", ""cybersecurity"", ""machine learning""]",65,9,2025-10-25 21:09:20,en,What is the recommended architecture for {keyword} systems?,0.92,1.0,0.84
8601531,market analysis,economics,How do you diversify your portfolio using market analysis?,implementation,Advanced,"[""Overview of market analysis"", ""Step-by-step implementation"", ""Best practices and tips"", ""Common challenges and solutions"", ""Tools and resources needed"", ""Conclusion and next steps""]","[""investment"", ""analysis"", ""implementation"", ""market"", ""economics""]",6,Professional Investors & Advisors,"[""portfolio management"", ""investment planning"", ""financial modeling""]",58,9,2025-10-25 21:09:20,en,How do you diversify your portfolio using {keyword}?,0.79,0.8249774024848636,0.74
8601532,brand management,marketing,How do you innovate within brand management?,optimization,Beginner,"[""Overview of brand management"", ""Step-by-step implementation"", ""Best practices and tips"", ""Common challenges and solutions"", ""Tools and resources needed"", ""Conclusion and next steps""]","[""promotion"", ""marketing"", ""management"", ""digital"", ""optimization"", ""brand""]",6,Marketing Students & Interns,"[""digital marketing"", ""content marketing"", ""social media""]",44,7,2025-10-25 21:09:20,en,How do you innovate within {keyword}?,0.81,0.4653703952905296,0.76
8601533,brand management,marketing,How do you personalize brand management for different segments?,how_to,Beginner,"[""Overview of brand management"", ""Step-by-step implementation"", ""Best practices and tips"", ""Common challenges and solutions"", ""Tools and resources needed"", ""Conclusion and next steps""]","[""how_to"", ""marketing"", ""management"", ""advertising"", ""branding"", ""brand""]",6,Marketing Students & Interns,"[""content marketing"", ""social media"", ""digital marketing""]",63,9,2025-10-25 21:09:20,en,How do you personalize {keyword} for different segments?,0.69,0.3197200504777071,0.53
8601534,machine learning,it,How do you integrate machine learning with existing systems?,how_to,Advanced,"[""Overview of machine learning"", ""Step-by-step implementation"", ""Best practices and tips"", ""Common challenges and solutions"", ""Tools and resources needed"", ""Conclusion and next steps""]","[""how_to"", ""software"", ""development"", ""it"", ""learning"", ""machine""]",6,Senior Developers & Tech Leads,"[""web development"", ""cloud computing"", ""data science"", ""cybersecurity""]",60,9,2025-10-25 21:09:20,en,How do you integrate {keyword} with existing systems?,0.8,0.8334870608606065,0.6
8601535,social media,marketing,How do you identify the right audience for social media?,best_practice,Beginner,"[""Overview of social media"", ""Step-by-step implementation"", ""Best practices and tips"", ""Common challenges and solutions"", ""Tools and resources needed"", ""Conclusion and next steps""]","[""media"", ""promotion"", ""best_practice"", ""marketing"", ""social"", ""branding""]",6,Marketing Students & Interns,"[""digital marketing"", ""brand management"", ""content marketing""]",56,10,2025-10-25 21:09:20,en,How do you identify the right audience for {keyword}?,0.92,0.3502261874450558,0.35
8601536,brand management,marketing,What messaging works best in brand management campaigns?,how_to,Expert,"[""Introduction to brand management"", ""Key points and analysis"", ""Practical examples"", ""Expert insights"", ""Action items"", ""Conclusion""]","[""how_to"", ""marketing"", ""management"", ""digital"", ""branding"", ""brand""]",4,Marketing Directors & CMOs,"[""digital marketing"", ""social media"", ""content marketing""]",56,8,2025-10-25 21:09:20,en,What messaging works best in {keyword} campaigns?,0.81,1.0,0.77
8601537,investment planning,economics,How do you benchmark investment planning against alternatives?,analysis,Advanced,"[""Overview of investment planning"", ""Step-by-step implementation"", ""Best practices and tips"", ""Common challenges and solutions"", ""Tools and resources needed"", ""Conclusion and next steps""]","[""investment"", ""planning"", ""finance"", ""analysis"", ""economics""]",6,Professional Investors & Advisors,"[""portfolio management"", ""market analysis"", ""financial modeling""]",62,8,2025-10-25 21:09:20,en,How do you benchmark {keyword} against alternatives?,0.64,0.9991549348310068,0.89
8601538,portfolio management,economics,How do you diversify your portfolio using portfolio management?,implementation,Expert,"[""Overview of portfolio management"", ""Step-by-step implementation"", ""Best practices and tips"", ""Common challenges and solutions"", ""Tools and resources needed"", ""Conclusion and next steps""]","[""finance"", ""implementation"", ""portfolio"", ""management"", ""business"", ""economics""]",6,Portfolio Managers & Financial Experts,"[""financial modeling"", ""investment planning"", ""market analysis""]",63,9,2025-10-25 21:09:20,en,How do you diversify your portfolio using {keyword}?,0.81,1.0,0.49
8601539,data science,it,What are the best practices for data science development?,evaluation,Expert,"[""Introduction to data science"", ""Key concepts and definitions"", ""Main categories or types"", ""Examples and case studies"", ""Benefits and advantages"", ""Summary and recommendations""]","[""technology"", ""it"", ""programming"", ""science"", ""evaluation"", ""data""]",6,Architects & Technical Directors,"[""machine learning"", ""web development"", ""cybersecurity"", ""cloud computing""]",57,9,2025-10-25 21:09:20,en,What are the best practices for {keyword} development?,0.62,1.0,0.41
8601540,investment planning,economics,What are the seasonal patterns in investment planning?,troubleshooting,Intermediate,"[""Introduction to investment planning"", ""Key concepts and definitions"", ""Main categories or types"", ""Examples and case studies"", ""Benefits and advantages"", ""Summary and recommendations""]","[""investment"", ""planning"", ""troubleshooting"", ""market"", ""business"", ""economics""]",6,Individual Investors & Analysts,"[""portfolio management"", ""financial modeling"", ""market analysis""]",54,8,2025-10-25 21:09:20,en,What are the seasonal patterns in {keyword}?,0.82,0.6036865485132681,0.69
8601541,cybersecurity,it,What tools are essential for cybersecurity development?,planning,Intermediate,"[""Introduction to cybersecurity"", ""Key points and analysis"", ""Practical examples"", ""Expert insights"", ""Action items"", ""Conclusion""]","[""software"", ""planning"", ""it"", ""programming"", ""cybersecurity""]",4,Junior to Mid-level Developers,"[""cloud computing"", ""machine learning"", ""web development"", ""data science""]",55,7,2025-10-25 21:09:20,en,What tools are essential for {keyword} development?,0.63,0.7846750530493308,0.84
8601542,brand management,marketing,How do you improve brand management conversion rates?,strategy,Beginner,"[""Overview of brand management"", ""Step-by-step implementation"", ""Best practices and tips"", ""Common challenges and solutions"", ""Tools and resources needed"", ""Conclusion and next steps""]","[""promotion"", ""marketing"", ""management"", ""branding"", ""strategy"", ""brand""]",6,Marketing Students & Interns,"[""content marketing"", ""digital marketing"", ""social media""]",53,8,2025-10-25 21:09:20,en,How do you improve {keyword} conversion rates?,0.84,0.45143502399560753,0.35
8601543,digital marketing,marketing,What content types work best for digital marketing?,comparison,Intermediate,"[""Introduction to digital marketing"", ""Key points and analysis"", ""Practical examples"", ""Expert insights"", ""Action items"", ""Conclusion""]","[""comparison"", ""marketing"", ""digital"", ""advertising"", ""branding""]",4,Marketing Coordinators & Specialists,"[""brand management"", ""social media"", ""content marketing""]",51,8,2025-10-25 21:09:20,en,What content types work best for {keyword}?,0.8,0.6869810069995455,0.9
8601544,web development,it,What skills are needed to master web development?,planning,Expert,"[""Introduction to web development"", ""Key points and analysis"", ""Practical examples"", ""Expert insights"", ""Action items"", ""Conclusion""]","[""software"", ""planning"", ""development"", ""it"", ""web""]",4,Architects & Technical Directors,"[""data science"", ""cybersecurity"", ""machine learning"", ""cloud computing""]",49,8,2025-10-25 21:09:20,en,What skills are needed to master {keyword}?,0.82,1.0,0.88
8601545,financial modeling,economics,How do you assess and manage financial modeling risks?,analysis,Expert,"[""Overview of financial modeling"", ""Step-by-step implementation"", ""Best practices and tips"", ""Common challenges and solutions"", ""Tools and resources needed"", ""Conclusion and next steps""]","[""investment"", ""analysis"", ""finance"", ""modeling"", ""financial"", ""economics""]",6,Portfolio Managers & Financial Experts,"[""market analysis"", ""investment planning"", ""portfolio management""]",54,9,2025-10-25 21:09:20,en,How do you assess and manage {keyword} risks?,0.68,1.0,0.79
8601546,web development,it,What is the recommended architecture for web development systems?,best_practice,Beginner,"[""Introduction to web development"", ""Key points and analysis"", ""Practical examples"", ""Expert insights"", ""Action items"", ""Conclusion""]","[""technology"", ""development"", ""it"", ""best_practice"", ""web""]",4,Students & Entry-level Developers,"[""machine learning"", ""cybersecurity"", ""cloud computing"", ""data science""]",65,9,2025-10-25 21:09:20,en,What is the recommended architecture for {keyword} systems?,0.82,0.4498709230400972,0.9
8601547,social media,marketing,What demographics respond best to social media?,best_practice,Expert,"[""Introduction to social media"", ""Key points and analysis"", ""Practical examples"", ""Expert insights"", ""Action items"", ""Conclusion""]","[""media"", ""promotion"", ""best_practice"", ""digital"", ""marketing"", ""social""]",4,Marketing Directors & CMOs,"[""digital marketing"", ""brand management"", ""content marketing""]",47,7,2025-10-25 21:09:20,en,What demographics respond best to {keyword}?,0.71,1.0,0.5
8601548,machine learning,it,How do you design a scalable machine learning solution?,how_to,Expert,"[""Overview of machine learning"", ""Step-by-step implementation"", ""Best practices and tips"", ""Common challenges and solutions"", ""Tools and resources needed"", ""Conclusion and next steps""]","[""how_to"", ""software"", ""it"", ""learning"", ""machine"", ""technology""]",6,Architects & Technical Directors,"[""web development"", ""cybersecurity"", ""data science"", ""cloud computing""]",55,9,2025-10-25 21:09:20,en,How do you design a scalable {keyword} solution?,0.93,1.0,0.51
8601549,portfolio management,economics,How do economic conditions affect portfolio management performance?,comparison,Beginner,"[""Introduction to portfolio management"", ""Key points and analysis"", ""Practical examples"", ""Expert insights"", ""Action items"", ""Conclusion""]","[""finance"", ""portfolio"", ""comparison"", ""management"", ""business"", ""economics""]",4,Students & New Investors,"[""financial modeling"", ""market analysis"", ""investment planning""]",67,8,2025-10-25 21:09:20,en,How do economic conditions affect {keyword} performance?,0.62,0.48303764419580675,0.45
8601550,portfolio management,economics,What indicators predict portfolio management market movements?,troubleshooting,Beginner,"[""Introduction to portfolio management"", ""Key points and analysis"", ""Practical examples"", ""Expert insights"", ""Action items"", ""Conclusion""]","[""portfolio"", ""troubleshooting"", ""management"", ""market"", ""business"", ""economics""]",4,Students & New Investors,"[""investment planning"", ""financial modeling"", ""market analysis""]",62,7,2025-10-25 21:09:20,en,What indicators predict {keyword} market movements?,0.95,0.40380774079801146,0.52
8601551,cloud computing,it,What security considerations should be taken when using cloud computing?,optimization,Advanced,"[""Introduction to cloud computing"", ""Key points and analysis"", ""Practical examples"", ""Expert insights"", ""Action items"", ""Conclusion""]","[""computing"", ""cloud"", ""development"", ""it"", ""programming"", ""optimization""]",4,Senior Developers & Tech Leads,"[""data science"", ""cybersecurity"", ""web development"", ""machine learning""]",72,10,2025-10-25 21:09:20,en,What security considerations should be taken when using {keyword}?,0.94,0.954083659017372,0.65
8601552,market analysis,economics,What factors should be considered when evaluating market analysis?,how_to,Intermediate,"[""Introduction to market analysis"", ""Key points and analysis"", ""Practical examples"", ""Expert insights"", ""Action items"", ""Conclusion""]","[""investment"", ""how_to"", ""analysis"", ""market"", ""economics""]",4,Individual Investors & Analysts,"[""financial modeling"", ""investment planning"", ""portfolio management""]",66,9,2025-10-25 21:09:20,en,What factors should be considered when evaluating {keyword}?,0.7,0.6981718843693775,0.51
8601553,social media,marketing,What KPIs are most important for social media?,planning,Beginner,"[""Introduction to social media"", ""Key points and analysis"", ""Practical examples"", ""Expert insights"", ""Action items"", ""Conclusion""]","[""planning"", ""media"", ""promotion"", ""marketing"", ""digital"", ""social""]",4,Marketing Students & Interns,"[""content marketing"", ""brand management"", ""digital marketing""]",46,8,2025-10-25 21:09:20,en,What KPIs are most important for {keyword}?,0.67,0.45962497307601036,0.5
8601554,social media,marketing,How is AI changing social media approaches?,how_to,Intermediate,"[""Introduction to social media"", ""Key points and analysis"", ""Practical examples"", ""Expert insights"", ""Action items"", ""Conclusion""]","[""how_to"", ""media"", ""marketing"", ""social"", ""advertising"", ""branding""]",4,Marketing Coordinators & Specialists,"[""digital marketing"", ""brand management"", ""content marketing""]",43,7,2025-10-25 21:09:20,en,How is AI changing {keyword} approaches?,0.63,0.69825631652955,0.85
8601555,social media,marketing,What content types work best for social media?,optimization,Advanced,"[""Introduction to social media"", ""Key points and analysis"", ""Practical examples"", ""Expert insights"", ""Action items"", ""Conclusion""]","[""media"", ""promotion"", ""marketing"", ""digital"", ""social"", ""optimization""]",4,Marketing Managers & Strategists,"[""content marketing"", ""digital marketing"", ""brand management""]",46,8,2025-10-25 21:09:20,en,What content types work best for {keyword}?,0.61,0.8205130887126864,0.34
8601556,financial modeling,economics,What exit strategies should be considered for financial modeling?,analysis,Beginner,"[""Introduction to financial modeling"", ""Key points and analysis"", ""Practical examples"", ""Expert insights"", ""Action items"", ""Conclusion""]","[""investment"", ""analysis"", ""finance"", ""modeling"", ""financial"", ""economics""]",4,Students & New Investors,"[""portfolio management"", ""market analysis"", ""investment planning""]",65,9,2025-10-25 21:09:20,en,What exit strategies should be considered for {keyword}?,0.64,0.4020489997649366,0.42
8601557,financial modeling,economics,How do you analyze market trends in financial modeling?,strategy,Beginner,"[""Overview of financial modeling"", ""Step-by-step implementation"", ""Best practices and tips"", ""Common challenges and solutions"", ""Tools and resources needed"", ""Conclusion and next steps""]","[""finance"", ""modeling"", ""financial"", ""business"", ""strategy"", ""economics""]",6,Students & New Investors,"[""investment planning"", ""market analysis"", ""portfolio management""]",55,9,2025-10-25 21:09:20,en,How do you analyze market trends in {keyword}?,0.76,0.35757549478280626,0.62
8601558,cybersecurity,it,What security considerations should be taken when using cybersecurity?,evaluation,Intermediate,"[""Introduction to cybersecurity"", ""Key points and analysis"", ""Practical examples"", ""Expert insights"", ""Action items"", ""Conclusion""]","[""it"", ""programming"", ""evaluation"", ""cybersecurity"", ""technology""]",4,Junior to Mid-level Developers,"[""cloud computing"", ""data science"", ""machine learning"", ""web development""]",70,9,2025-10-25 21:09:20,en,What security considerations should be taken when using {keyword}?,0.72,0.6823643767048352,0.49
8601559,social media,marketing,How do you measure the ROI of social media campaigns?,strategy,Expert,"[""Overview of social media"", ""Step-by-step implementation"", ""Best practices and tips"", ""Common challenges and solutions"", ""Tools and resources needed"", ""Conclusion and next steps""]","[""media"", ""promotion"", ""marketing"", ""social"", ""advertising"", ""strategy""]",6,Marketing Directors & CMOs,"[""brand management"", ""digital marketing"", ""content marketing""]",53,10,2025-10-25 21:09:20,en,How do you measure the ROI of {keyword} campaigns?,0.84,1.0,0.31
8601560,social media,marketing,What timing strategies work for social media?,implementation,Advanced,"[""Introduction to social media"", ""Key points and analysis"", ""Practical examples"", ""Expert insights"", ""Action items"", ""Conclusion""]","[""media"", ""implementation"", ""promotion"", ""marketing"", ""digital"", ""social""]",4,Marketing Managers & Strategists,"[""brand management"", ""digital marketing"", ""content marketing""]",45,7,2025-10-25 21:09:20,en,What timing strategies work for {keyword}?,0.76,0.9949402817106656,0.4
8601561,machine learning,it,What certifications are valuable for machine learning professionals?,optimization,Intermediate,"[""Introduction to machine learning"", ""Key points and analysis"", ""Practical examples"", ""Expert insights"", ""Action items"", ""Conclusion""]","[""software"", ""it"", ""learning"", ""optimization"", ""machine"", ""technology""]",4,Junior to Mid-level Developers,"[""cloud computing"", ""web development"", ""data science"", ""cybersecurity""]",68,8,2025-10-25 21:09:20,en,What certifications are valuable for {keyword} professionals?,0.9,0.7312650619616053,0.84
8601562,market analysis,economics,How do you protect your market analysis investments?,analysis,Expert,"[""Overview of market analysis"", ""Step-by-step implementation"", ""Best practices and tips"", ""Common challenges and solutions"", ""Tools and resources needed"", ""Conclusion and next steps""]","[""market"", ""business"", ""economics"", ""analysis""]",6,Portfolio Managers & Financial Experts,"[""financial modeling"", ""investment planning"", ""portfolio management""]",52,8,2025-10-25 21:09:20,en,How do you protect your {keyword} investments?,0.85,1.0,0.39
8601563,cybersecurity,it,What skills are needed to master cybersecurity?,implementation,Beginner,"[""Introduction to cybersecurity"", ""Key points and analysis"", ""Practical examples"", ""Expert insights"", ""Action items"", ""Conclusion""]","[""development"", ""it"", ""implementation"", ""programming"", ""cybersecurity""]",4,Students & Entry-level Developers,"[""machine learning"", ""cloud computing"", ""web development"", ""data science""]",47,7,2025-10-25 21:09:20,en,What skills are needed to master {keyword}?,0.86,0.4159559314934953,0.35
8601564,portfolio management,economics,What are the risks associated with portfolio management?,best_practice,Intermediate,"[""Introduction to portfolio management"", ""Key concepts and definitions"", ""Main categories or types"", ""Examples and case studies"", ""Benefits and advantages"", ""Summary and recommendations""]","[""investment"", ""portfolio"", ""best_practice"", ""management"", ""business"", ""economics""]",6,Individual Investors & Analysts,"[""investment planning"", ""financial modeling"", ""market analysis""]",56,8,2025-10-25 21:09:20,en,What are the risks associated with {keyword}?,0.92,0.7064147160243951,0.8
8601565,market analysis,economics,How do you adjust your market analysis strategy during volatility?,optimization,Advanced,"[""Overview of market analysis"", ""Step-by-step implementation"", ""Best practices and tips"", ""Common challenges and solutions"", ""Tools and resources needed"", ""Conclusion and next steps""]","[""analysis"", ""finance"", ""business"", ""market"", ""optimization"", ""economics""]",6,Professional Investors & Advisors,"[""investment planning"", ""portfolio management"", ""financial modeling""]",66,10,2025-10-25 21:09:20,en,How do you adjust your {keyword} strategy during volatility?,0.81,0.9393451944091694,0.7
8601566,content marketing,marketing,What budget should be allocated to content marketing?,best_practice,Advanced,"[""Introduction to content marketing"", ""Key points and analysis"", ""Practical examples"", ""Expert insights"", ""Action items"", ""Conclusion""]","[""content"", ""promotion"", ""best_practice"", ""marketing"", ""branding""]",4,Marketing Managers & Strategists,"[""social media"", ""brand management"", ""digital marketing""]",53,8,2025-10-25 21:09:20,en,What budget should be allocated to {keyword}?,0.87,0.8254369415404474,0.57
8601567,social media,marketing,How do you optimize social media for mobile users?,planning,Advanced,"[""Overview of social media"", ""Step-by-step implementation"", ""Best practices and tips"", ""Common challenges and solutions"", ""Tools and resources needed"", ""Conclusion and next steps""]","[""planning"", ""media"", ""marketing"", ""digital"", ""social"", ""branding""]",6,Marketing Managers & Strategists,"[""content marketing"", ""digital marketing"", ""brand management""]",50,9,2025-10-25 21:09:20,en,How do you optimize {keyword} for mobile users?,0.93,0.9726180686144137,0.52
8601568,cloud computing,it,What are the cost considerations for cloud computing?,troubleshooting,Advanced,"[""Introduction to cloud computing"", ""Key concepts and definitions"", ""Main categories or types"", ""Examples and case studies"", ""Benefits and advantages"", ""Summary and recommendations""]","[""computing"", ""software"", ""development"", ""it"", ""troubleshooting"", ""cloud""]",6,Senior Developers & Tech Leads,"[""data science"", ""cybersecurity"", ""web development"", ""machine learning""]",53,8,2025-10-25 21:09:20,en,What are the cost considerations for {keyword}?,0.89,0.968134903841261,0.65
8601569,market analysis,economics,What metrics are most important for market analysis?,planning,Expert,"[""Introduction to market analysis"", ""Key points and analysis"", ""Practical examples"", ""Expert insights"", ""Action items"", ""Conclusion""]","[""investment"", ""planning"", ""analysis"", ""market"", ""business"", ""economics""]",4,Portfolio Managers & Financial Experts,"[""investment planning"", ""portfolio management"", ""financial modeling""]",52,8,2025-10-25 21:09:20,en,What metrics are most important for {keyword}?,0.73,1.0,0.89
8601570,investment planning,economics,How do you assess and manage investment planning risks?,troubleshooting,Advanced,"[""Overview of investment planning"", ""Step-by-step implementation"", ""Best practices and tips"", ""Common challenges and solutions"", ""Tools and resources needed"", ""Conclusion and next steps""]","[""investment"", ""planning"", ""finance"", ""troubleshooting"", ""market"", ""economics""]",6,Professional Investors & Advisors,"[""financial modeling"", ""market analysis"", ""portfolio management""]",55,9,2025-10-25 21:09:20,en,How do you assess and manage {keyword} risks?,0.92,0.9130041618228751,0.49
8601571,web development,it,What security considerations should be taken when using web development?,implementation,Beginner,"[""Introduction to web development"", ""Key points and analysis"", ""Practical examples"", ""Expert insights"", ""Action items"", ""Conclusion""]","[""development"", ""web"", ""implementation"", ""it"", ""programming"", ""technology""]",4,Students & Entry-level Developers,"[""cybersecurity"", ""data science"", ""machine learning"", ""cloud computing""]",72,10,2025-10-25 21:09:20,en,What security considerations should be taken when using {keyword}?,0.79,0.3914371980681619,0.71
8601572,portfolio management,economics,What are the regulatory considerations for portfolio management?,strategy,Expert,"[""Introduction to portfolio management"", ""Key concepts and definitions"", ""Main categories or types"", ""Examples and case studies"", ""Benefits and advantages"", ""Summary and recommendations""]","[""portfolio"", ""management"", ""business"", ""market"", ""strategy"", ""economics""]",6,Portfolio Managers & Financial Experts,"[""market analysis"", ""investment planning"", ""financial modeling""]",64,8,2025-10-25 21:09:20,en,What are the regulatory considerations for {keyword}?,0.72,1.0,0.64
8601573,financial modeling,economics,How do you analyze market trends in financial modeling?,how_to,Beginner,"[""Overview of financial modeling"", ""Step-by-step implementation"", ""Best practices and tips"", ""Common challenges and solutions"", ""Tools and resources needed"", ""Conclusion and next steps""]","[""investment"", ""how_to"", ""modeling"", ""financial"", ""business"", ""economics""]",6,Students & New Investors,"[""market analysis"", ""investment planning"", ""portfolio management""]",55,9,2025-10-25 21:09:20,en,How do you analyze market trends in {keyword}?,0.74,0.465571706763937,0.56
8601574,web development,it,How do you integrate web development with existing systems?,analysis,Intermediate,"[""Overview of web development"", ""Step-by-step implementation"", ""Best practices and tips"", ""Common challenges and solutions"", ""Tools and resources needed"", ""Conclusion and next steps""]","[""development"", ""web"", ""analysis"", ""it"", ""programming"", ""technology""]",6,Junior to Mid-level Developers,"[""data science"", ""cloud computing"", ""machine learning"", ""cybersecurity""]",59,9,2025-10-25 21:09:20,en,How do you integrate {keyword} with existing systems?,0.87,0.6569947892296267,0.81
8601575,financial modeling,economics,How do you create a long-term plan for financial modeling?,best_practice,Intermediate,"[""Overview of financial modeling"", ""Step-by-step implementation"", ""Best practices and tips"", ""Common challenges and solutions"", ""Tools and resources needed"", ""Conclusion and next steps""]","[""investment"", ""finance"", ""best_practice"", ""modeling"", ""financial"", ""economics""]",6,Individual Investors & Analysts,"[""investment planning"", ""market analysis"", ""portfolio management""]",58,10,2025-10-25 21:09:20,en,How do you create a long-term plan for {keyword}?,0.86,0.6857448191805734,0.47
8601576,content marketing,marketing,What emerging platforms support content marketing?,implementation,Beginner,"[""Introduction to content marketing"", ""Key points and analysis"", ""Practical examples"", ""Expert insights"", ""Action items"", ""Conclusion""]","[""content"", ""implementation"", ""promotion"", ""marketing"", ""advertising""]",4,Marketing Students & Interns,"[""social media"", ""digital marketing"", ""brand management""]",50,6,2025-10-25 21:09:20,en,What emerging platforms support {keyword}?,0.77,0.4479978483712593,0.39
8601577,social media,marketing,How do you attribute success to social media efforts?,optimization,Beginner,"[""Overview of social media"", ""Step-by-step implementation"", ""Best practices and tips"", ""Common challenges and solutions"", ""Tools and resources needed"", ""Conclusion and next steps""]","[""media"", ""marketing"", ""social"", ""advertising"", ""branding"", ""optimization""]",6,Marketing Students & Interns,"[""content marketing"", ""brand management"", ""digital marketing""]",53,9,2025-10-25 21:09:20,en,How do you attribute success to {keyword} efforts?,0.88,0.40519289870036984,0.49
8601578,machine learning,it,What design patterns work best with machine learning?,strategy,Intermediate,"[""Introduction to machine learning"", ""Key points and analysis"", ""Practical examples"", ""Expert insights"", ""Action items"", ""Conclusion""]","[""development"", ""it"", ""learning"", ""strategy"", ""machine"", ""technology""]",4,Junior to Mid-level Developers,"[""cybersecurity"", ""cloud computing"", ""data science"", ""web development""]",53,8,2025-10-25 21:09:20,en,What design patterns work best with {keyword}?,0.64,0.6507756604529447,0.5
8601579,market analysis,economics,What strategies work best for market analysis investment?,implementation,Expert,"[""Introduction to market analysis"", ""Key points and analysis"", ""Practical examples"", ""Expert insights"", ""Action items"", ""Conclusion""]","[""finance"", ""analysis"", ""implementation"", ""market"", ""economics""]",4,Portfolio Managers & Financial Experts,"[""portfolio management"", ""investment planning"", ""financial modeling""]",57,8,2025-10-25 21:09:20,en,What strategies work best for {keyword} investment?,0.94,1.0,0.53
8601580,financial modeling,economics,What is the optimal allocation for financial modeling in a portfolio?,analysis,Advanced,"[""Introduction to financial modeling"", ""Key points and analysis"", ""Practical examples"", ""Expert insights"", ""Action items"", ""Conclusion""]","[""finance"", ""analysis"", ""modeling"", ""financial"", ""business"", ""economics""]",4,Professional Investors & Advisors,"[""portfolio management"", ""market analysis"", ""investment planning""]",69,11,2025-10-25 21:09:20,en,What is the optimal allocation for {keyword} in a portfolio?,0.77,0.8785935698179688,0.9
8601581,financial modeling,economics,What strategies work best for financial modeling investment?,implementation,Advanced,"[""Introduction to financial modeling"", ""Key points and analysis"", ""Practical examples"", ""Expert insights"", ""Action items"", ""Conclusion""]","[""investment"", ""finance"", ""implementation"", ""modeling"", ""financial"", ""economics""]",4,Professional Investors & Advisors,"[""investment planning"", ""portfolio management"", ""market analysis""]",60,8,2025-10-25 21:09:20,en,What strategies work best for {keyword} investment?,0.94,0.9112203277074499,0.67
8601582,brand management,marketing,What demographics respond best to brand management?,how_to,Intermediate,"[""Introduction to brand management"", ""Key points and analysis"", ""Practical examples"", ""Expert insights"", ""Action items"", ""Conclusion""]","[""how_to"", ""promotion"", ""marketing"", ""management"", ""branding"", ""brand""]",4,Marketing Coordinators & Specialists,"[""digital marketing"", ""social media"", ""content marketing""]",51,7,2025-10-25 21:09:20,en,What demographics respond best to {keyword}?,0.86,0.6547675645449484,0.51
8601583,portfolio management,economics,What strategies work best for portfolio management investment?,best_practice,Expert,"[""Introduction to portfolio management"", ""Key points and analysis"", ""Practical examples"", ""Expert insights"", ""Action items"", ""Conclusion""]","[""finance"", ""portfolio"", ""best_practice"", ""management"", ""business"", ""economics""]",4,Portfolio Managers & Financial Experts,"[""investment planning"", ""market analysis"", ""financial modeling""]",62,8,2025-10-25 21:09:20,en,What strategies work best for {keyword} investment?,0.89,1.0,0.76
8601584,brand management,marketing,What KPIs are most important for brand management?,strategy,Expert,"[""Introduction to brand management"", ""Key points and analysis"", ""Practical examples"", ""Expert insights"", ""Action items"", ""Conclusion""]","[""promotion"", ""marketing"", ""management"", ""branding"", ""strategy"", ""brand""]",4,Marketing Directors & CMOs,"[""social media"", ""digital marketing"", ""content marketing""]",50,8,2025-10-25 21:09:20,en,What KPIs are most important for {keyword}?,0.6,1.0,0.46
8601585,content marketing,marketing,What timing strategies work for content marketing?,optimization,Intermediate,"[""Introduction to content marketing"", ""Key points and analysis"", ""Practical examples"", ""Expert insights"", ""Action items"", ""Conclusion""]","[""content"", ""promotion"", ""marketing"", ""advertising"", ""optimization""]",4,Marketing Coordinators & Specialists,"[""social media"", ""digital marketing"", ""brand management""]",50,7,2025-10-25 21:09:20,en,What timing strategies work for {keyword}?,0.64,0.6040920363367335,0.38
8601586,market analysis,economics,How do you report on market analysis performance to stakeholders?,how_to,Advanced,"[""Overview of market analysis"", ""Step-by-step implementation"", ""Best practices and tips"", ""Common challenges and solutions"", ""Tools and resources needed"", ""Conclusion and next steps""]","[""how_to"", ""finance"", ""analysis"", ""market"", ""economics""]",6,Professional Investors & Advisors,"[""investment planning"", ""portfolio management"", ""financial modeling""]",65,10,2025-10-25 21:09:20,en,How do you report on {keyword} performance to stakeholders?,0.9,0.9769010549545158,0.53
8601587,cybersecurity,it,What are the key components of a cybersecurity implementation?,implementation,Advanced,"[""Introduction to cybersecurity"", ""Key concepts and definitions"", ""Main categories or types"", ""Examples and case studies"", ""Benefits and advantages"", ""Summary and recommendations""]","[""software"", ""it"", ""implementation"", ""programming"", ""cybersecurity""]",5,Senior Developers & Tech Leads,"[""cloud computing"", ""data science"", ""web development"", ""machine learning""]",62,9,2025-10-25 21:09:20,en,What are the key components of a {keyword} implementation?,0.78,0.9886100957237742,0.33
8601588,digital marketing,marketing,What channels are most effective for digital marketing?,how_to,Advanced,"[""Introduction to digital marketing"", ""Key points and analysis"", ""Practical examples"", ""Expert insights"", ""Action items"", ""Conclusion""]","[""how_to"", ""promotion"", ""marketing"", ""digital"", ""branding""]",4,Marketing Managers & Strategists,"[""content marketing"", ""brand management"", ""social media""]",55,8,2025-10-25 21:09:20,en,What channels are most effective for {keyword}?,0.93,0.8582811875107884,0.54
8601589,social media,marketing,What timing strategies work for social media?,comparison,Advanced,"[""Introduction to social media"", ""Key points and analysis"", ""Practical examples"", ""Expert insights"", ""Action items"", ""Conclusion""]","[""media"", ""comparison"", ""digital"", ""marketing"", ""social"", ""advertising""]",4,Marketing Managers & Strategists,"[""digital marketing"", ""brand management"", ""content marketing""]",45,7,2025-10-25 21:09:20,en,What timing strategies work for {keyword}?,0.62,0.9829142322843768,0.76
8601590,web development,it,How does web development impact business operations?,best_practice,Beginner,"[""Introduction to web development"", ""Key points and analysis"", ""Practical examples"", ""Expert insights"", ""Action items"", ""Conclusion""]","[""software"", ""development"", ""it"", ""programming"", ""best_practice"", ""web""]",4,Students & Entry-level Developers,"[""cloud computing"", ""cybersecurity"", ""data science"", ""machine learning""]",52,7,2025-10-25 21:09:20,en,How does {keyword} impact business operations?,0.62,0.37143747610787375,0.84
8601591,financial modeling,economics,How do you diversify your portfolio using financial modeling?,evaluation,Expert,"[""Overview of financial modeling"", ""Step-by-step implementation"", ""Best practices and tips"", ""Common challenges and solutions"", ""Tools and resources needed"", ""Conclusion and next steps""]","[""finance"", ""modeling"", ""financial"", ""evaluation"", ""market"", ""economics""]",6,Portfolio Managers & Financial Experts,"[""investment planning"", ""market analysis"", ""portfolio management""]",61,9,2025-10-25 21:09:20,en,How do you diversify your portfolio using {keyword}?,0.69,1.0,0.77
8601592,investment planning,economics,What indicators predict investment planning market movements?,analysis,Advanced,"[""Introduction to investment planning"", ""Key points and analysis"", ""Practical examples"", ""Expert insights"", ""Action items"", ""Conclusion""]","[""investment"", ""planning"", ""analysis"", ""business"", ""economics""]",4,Professional Investors & Advisors,"[""market analysis"", ""portfolio management"", ""financial modeling""]",61,7,2025-10-25 21:09:20,en,What indicators predict {keyword} market movements?,0.78,0.90519332676647,0.8
8601593,content marketing,marketing,What emerging platforms support content marketing?,evaluation,Expert,"[""Introduction to content marketing"", ""Key points and analysis"", ""Practical examples"", ""Expert insights"", ""Action items"", ""Conclusion""]","[""content"", ""promotion"", ""marketing"", ""advertising"", ""evaluation""]",4,Marketing Directors & CMOs,"[""digital marketing"", ""social media"", ""brand management""]",50,6,2025-10-25 21:09:20,en,What emerging platforms support {keyword}?,0.84,1.0,0.69
8601594,machine learning,it,What ROI can be expected from machine learning implementation?,strategy,Advanced,"[""Introduction to machine learning"", ""Key points and analysis"", ""Practical examples"", ""Expert insights"", ""Action items"", ""Conclusion""]","[""development"", ""it"", ""learning"", ""strategy"", ""machine"", ""technology""]",4,Senior Developers & Tech Leads,"[""cloud computing"", ""cybersecurity"", ""data science"", ""web development""]",62,9,2025-10-25 21:09:20,en,What ROI can be expected from {keyword} implementation?,0.63,0.8689798942500313,0.81
8601595,cybersecurity,it,How do you get started with cybersecurity as a beginner?,troubleshooting,Beginner,"[""Overview of cybersecurity"", ""Step-by-step implementation"", ""Best practices and tips"", ""Common challenges and solutions"", ""Tools and resources needed"", ""Conclusion and next steps""]","[""software"", ""it"", ""troubleshooting"", ""cybersecurity"", ""technology""]",5,Students & Entry-level Developers,"[""cloud computing"", ""data science"", ""web development"", ""machine learning""]",56,10,2025-10-25 21:09:20,en,How do you get started with {keyword} as a beginner?,0.65,0.4859413353688053,0.72
8601596,web development,it,How do you optimize web development for different platforms?,evaluation,Beginner,"[""Overview of web development"", ""Step-by-step implementation"", ""Best practices and tips"", ""Common challenges and solutions"", ""Tools and resources needed"", ""Conclusion and next steps""]","[""technology"", ""development"", ""it"", ""programming"", ""evaluation"", ""web""]",6,Students & Entry-level Developers,"[""machine learning"", ""data science"", ""cloud computing"", ""cybersecurity""]",60,9,2025-10-25 21:09:20,en,How do you optimize {keyword} for different platforms?,0.79,0.4546069940559121,0.56
8601597,cloud computing,it,How do you measure the success of cloud computing projects?,implementation,Beginner,"[""Overview of cloud computing"", ""Step-by-step implementation"", ""Best practices and tips"", ""Common challenges and solutions"", ""Tools and resources needed"", ""Conclusion and next steps""]","[""computing"", ""development"", ""it"", ""implementation"", ""cloud"", ""technology""]",6,Students & Entry-level Developers,"[""web development"", ""data science"", ""machine learning"", ""cybersecurity""]",59,10,2025-10-25 21:09:20,en,How do you measure the success of {keyword} projects?,0.82,0.4269887456426796,0.63
8601598,data science,it,How do you measure the success of data science projects?,strategy,Intermediate,"[""Overview of data science"", ""Step-by-step implementation"", ""Best practices and tips"", ""Common challenges and solutions"", ""Tools and resources needed"", ""Conclusion and next steps""]","[""technology"", ""it"", ""programming"", ""science"", ""strategy"", ""data""]",6,Junior to Mid-level Developers,"[""cloud computing"", ""cybersecurity"", ""web development"", ""machine learning""]",56,10,2025-10-25 21:09:20,en,How do you measure the success of {keyword} projects?,0.62,0.6698480359705842,0.67
8601599,social media,marketing,How do you create a social media roadmap?,best_practice,Advanced,"[""Overview of social media"", ""Step-by-step implementation"", ""Best practices and tips"", ""Common challenges and solutions"", ""Tools and resources needed"", ""Conclusion and next steps""]","[""media"", ""best_practice"", ""marketing"", ""social"", ""advertising"", ""branding""]",6,Marketing Managers & Strategists,"[""digital marketing"", ""brand management"", ""content marketing""]",41,8,2025-10-25 21:09:20,en,How do you create a {keyword} roadmap?,0.87,0.8717577746696277,0.47
8601600,social media,marketing,What emerging platforms support social media?,comparison,Intermediate,"[""Introduction to social media"", ""Key points and analysis"", ""Practical examples"", ""Expert insights"", ""Action items"", ""Conclusion""]","[""media"", ""comparison"", ""marketing"", ""social"", ""advertising"", ""branding""]",4,Marketing Coordinators & Specialists,"[""digital marketing"", ""brand management"", ""content marketing""]",45,6,2025-10-25 21:09:20,en,What emerging platforms support {keyword}?,0.79,0.7607950453700846,0.82
8601601,digital marketing,marketing,How do you personalize digital marketing for different segments?,implementation,Beginner,"[""Overview of digital marketing"", ""Step-by-step implementation"", ""Best practices and tips"", ""Common challenges and solutions"", ""Tools and resources needed"", ""Conclusion and next steps""]","[""implementation"", ""marketing"", ""promotion"", ""digital""]",6,Marketing Students & Interns,"[""social media"", ""content marketing"", ""brand management""]",64,9,2025-10-25 21:09:20,en,How do you personalize {keyword} for different segments?,0.67,0.4172370056429865,0.35
8601602,data science,it,What security considerations should be taken when using data science?,evaluation,Advanced,"[""Introduction to data science"", ""Key points and analysis"", ""Practical examples"", ""Expert insights"", ""Action items"", ""Conclusion""]","[""technology"", ""it"", ""programming"", ""science"", ""evaluation"", ""data""]",4,Senior Developers & Tech Leads,"[""web development"", ""cybersecurity"", ""machine learning"", ""cloud computing""]",69,10,2025-10-25 21:09:20,en,What security considerations should be taken when using {keyword}?,0.86,0.809642391086148,0.33
8601603,investment planning,economics,What are the regulatory considerations for investment planning?,implementation,Advanced,"[""Introduction to investment planning"", ""Key concepts and definitions"", ""Main categories or types"", ""Examples and case studies"", ""Benefits and advantages"", ""Summary and recommendations""]","[""investment"", ""planning"", ""implementation"", ""market"", ""business"", ""economics""]",6,Professional Investors & Advisors,"[""financial modeling"", ""market analysis"", ""portfolio management""]",63,8,2025-10-25 21:09:20,en,What are the regulatory considerations for {keyword}?,0.65,0.9663638835333672,0.31
8601604,investment planning,economics,How does global economics impact investment planning?,best_practice,Intermediate,"[""Introduction to investment planning"", ""Key points and analysis"", ""Practical examples"", ""Expert insights"", ""Action items"", ""Conclusion""]","[""investment"", ""planning"", ""best_practice"", ""market"", ""business"", ""economics""]",4,Individual Investors & Analysts,"[""financial modeling"", ""market analysis"", ""portfolio management""]",53,7,2025-10-25 21:09:20,en,How does global economics impact {keyword}?,0.71,0.7536662261077121,0.73
8601605,data science,it,What career opportunities exist in data science?,implementation,Expert,"[""Introduction to data science"", ""Key points and analysis"", ""Practical examples"", ""Expert insights"", ""Action items"", ""Conclusion""]","[""software"", ""it"", ""implementation"", ""programming"", ""science"", ""data""]",4,Architects & Technical Directors,"[""cybersecurity"", ""web development"", ""cloud computing"", ""machine learning""]",48,7,2025-10-25 21:09:20,en,What career opportunities exist in {keyword}?,0.73,1.0,0.77
8601606,digital marketing,marketing,How is AI changing digital marketing approaches?,best_practice,Advanced,"[""Introduction to digital marketing"", ""Key points and analysis"", ""Practical examples"", ""Expert insights"", ""Action items"", ""Conclusion""]","[""marketing"", ""promotion"", ""best_practice"", ""digital""]",4,Marketing Managers & Strategists,"[""brand management"", ""social media"", ""content marketing""]",48,7,2025-10-25 21:09:20,en,How is AI changing {keyword} approaches?,0.69,0.946697223232539,0.46
8601607,digital marketing,marketing,How do you personalize digital marketing for different segments?,how_to,Advanced,"[""Overview of digital marketing"", ""Step-by-step implementation"", ""Best practices and tips"", ""Common challenges and solutions"", ""Tools and resources needed"", ""Conclusion and next steps""]","[""marketing"", ""promotion"", ""how_to"", ""digital""]",6,Marketing Managers & Strategists,"[""brand management"", ""social media"", ""content marketing""]",64,9,2025-10-25 21:09:20,en,How do you personalize {keyword} for different segments?,0.73,0.9549621278251903,0.7
8601608,cybersecurity,it,How do you implement cybersecurity in a production environment?,optimization,Beginner,"[""Overview of cybersecurity"", ""Step-by-step implementation"", ""Best practices and tips"", ""Common challenges and solutions"", ""Tools and resources needed"", ""Conclusion and next steps""]","[""software"", ""it"", ""optimization"", ""cybersecurity"", ""technology""]",5,Students & Entry-level Developers,"[""data science"", ""cloud computing"", ""machine learning"", ""web development""]",63,9,2025-10-25 21:09:20,en,How do you implement {keyword} in a production environment?,0.8,0.33713686748644867,0.32
8601609,brand management,marketing,What demographics respond best to brand management?,how_to,Intermediate,"[""Introduction to brand management"", ""Key points and analysis"", ""Practical examples"", ""Expert insights"", ""Action items"", ""Conclusion""]","[""how_to"", ""marketing"", ""management"", ""advertising"", ""branding"", ""brand""]",4,Marketing Coordinators & Specialists,"[""digital marketing"", ""social media"", ""content marketing""]",51,7,2025-10-25 21:09:20,en,What demographics respond best to {keyword}?,0.84,0.6031294605079769,0.36
8601610,digital marketing,marketing,How do you optimize digital marketing for mobile users?,how_to,Expert,"[""Overview of digital marketing"", ""Step-by-step implementation"", ""Best practices and tips"", ""Common challenges and solutions"", ""Tools and resources needed"", ""Conclusion and next steps""]","[""marketing"", ""promotion"", ""how_to"", ""digital""]",6,Marketing Directors & CMOs,"[""brand management"", ""social media"", ""content marketing""]",55,9,2025-10-25 21:09:20,en,How do you optimize {keyword} for mobile users?,0.72,1.0,0.71
8601611,brand management,marketing,How do you reach new customers through brand management?,comparison,Intermediate,"[""Overview of brand management"", ""Step-by-step implementation"", ""Best practices and tips"", ""Common challenges and solutions"", ""Tools and resources needed"", ""Conclusion and next steps""]","[""comparison"", ""marketing"", ""management"", ""advertising"", ""branding"", ""brand""]",6,Marketing Coordinators & Specialists,"[""digital marketing"", ""content marketing"", ""social media""]",56,9,2025-10-25 21:09:20,en,How do you reach new customers through {keyword}?,0.93,0.7261160855700759,0.87
8601612,cybersecurity,it,Which frameworks support cybersecurity implementation?,troubleshooting,Expert,"[""Introduction to cybersecurity"", ""Key points and analysis"", ""Practical examples"", ""Expert insights"", ""Action items"", ""Conclusion""]","[""software"", ""it"", ""programming"", ""troubleshooting"", ""cybersecurity""]",4,Architects & Technical Directors,"[""data science"", ""cloud computing"", ""web development"", ""machine learning""]",54,5,2025-10-25 21:09:20,en,Which frameworks support {keyword} implementation?,0.81,1.0,0.87
8601613,content marketing,marketing,What KPIs are most important for content marketing?,analysis,Advanced,"[""Introduction to content marketing"", ""Key points and analysis"", ""Practical examples"", ""Expert insights"", ""Action items"", ""Conclusion""]","[""content"", ""analysis"", ""marketing"", ""digital"", ""branding""]",4,Marketing Managers & Strategists,"[""social media"", ""brand management"", ""digital marketing""]",51,8,2025-10-25 21:09:20,en,What KPIs are most important for {keyword}?,0.78,0.8634257071808038,0.9
8601614,investment planning,economics,What are the regulatory considerations for investment planning?,comparison,Intermediate,"[""Introduction to investment planning"", ""Key concepts and definitions"", ""Main categories or types"", ""Examples and case studies"", ""Benefits and advantages"", ""Summary and recommendations""]","[""investment"", ""planning"", ""finance"", ""comparison"", ""business"", ""economics""]",6,Individual Investors & Analysts,"[""financial modeling"", ""portfolio management"", ""market analysis""]",63,8,2025-10-25 21:09:20,en,What are the regulatory considerations for {keyword}?,0.82,0.7558079118481472,0.7
8601615,digital marketing,marketing,How do you attribute success to digital marketing efforts?,strategy,Expert,"[""Overview of digital marketing"", ""Step-by-step implementation"", ""Best practices and tips"", ""Common challenges and solutions"", ""Tools and resources needed"", ""Conclusion and next steps""]","[""promotion"", ""marketing"", ""digital"", ""branding"", ""strategy""]",6,Marketing Directors & CMOs,"[""brand management"", ""content marketing"", ""social media""]",58,9,2025-10-25 21:09:20,en,How do you attribute success to {keyword} efforts?,0.79,1.0,0.36
8601616,data science,it,How do you stay updated with data science developments?,troubleshooting,Intermediate,"[""Overview of data science"", ""Step-by-step implementation"", ""Best practices and tips"", ""Common challenges and solutions"", ""Tools and resources needed"", ""Conclusion and next steps""]","[""software"", ""it"", ""programming"", ""troubleshooting"", ""science"", ""data""]",6,Junior to Mid-level Developers,"[""cloud computing"", ""cybersecurity"", ""web development"", ""machine learning""]",55,9,2025-10-25 21:09:20,en,How do you stay updated with {keyword} developments?,0.95,0.6282404923814576,0.71
8601617,cybersecurity,it,What is the recommended architecture for cybersecurity systems?,analysis,Advanced,"[""Introduction to cybersecurity"", ""Key points and analysis"", ""Practical examples"", ""Expert insights"", ""Action items"", ""Conclusion""]","[""analysis"", ""it"", ""programming"", ""cybersecurity"", ""technology""]",4,Senior Developers & Tech Leads,"[""web development"", ""cloud computing"", ""data science"", ""machine learning""]",63,8,2025-10-25 21:09:20,en,What is the recommended architecture for {keyword} systems?,0.91,0.8890002734266418,0.55
8601618,investment planning,economics,How do you protect your investment planning investments?,optimization,Beginner,"[""Overview of investment planning"", ""Step-by-step implementation"", ""Best practices and tips"", ""Common challenges and solutions"", ""Tools and resources needed"", ""Conclusion and next steps""]","[""investment"", ""planning"", ""finance"", ""business"", ""optimization"", ""economics""]",6,Students & New Investors,"[""financial modeling"", ""portfolio management"", ""market analysis""]",56,8,2025-10-25 21:09:20,en,How do you protect your {keyword} investments?,0.94,0.3023615120075816,0.7
8601619,brand management,marketing,How do you identify the right audience for brand management?,comparison,Advanced,"[""Overview of brand management"", ""Step-by-step implementation"", ""Best practices and tips"", ""Common challenges and solutions"", ""Tools and resources needed"", ""Conclusion and next steps""]","[""promotion"", ""comparison"", ""marketing"", ""management"", ""advertising"", ""brand""]",6,Marketing Managers & Strategists,"[""content marketing"", ""social media"", ""digital marketing""]",60,10,2025-10-25 21:09:20,en,How do you identify the right audience for {keyword}?,0.69,0.8923719925400386,0.31
8601620,market analysis,economics,How does global economics impact market analysis?,evaluation,Advanced,"[""Introduction to market analysis"", ""Key points and analysis"", ""Practical examples"", ""Expert insights"", ""Action items"", ""Conclusion""]","[""finance"", ""analysis"", ""evaluation"", ""market"", ""economics""]",4,Professional Investors & Advisors,"[""investment planning"", ""portfolio management"", ""financial modeling""]",49,7,2025-10-25 21:09:20,en,How does global economics impact {keyword}?,0.66,0.9027320180666296,0.62
8601621,financial modeling,economics,What exit strategies should be considered for financial modeling?,best_practice,Advanced,"[""Introduction to financial modeling"", ""Key points and analysis"", ""Practical examples"", ""Expert insights"", ""Action items"", ""Conclusion""]","[""finance"", ""best_practice"", ""modeling"", ""financial"", ""business"", ""economics""]",4,Professional Investors & Advisors,"[""portfolio management"", ""market analysis"", ""investment planning""]",65,9,2025-10-25 21:09:20,en,What exit strategies should be considered for {keyword}?,0.79,0.8335442901823742,0.81
8601622,machine learning,it,How do you optimize machine learning for different platforms?,strategy,Expert,"[""Overview of machine learning"", ""Step-by-step implementation"", ""Best practices and tips"", ""Common challenges and solutions"", ""Tools and resources needed"", ""Conclusion and next steps""]","[""it"", ""programming"", ""learning"", ""strategy"", ""machine"", ""technology""]",6,Architects & Technical Directors,"[""data science"", ""web development"", ""cybersecurity"", ""cloud computing""]",61,9,2025-10-25 21:09:20,en,How do you optimize {keyword} for different platforms?,0.74,1.0,0.85
8601623,cybersecurity,it,How do you optimize cybersecurity for different platforms?,how_to,Advanced,"[""Overview of cybersecurity"", ""Step-by-step implementation"", ""Best practices and tips"", ""Common challenges and solutions"", ""Tools and resources needed"", ""Conclusion and next steps""]","[""how_to"", ""it"", ""programming"", ""cybersecurity"", ""technology""]",5,Senior Developers & Tech Leads,"[""web development"", ""cloud computing"", ""machine learning"", ""data science""]",58,8,2025-10-25 21:09:20,en,How do you optimize {keyword} for different platforms?,0.61,0.8396495022318627,0.76
8601624,data science,it,What certifications are valuable for data science professionals?,analysis,Advanced,"[""Introduction to data science"", ""Key points and analysis"", ""Practical examples"", ""Expert insights"", ""Action items"", ""Conclusion""]","[""technology"", ""analysis"", ""it"", ""programming"", ""science"", ""data""]",4,Senior Developers & Tech Leads,"[""cybersecurity"", ""machine learning"", ""web development"", ""cloud computing""]",64,8,2025-10-25 21:09:20,en,What certifications are valuable for {keyword} professionals?,0.93,0.9392611283019356,0.52
8601625,machine learning,it,How do you get started with machine learning as a beginner?,analysis,Expert,"[""Overview of machine learning"", ""Step-by-step implementation"", ""Best practices and tips"", ""Common challenges and solutions"", ""Tools and resources needed"", ""Conclusion and next steps""]","[""software"", ""analysis"", ""it"", ""learning"", ""machine"", ""technology""]",6,Architects & Technical Directors,"[""cybersecurity"", ""cloud computing"", ""web development"", ""data science""]",59,11,2025-10-25 21:09:20,en,How do you get started with {keyword} as a beginner?,0.82,1.0,0.38
8601626,social media,marketing,How do you personalize social media for different segments?,how_to,Advanced,"[""Overview of social media"", ""Step-by-step implementation"", ""Best practices and tips"", ""Common challenges and solutions"", ""Tools and resources needed"", ""Conclusion and next steps""]","[""how_to"", ""media"", ""digital"", ""marketing"", ""social"", ""branding""]",6,Marketing Managers & Strategists,"[""brand management"", ""content marketing"", ""digital marketing""]",59,9,2025-10-25 21:09:20,en,How do you personalize {keyword} for different segments?,0.63,0.8923465176324956,0.72
8601627,digital marketing,marketing,What tools are essential for digital marketing analytics?,comparison,Intermediate,"[""Introduction to digital marketing"", ""Key points and analysis"", ""Practical examples"", ""Expert insights"", ""Action items"", ""Conclusion""]","[""marketing"", ""promotion"", ""comparison"", ""digital""]",4,Marketing Coordinators & Specialists,"[""brand management"", ""social media"", ""content marketing""]",57,8,2025-10-25 21:09:20,en,What tools are essential for {keyword} analytics?,0.82,0.7522519129383143,0.73
8601628,investment planning,economics,What exit strategies should be considered for investment planning?,planning,Beginner,"[""Introduction to investment planning"", ""Key points and analysis"", ""Practical examples"", ""Expert insights"", ""Action items"", ""Conclusion""]","[""investment"", ""planning"", ""finance"", ""market"", ""economics""]",4,Students & New Investors,"[""market analysis"", ""portfolio management"", ""financial modeling""]",66,9,2025-10-25 21:09:20,en,What exit strategies should be considered for {keyword}?,0.9,0.42193481872365196,0.45
8601629,machine learning,it,What ROI can be expected from machine learning implementation?,best_practice,Intermediate,"[""Introduction to machine learning"", ""Key points and analysis"", ""Practical examples"", ""Expert insights"", ""Action items"", ""Conclusion""]","[""development"", ""it"", ""programming"", ""best_practice"", ""learning"", ""machine""]",4,Junior to Mid-level Developers,"[""cybersecurity"", ""web development"", ""data science"", ""cloud computing""]",62,9,2025-10-25 21:09:20,en,What ROI can be expected from {keyword} implementation?,0.88,0.7874994651829559,0.5
8601630,machine learning,it,What career opportunities exist in machine learning?,evaluation,Advanced,"[""Introduction to machine learning"", ""Key points and analysis"", ""Practical examples"", ""Expert insights"", ""Action items"", ""Conclusion""]","[""development"", ""it"", ""learning"", ""evaluation"", ""machine"", ""technology""]",4,Senior Developers & Tech Leads,"[""data science"", ""web development"", ""cybersecurity"", ""cloud computing""]",52,7,2025-10-25 21:09:20,en,What career opportunities exist in {keyword}?,0.78,0.8300574667086311,0.36
8601631,financial modeling,economics,How do you diversify your portfolio using financial modeling?,planning,Intermediate,"[""Overview of financial modeling"", ""Step-by-step implementation"", ""Best practices and tips"", ""Common challenges and solutions"", ""Tools and resources needed"", ""Conclusion and next steps""]","[""investment"", ""planning"", ""modeling"", ""financial"", ""market"", ""economics""]",6,Individual Investors & Analysts,"[""investment planning"", ""market analysis"", ""portfolio management""]",61,9,2025-10-25 21:09:20,en,How do you diversify your portfolio using {keyword}?,0.66,0.7413702567864282,0.71
8601632,content marketing,marketing,What timing strategies work for content marketing?,analysis,Intermediate,"[""Introduction to content marketing"", ""Key points and analysis"", ""Practical examples"", ""Expert insights"", ""Action items"", ""Conclusion""]","[""content"", ""analysis"", ""promotion"", ""marketing"", ""digital""]",4,Marketing Coordinators & Specialists,"[""social media"", ""digital marketing"", ""brand management""]",50,7,2025-10-25 21:09:20,en,What timing strategies work for {keyword}?,0.86,0.754519838308906,0.38
8601633,cloud computing,it,What certifications are valuable for cloud computing professionals?,strategy,Expert,"[""Introduction to cloud computing"", ""Key points and analysis"", ""Practical examples"", ""Expert insights"", ""Action items"", ""Conclusion""]","[""computing"", ""software"", ""cloud"", ""it"", ""strategy"", ""technology""]",4,Architects & Technical Directors,"[""web development"", ""data science"", ""cybersecurity"", ""machine learning""]",67,8,2025-10-25 21:09:20,en,What certifications are valuable for {keyword} professionals?,0.69,1.0,0.38
8601634,content marketing,marketing,What channels are most effective for content marketing?,implementation,Advanced,"[""Introduction to content marketing"", ""Key points and analysis"", ""Practical examples"", ""Expert insights"", ""Action items"", ""Conclusion""]","[""content"", ""implementation"", ""marketing"", ""digital"", ""branding""]",4,Marketing Managers & Strategists,"[""brand management"", ""digital marketing"", ""social media""]",55,8,2025-10-25 21:09:20,en,What channels are most effective for {keyword}?,0.66,0.8082055039169748,0.54
8601635,machine learning,it,What are the key components of a machine learning implementation?,best_practice,Advanced,"[""Introduction to machine learning"", ""Key concepts and definitions"", ""Main categories or types"", ""Examples and case studies"", ""Benefits and advantages"", ""Summary and recommendations""]","[""software"", ""it"", ""best_practice"", ""learning"", ""machine"", ""technology""]",6,Senior Developers & Tech Leads,"[""data science"", ""web development"", ""cloud computing"", ""cybersecurity""]",65,10,2025-10-25 21:09:20,en,What are the key components of a {keyword} implementation?,0.78,0.9416564435235872,0.82
8601636,data science,it,How do you stay updated with data science developments?,best_practice,Intermediate,"[""Overview of data science"", ""Step-by-step implementation"", ""Best practices and tips"", ""Common challenges and solutions"", ""Tools and resources needed"", ""Conclusion and next steps""]","[""software"", ""it"", ""programming"", ""best_practice"", ""science"", ""data""]",6,Junior to Mid-level Developers,"[""web development"", ""machine learning"", ""cloud computing"", ""cybersecurity""]",55,9,2025-10-25 21:09:20,en,How do you stay updated with {keyword} developments?,0.79,0.6475600060253988,0.79
8601637,machine learning,it,Which frameworks support machine learning implementation?,best_practice,Intermediate,"[""Introduction to machine learning"", ""Key points and analysis"", ""Practical examples"", ""Expert insights"", ""Action items"", ""Conclusion""]","[""software"", ""development"", ""it"", ""best_practice"", ""learning"", ""machine""]",4,Junior to Mid-level Developers,"[""cybersecurity"", ""cloud computing"", ""data science"", ""web development""]",57,6,2025-10-25 21:09:20,en,Which frameworks support {keyword} implementation?,0.87,0.77635895704422,0.65
8601638,market analysis,economics,What are the regulatory considerations for market analysis?,evaluation,Beginner,"[""Introduction to market analysis"", ""Key concepts and definitions"", ""Main categories or types"", ""Examples and case studies"", ""Benefits and advantages"", ""Summary and recommendations""]","[""investment"", ""analysis"", ""evaluation"", ""market"", ""economics""]",6,Students & New Investors,"[""financial modeling"", ""portfolio management"", ""investment planning""]",59,8,2025-10-25 21:09:20,en,What are the regulatory considerations for {keyword}?,0.68,0.3755874895598367,0.38
8601639,portfolio management,economics,What strategies work best for portfolio management investment?,best_practice,Beginner,"[""Introduction to portfolio management"", ""Key points and analysis"", ""Practical examples"", ""Expert insights"", ""Action items"", ""Conclusion""]","[""portfolio"", ""best_practice"", ""management"", ""market"", ""business"", ""economics""]",4,Students & New Investors,"[""market analysis"", ""investment planning"", ""financial modeling""]",62,8,2025-10-25 21:09:20,en,What strategies work best for {keyword} investment?,0.61,0.32972804335415834,0.7
8601640,machine learning,it,How do you convince stakeholders to invest in machine learning?,comparison,Beginner,"[""Overview of machine learning"", ""Step-by-step implementation"", ""Best practices and tips"", ""Common challenges and solutions"", ""Tools and resources needed"", ""Conclusion and next steps""]","[""development"", ""it"", ""comparison"", ""programming"", ""learning"", ""machine""]",6,Students & Entry-level Developers,"[""cloud computing"", ""cybersecurity"", ""web development"", ""data science""]",63,10,2025-10-25 21:09:20,en,How do you convince stakeholders to invest in {keyword}?,0.64,0.41687025926651905,0.76
8601641,portfolio management,economics,How do you identify opportunities in portfolio management markets?,troubleshooting,Expert,"[""Overview of portfolio management"", ""Step-by-step implementation"", ""Best practices and tips"", ""Common challenges and solutions"", ""Tools and resources needed"", ""Conclusion and next steps""]","[""finance"", ""portfolio"", ""troubleshooting"", ""management"", ""market"", ""economics""]",6,Portfolio Managers & Financial Experts,"[""market analysis"", ""financial modeling"", ""investment planning""]",66,9,2025-10-25 21:09:20,en,How do you identify opportunities in {keyword} markets?,0.64,1.0,0.6
8601642,machine learning,it,What certifications are valuable for machine learning professionals?,analysis,Intermediate,"[""Introduction to machine learning"", ""Key points and analysis"", ""Practical examples"", ""Expert insights"", ""Action items"", ""Conclusion""]","[""analysis"", ""it"", ""programming"", ""learning"", ""machine"", ""technology""]",4,Junior to Mid-level Developers,"[""cloud computing"", ""web development"", ""data science"", ""cybersecurity""]",68,8,2025-10-25 21:09:20,en,What certifications are valuable for {keyword} professionals?,0.7,0.6019731471381853,0.72
8601643,portfolio management,economics,How do you hedge against portfolio management market downturns?,optimization,Advanced,"[""Overview of portfolio management"", ""Step-by-step implementation"", ""Best practices and tips"", ""Common challenges and solutions"", ""Tools and resources needed"", ""Conclusion and next steps""]","[""finance"", ""portfolio"", ""management"", ""business"", ""optimization"", ""economics""]",6,Professional Investors & Advisors,"[""investment planning"", ""financial modeling"", ""market analysis""]",63,9,2025-10-25 21:09:20,en,How do you hedge against {keyword} market downturns?,0.65,0.892542195683311,0.7
8601644,brand management,marketing,How do you personalize brand management for different segments?,best_practice,Expert,"[""Overview of brand management"", ""Step-by-step implementation"", ""Best practices and tips"", ""Common challenges and solutions"", ""Tools and resources needed"", ""Conclusion and next steps""]","[""promotion"", ""best_practice"", ""digital"", ""marketing"", ""management"", ""brand""]",6,Marketing Directors & CMOs,"[""digital marketing"", ""social media"", ""content marketing""]",63,9,2025-10-25 21:09:20,en,How do you personalize {keyword} for different segments?,0.67,1.0,0.52
8601645,financial modeling,economics,How do you diversify your portfolio using financial modeling?,analysis,Beginner,"[""Overview of financial modeling"", ""Step-by-step implementation"", ""Best practices and tips"", ""Common challenges and solutions"", ""Tools and resources needed"", ""Conclusion and next steps""]","[""investment"", ""analysis"", ""finance"", ""modeling"", ""financial"", ""economics""]",6,Students & New Investors,"[""portfolio management"", ""market analysis"", ""investment planning""]",61,9,2025-10-25 21:09:20,en,How do you diversify your portfolio using {keyword}?,0.83,0.39854447879949123,0.64
8601646,content marketing,marketing,How do you develop an effective content marketing strategy?,comparison,Advanced,"[""Overview of content marketing"", ""Step-by-step implementation"", ""Best practices and tips"", ""Common challenges and solutions"", ""Tools and resources needed"", ""Conclusion and next steps""]","[""content"", ""comparison"", ""marketing"", ""digital"", ""advertising""]",6,Marketing Managers & Strategists,"[""social media"", ""digital marketing"", ""brand management""]",59,9,2025-10-25 21:09:20,en,How do you develop an effective {keyword} strategy?,0.74,0.819205412682728,0.52
8601647,cybersecurity,it,What certifications are valuable for cybersecurity professionals?,optimization,Intermediate,"[""Introduction to cybersecurity"", ""Key points and analysis"", ""Practical examples"", ""Expert insights"", ""Action items"", ""Conclusion""]","[""software"", ""development"", ""it"", ""optimization"", ""cybersecurity""]",4,Junior to Mid-level Developers,"[""cloud computing"", ""web development"", ""machine learning"", ""data science""]",65,7,2025-10-25 21:09:20,en,What certifications are valuable for {keyword} professionals?,0.94,0.6708883095324357,0.85
8601648,cybersecurity,it,How can cybersecurity improve system performance and scalability?,troubleshooting,Advanced,"[""Introduction to cybersecurity"", ""Key points and analysis"", ""Practical examples"", ""Expert insights"", ""Action items"", ""Conclusion""]","[""software"", ""it"", ""programming"", ""troubleshooting"", ""cybersecurity""]",4,Senior Developers & Tech Leads,"[""data science"", ""web development"", ""machine learning"", ""cloud computing""]",65,8,2025-10-25 21:09:20,en,How can {keyword} improve system performance and scalability?,0.93,0.816962570686351,0.51
8601649,web development,it,How do you optimize web development for different platforms?,analysis,Beginner,"[""Overview of web development"", ""Step-by-step implementation"", ""Best practices and tips"", ""Common challenges and solutions"", ""Tools and resources needed"", ""Conclusion and next steps""]","[""software"", ""development"", ""web"", ""analysis"", ""it"", ""technology""]",6,Students & Entry-level Developers,"[""data science"", ""cybersecurity"", ""cloud computing"", ""machine learning""]",60,9,2025-10-25 21:09:20,en,How do you optimize {keyword} for different platforms?,0.79,0.48643440616199013,0.86
8601650,data science,it,How do you get started with data science as a beginner?,strategy,Advanced,"[""Overview of data science"", ""Step-by-step implementation"", ""Best practices and tips"", ""Common challenges and solutions"", ""Tools and resources needed"", ""Conclusion and next steps""]","[""development"", ""it"", ""programming"", ""science"", ""strategy"", ""data""]",6,Senior Developers & Tech Leads,"[""machine learning"", ""cybersecurity"", ""web development"", ""cloud computing""]",55,11,2025-10-25 21:09:20,en,How do you get started with {keyword} as a beginner?,0.68,0.8307892723126169,0.63
8601651,investment planning,economics,How do you create a long-term plan for investment planning?,implementation,Advanced,"[""Overview of investment planning"", ""Step-by-step implementation"", ""Best practices and tips"", ""Common challenges and solutions"", ""Tools and resources needed"", ""Conclusion and next steps""]","[""investment"", ""planning"", ""implementation"", ""market"", ""economics""]",6,Professional Investors & Advisors,"[""market analysis"", ""financial modeling"", ""portfolio management""]",59,10,2025-10-25 21:09:20,en,How do you create a long-term plan for {keyword}?,0.81,0.9247100534368778,0.64
8601652,cloud computing,it,How do you implement cloud computing in a production environment?,troubleshooting,Intermediate,"[""Overview of cloud computing"", ""Step-by-step implementation"", ""Best practices and tips"", ""Common challenges and solutions"", ""Tools and resources needed"", ""Conclusion and next steps""]","[""computing"", ""software"", ""it"", ""troubleshooting"", ""cloud"", ""technology""]",6,Junior to Mid-level Developers,"[""machine learning"", ""web development"", ""cybersecurity"", ""data science""]",65,10,2025-10-25 21:09:20,en,How do you implement {keyword} in a production environment?,0.91,0.7982117274140881,0.86
8601653,cybersecurity,it,How do you troubleshoot common issues with cybersecurity?,best_practice,Beginner,"[""Overview of cybersecurity"", ""Step-by-step implementation"", ""Best practices and tips"", ""Common challenges and solutions"", ""Tools and resources needed"", ""Conclusion and next steps""]","[""development"", ""it"", ""programming"", ""best_practice"", ""cybersecurity""]",5,Students & Entry-level Developers,"[""cloud computing"", ""data science"", ""web development"", ""machine learning""]",57,8,2025-10-25 21:09:20,en,How do you troubleshoot common issues with {keyword}?,0.73,0.38623398469176295,0.64
8601654,data science,it,How can data science improve system performance and scalability?,implementation,Intermediate,"[""Introduction to data science"", ""Key points and analysis"", ""Practical examples"", ""Expert insights"", ""Action items"", ""Conclusion""]","[""software"", ""it"", ""implementation"", ""programming"", ""science"", ""data""]",4,Junior to Mid-level Developers,"[""web development"", ""cloud computing"", ""cybersecurity"", ""machine learning""]",64,9,2025-10-25 21:09:20,en,How can {keyword} improve system performance and scalability?,0.61,0.7464624506550406,0.37
8601655,cybersecurity,it,How do you optimize cybersecurity for different platforms?,evaluation,Advanced,"[""Overview of cybersecurity"", ""Step-by-step implementation"", ""Best practices and tips"", ""Common challenges and solutions"", ""Tools and resources needed"", ""Conclusion and next steps""]","[""software"", ""development"", ""it"", ""evaluation"", ""cybersecurity""]",5,Senior Developers & Tech Leads,"[""data science"", ""web development"", ""machine learning"", ""cloud computing""]",58,8,2025-10-25 21:09:20,en,How do you optimize {keyword} for different platforms?,0.89,0.940028594978163,0.64
8601656,brand management,marketing,How do you identify the right audience for brand management?,comparison,Beginner,"[""Overview of brand management"", ""Step-by-step implementation"", ""Best practices and tips"", ""Common challenges and solutions"", ""Tools and resources needed"", ""Conclusion and next steps""]","[""comparison"", ""digital"", ""marketing"", ""management"", ""advertising"", ""brand""]",6,Marketing Students & Interns,"[""digital marketing"", ""social media"", ""content marketing""]",60,10,2025-10-25 21:09:20,en,How do you identify the right audience for {keyword}?,0.75,0.42231097880413926,0.52
8601657,brand management,marketing,How do you attribute success to brand management efforts?,evaluation,Advanced,"[""Overview of brand management"", ""Step-by-step implementation"", ""Best practices and tips"", ""Common challenges and solutions"", ""Tools and resources needed"", ""Conclusion and next steps""]","[""marketing"", ""digital"", ""management"", ""branding"", ""evaluation"", ""brand""]",6,Marketing Managers & Strategists,"[""social media"", ""digital marketing"", ""content marketing""]",57,9,2025-10-25 21:09:20,en,How do you attribute success to {keyword} efforts?,0.83,0.9987959755795873,0.64
8601658,brand management,marketing,How do you optimize brand management for mobile users?,how_to,Intermediate,"[""Overview of brand management"", ""Step-by-step implementation"", ""Best practices and tips"", ""Common challenges and solutions"", ""Tools and resources needed"", ""Conclusion and next steps""]","[""how_to"", ""promotion"", ""marketing"", ""management"", ""digital"", ""brand""]",6,Marketing Coordinators & Specialists,"[""content marketing"", ""social media"", ""digital marketing""]",54,9,2025-10-25 21:09:20,en,How do you optimize {keyword} for mobile users?,0.82,0.7994837997065761,0.89
8601659,financial modeling,economics,What are the risks associated with financial modeling?,troubleshooting,Intermediate,"[""Introduction to financial modeling"", ""Key concepts and definitions"", ""Main categories or types"", ""Examples and case studies"", ""Benefits and advantages"", ""Summary and recommendations""]","[""investment"", ""finance"", ""troubleshooting"", ""modeling"", ""financial"", ""economics""]",6,Individual Investors & Analysts,"[""portfolio management"", ""market analysis"", ""investment planning""]",54,8,2025-10-25 21:09:20,en,What are the risks associated with {keyword}?,0.87,0.6466471175515733,0.38
8601660,cybersecurity,it,How do you design a scalable cybersecurity solution?,comparison,Advanced,"[""Overview of cybersecurity"", ""Step-by-step implementation"", ""Best practices and tips"", ""Common challenges and solutions"", ""Tools and resources needed"", ""Conclusion and next steps""]","[""development"", ""it"", ""comparison"", ""programming"", ""cybersecurity""]",5,Senior Developers & Tech Leads,"[""cloud computing"", ""machine learning"", ""web development"", ""data science""]",52,8,2025-10-25 21:09:20,en,How do you design a scalable {keyword} solution?,0.9,0.8237381209417378,0.59
8601661,social media,marketing,What content types work best for social media?,strategy,Expert,"[""Introduction to social media"", ""Key points and analysis"", ""Practical examples"", ""Expert insights"", ""Action items"", ""Conclusion""]","[""media"", ""promotion"", ""marketing"", ""social"", ""advertising"", ""strategy""]",4,Marketing Directors & CMOs,"[""digital marketing"", ""brand management"", ""content marketing""]",46,8,2025-10-25 21:09:20,en,What content types work best for {keyword}?,0.91,1.0,0.73
8601662,investment planning,economics,How does global economics impact investment planning?,implementation,Intermediate,"[""Introduction to investment planning"", ""Key points and analysis"", ""Practical examples"", ""Expert insights"", ""Action items"", ""Conclusion""]","[""investment"", ""planning"", ""implementation"", ""market"", ""economics""]",4,Individual Investors & Analysts,"[""portfolio management"", ""financial modeling"", ""market analysis""]",53,7,2025-10-25 21:09:20,en,How does global economics impact {keyword}?,0.78,0.7775155624926141,0.73
8601663,brand management,marketing,What tools are essential for brand management analytics?,implementation,Advanced,"[""Introduction to brand management"", ""Key points and analysis"", ""Practical examples"", ""Expert insights"", ""Action items"", ""Conclusion""]","[""implementation"", ""marketing"", ""management"", ""advertising"", ""branding"", ""brand""]",4,Marketing Managers & Strategists,"[""social media"", ""digital marketing"", ""content marketing""]",56,8,2025-10-25 21:09:20,en,What tools are essential for {keyword} analytics?,0.77,0.8374324759341509,0.36
8601664,brand management,marketing,How do you create a brand management roadmap?,troubleshooting,Advanced,"[""Overview of brand management"", ""Step-by-step implementation"", ""Best practices and tips"", ""Common challenges and solutions"", ""Tools and resources needed"", ""Conclusion and next steps""]","[""promotion"", ""troubleshooting"", ""marketing"", ""management"", ""advertising"", ""brand""]",6,Marketing Managers & Strategists,"[""digital marketing"", ""social media"", ""content marketing""]",45,8,2025-10-25 21:09:20,en,How do you create a {keyword} roadmap?,0.62,0.8842209509384742,0.69
8601665,content marketing,marketing,What content types work best for content marketing?,best_practice,Beginner,"[""Introduction to content marketing"", ""Key points and analysis"", ""Practical examples"", ""Expert insights"", ""Action items"", ""Conclusion""]","[""content"", ""best_practice"", ""marketing"", ""digital"", ""branding""]",4,Marketing Students & Interns,"[""social media"", ""digital marketing"", ""brand management""]",51,8,2025-10-25 21:09:20,en,What content types work best for {keyword}?,0.76,0.4884269214753058,0.62
8601666,investment planning,economics,What indicators predict investment planning market movements?,optimization,Beginner,"[""Introduction to investment planning"", ""Key points and analysis"", ""Practical examples"", ""Expert insights"", ""Action items"", ""Conclusion""]","[""investment"", ""planning"", ""market"", ""optimization"", ""economics""]",4,Students & New Investors,"[""financial modeling"", ""market analysis"", ""portfolio management""]",61,7,2025-10-25 21:09:20,en,What indicators predict {keyword} market movements?,0.87,0.4783410604924675,0.3
8601667,digital marketing,marketing,What timing strategies work for digital marketing?,planning,Intermediate,"[""Introduction to digital marketing"", ""Key points and analysis"", ""Practical examples"", ""Expert insights"", ""Action items"", ""Conclusion""]","[""planning"", ""marketing"", ""digital"", ""advertising"", ""branding""]",4,Marketing Coordinators & Specialists,"[""brand management"", ""content marketing"", ""social media""]",50,7,2025-10-25 21:09:20,en,What timing strategies work for {keyword}?,0.68,0.633617653837414,0.61
8601668,web development,it,How can web development improve system performance and scalability?,best_practice,Intermediate,"[""Introduction to web development"", ""Key points and analysis"", ""Practical examples"", ""Expert insights"", ""Action items"", ""Conclusion""]","[""software"", ""development"", ""it"", ""programming"", ""best_practice"", ""web""]",4,Junior to Mid-level Developers,"[""cloud computing"", ""data science"", ""cybersecurity"", ""machine learning""]",67,9,2025-10-25 21:09:20,en,How can {keyword} improve system performance and scalability?,0.95,0.6506818603619374,0.69
8601669,financial modeling,economics,How do you hedge against financial modeling market downturns?,implementation,Advanced,"[""Overview of financial modeling"", ""Step-by-step implementation"", ""Best practices and tips"", ""Common challenges and solutions"", ""Tools and resources needed"", ""Conclusion and next steps""]","[""investment"", ""implementation"", ""modeling"", ""financial"", ""business"", ""economics""]",6,Professional Investors & Advisors,"[""portfolio management"", ""investment planning"", ""market analysis""]",61,9,2025-10-25 21:09:20,en,How do you hedge against {keyword} market downturns?,0.87,0.9705176548448264,0.3
8601670,machine learning,it,What career opportunities exist in machine learning?,best_practice,Intermediate,"[""Introduction to machine learning"", ""Key points and analysis"", ""Practical examples"", ""Expert insights"", ""Action items"", ""Conclusion""]","[""software"", ""development"", ""it"", ""best_practice"", ""learning"", ""machine""]",4,Junior to Mid-level Developers,"[""web development"", ""cybersecurity"", ""data science"", ""cloud computing""]",52,7,2025-10-25 21:09:20,en,What career opportunities exist in {keyword}?,0.61,0.7155812699236821,0.64
8601671,market analysis,economics,How do you analyze market trends in market analysis?,implementation,Beginner,"[""Overview of market analysis"", ""Step-by-step implementation"", ""Best practices and tips"", ""Common challenges and solutions"", ""Tools and resources needed"", ""Conclusion and next steps""]","[""investment"", ""analysis"", ""implementation"", ""market"", ""economics""]",6,Students & New Investors,"[""portfolio management"", ""financial modeling"", ""investment planning""]",52,9,2025-10-25 21:09:20,en,How do you analyze market trends in {keyword}?,0.69,0.3482358263829356,0.37
8601672,market analysis,economics,What is the optimal allocation for market analysis in a portfolio?,how_to,Intermediate,"[""Introduction to market analysis"", ""Key points and analysis"", ""Practical examples"", ""Expert insights"", ""Action items"", ""Conclusion""]","[""how_to"", ""analysis"", ""market"", ""business"", ""economics""]",4,Individual Investors & Analysts,"[""portfolio management"", ""financial modeling"", ""investment planning""]",66,11,2025-10-25 21:09:20,en,What is the optimal allocation for {keyword} in a portfolio?,0.66,0.618466886209485,0.65
8601673,content marketing,marketing,What timing strategies work for content marketing?,analysis,Intermediate,"[""Introduction to content marketing"", ""Key points and analysis"", ""Practical examples"", ""Expert insights"", ""Action items"", ""Conclusion""]","[""content"", ""analysis"", ""marketing"", ""advertising"", ""branding""]",4,Marketing Coordinators & Specialists,"[""brand management"", ""digital marketing"", ""social media""]",50,7,2025-10-25 21:09:20,en,What timing strategies work for {keyword}?,0.79,0.6101317860997164,0.51
8601674,machine learning,it,What are the latest trends in machine learning technology?,how_to,Beginner,"[""Introduction to machine learning"", ""Key concepts and definitions"", ""Main categories or types"", ""Examples and case studies"", ""Benefits and advantages"", ""Summary and recommendations""]","[""how_to"", ""software"", ""it"", ""learning"", ""machine"", ""technology""]",6,Students & Entry-level Developers,"[""data science"", ""web development"", ""cloud computing"", ""cybersecurity""]",58,9,2025-10-25 21:09:20,en,What are the latest trends in {keyword} technology?,0.69,0.36063232447928545,0.47
8601675,portfolio management,economics,How do you benchmark portfolio management against alternatives?,optimization,Expert,"[""Overview of portfolio management"", ""Step-by-step implementation"", ""Best practices and tips"", ""Common challenges and solutions"", ""Tools and resources needed"", ""Conclusion and next steps""]","[""finance"", ""portfolio"", ""management"", ""market"", ""optimization"", ""economics""]",6,Portfolio Managers & Financial Experts,"[""market analysis"", ""investment planning"", ""financial modeling""]",63,8,2025-10-25 21:09:20,en,How do you benchmark {keyword} against alternatives?,0.95,1.0,0.43
8601676,web development,it,How do you integrate web development with existing systems?,analysis,Intermediate,"[""Overview of web development"", ""Step-by-step implementation"", ""Best practices and tips"", ""Common challenges and solutions"", ""Tools and resources needed"", ""Conclusion and next steps""]","[""development"", ""web"", ""analysis"", ""it"", ""technology""]",6,Junior to Mid-level Developers,"[""cloud computing"", ""cybersecurity"", ""data science"", ""machine learning""]",59,9,2025-10-25 21:09:20,en,How do you integrate {keyword} with existing systems?,0.76,0.7971620358605357,0.57
8601677,social media,marketing,How do you innovate within social media?,strategy,Advanced,"[""Overview of social media"", ""Step-by-step implementation"", ""Best practices and tips"", ""Common challenges and solutions"", ""Tools and resources needed"", ""Conclusion and next steps""]","[""media"", ""promotion"", ""marketing"", ""digital"", ""social"", ""strategy""]",6,Marketing Managers & Strategists,"[""digital marketing"", ""brand management"", ""content marketing""]",40,7,2025-10-25 21:09:20,en,How do you innovate within {keyword}?,0.91,0.8712173051764905,0.73
8601678,data science,it,What are the best practices for data science development?,analysis,Intermediate,"[""Introduction to data science"", ""Key concepts and definitions"", ""Main categories or types"", ""Examples and case studies"", ""Benefits and advantages"", ""Summary and recommendations""]","[""development"", ""analysis"", ""it"", ""programming"", ""science"", ""data""]",6,Junior to Mid-level Developers,"[""cybersecurity"", ""web development"", ""machine learning"", ""cloud computing""]",57,9,2025-10-25 21:09:20,en,What are the best practices for {keyword} development?,0.65,0.7277880115347447,0.72
8601679,content marketing,marketing,What channels are most effective for content marketing?,troubleshooting,Expert,"[""Introduction to content marketing"", ""Key points and analysis"", ""Practical examples"", ""Expert insights"", ""Action items"", ""Conclusion""]","[""content"", ""promotion"", ""troubleshooting"", ""marketing"", ""digital""]",4,Marketing Directors & CMOs,"[""brand management"", ""digital marketing"", ""social media""]",55,8,2025-10-25 21:09:20,en,What channels are most effective for {keyword}?,0.86,1.0,0.77
8601680,social media,marketing,How do you reach new customers through social media?,implementation,Expert,"[""Overview of social media"", ""Step-by-step implementation"", ""Best practices and tips"", ""Common challenges and solutions"", ""Tools and resources needed"", ""Conclusion and next steps""]","[""media"", ""implementation"", ""promotion"", ""marketing"", ""social"", ""branding""]",6,Marketing Directors & CMOs,"[""digital marketing"", ""content marketing"", ""brand management""]",52,9,2025-10-25 21:09:20,en,How do you reach new customers through {keyword}?,0.82,1.0,0.75
8601681,investment planning,economics,How do you create a long-term plan for investment planning?,strategy,Expert,"[""Overview of investment planning"", ""Step-by-step implementation"", ""Best practices and tips"", ""Common challenges and solutions"", ""Tools and resources needed"", ""Conclusion and next steps""]","[""investment"", ""planning"", ""business"", ""market"", ""strategy"", ""economics""]",6,Portfolio Managers & Financial Experts,"[""financial modeling"", ""portfolio management"", ""market analysis""]",59,10,2025-10-25 21:09:20,en,How do you create a long-term plan for {keyword}?,0.63,1.0,0.65
8601682,brand management,marketing,How do you track and analyze brand management performance?,how_to,Advanced,"[""Overview of brand management"", ""Step-by-step implementation"", ""Best practices and tips"", ""Common challenges and solutions"", ""Tools and resources needed"", ""Conclusion and next steps""]","[""how_to"", ""marketing"", ""management"", ""advertising"", ""branding"", ""brand""]",6,Marketing Managers & Strategists,"[""social media"", ""content marketing"", ""digital marketing""]",58,9,2025-10-25 21:09:20,en,How do you track and analyze {keyword} performance?,0.92,0.9863666714631136,0.84
8601683,social media,marketing,How do you reach new customers through social media?,strategy,Advanced,"[""Overview of social media"", ""Step-by-step implementation"", ""Best practices and tips"", ""Common challenges and solutions"", ""Tools and resources needed"", ""Conclusion and next steps""]","[""media"", ""marketing"", ""digital"", ""social"", ""branding"", ""strategy""]",6,Marketing Managers & Strategists,"[""brand management"", ""digital marketing"", ""content marketing""]",52,9,2025-10-25 21:09:20,en,How do you reach new customers through {keyword}?,0.92,0.9402036008495379,0.81
8601684,investment planning,economics,What exit strategies should be considered for investment planning?,planning,Beginner,"[""Introduction to investment planning"", ""Key points and analysis"", ""Practical examples"", ""Expert insights"", ""Action items"", ""Conclusion""]","[""investment"", ""planning"", ""finance"", ""business"", ""economics""]",4,Students & New Investors,"[""market analysis"", ""financial modeling"", ""portfolio management""]",66,9,2025-10-25 21:09:20,en,What exit strategies should be considered for {keyword}?,0.65,0.47699351874001517,0.7
8601685,cloud computing,it,What are the cost considerations for cloud computing?,troubleshooting,Expert,"[""Introduction to cloud computing"", ""Key concepts and definitions"", ""Main categories or types"", ""Examples and case studies"", ""Benefits and advantages"", ""Summary and recommendations""]","[""computing"", ""development"", ""it"", ""troubleshooting"", ""cloud"", ""technology""]",6,Architects & Technical Directors,"[""cybersecurity"", ""data science"", ""machine learning"", ""web development""]",53,8,2025-10-25 21:09:20,en,What are the cost considerations for {keyword}?,0.89,1.0,0.87
8601686,data science,it,What are the latest trends in data science technology?,strategy,Advanced,"[""Introduction to data science"", ""Key concepts and definitions"", ""Main categories or types"", ""Examples and case studies"", ""Benefits and advantages"", ""Summary and recommendations""]","[""software"", ""development"", ""it"", ""science"", ""strategy"", ""data""]",6,Senior Developers & Tech Leads,"[""cloud computing"", ""machine learning"", ""cybersecurity"", ""web development""]",54,9,2025-10-25 21:09:20,en,What are the latest trends in {keyword} technology?,0.72,0.9334967231845027,0.62
8601687,brand management,marketing,What timing strategies work for brand management?,implementation,Advanced,"[""Introduction to brand management"", ""Key points and analysis"", ""Practical examples"", ""Expert insights"", ""Action items"", ""Conclusion""]","[""implementation"", ""marketing"", ""digital"", ""management"", ""advertising"", ""brand""]",4,Marketing Managers & Strategists,"[""social media"", ""content marketing"", ""digital marketing""]",49,7,2025-10-25 21:09:20,en,What timing strategies work for {keyword}?,0.75,0.8956247785677476,0.51
8601688,portfolio management,economics,How do you protect your portfolio management investments?,evaluation,Intermediate,"[""Overview of portfolio management"", ""Step-by-step implementation"", ""Best practices and tips"", ""Common challenges and solutions"", ""Tools and resources needed"", ""Conclusion and next steps""]","[""investment"", ""portfolio"", ""management"", ""evaluation"", ""business"", ""economics""]",6,Individual Investors & Analysts,"[""market analysis"", ""financial modeling"", ""investment planning""]",57,8,2025-10-25 21:09:20,en,How do you protect your {keyword} investments?,0.86,0.767518842234861,0.74
8601689,cybersecurity,it,What are the cost considerations for cybersecurity?,analysis,Advanced,"[""Introduction to cybersecurity"", ""Key concepts and definitions"", ""Main categories or types"", ""Examples and case studies"", ""Benefits and advantages"", ""Summary and recommendations""]","[""software"", ""analysis"", ""it"", ""cybersecurity"", ""technology""]",5,Senior Developers & Tech Leads,"[""web development"", ""machine learning"", ""cloud computing"", ""data science""]",51,7,2025-10-25 21:09:20,en,What are the cost considerations for {keyword}?,0.86,0.842816975954294,0.6
8601690,data science,it,Which frameworks support data science implementation?,evaluation,Advanced,"[""Introduction to data science"", ""Key points and analysis"", ""Practical examples"", ""Expert insights"", ""Action items"", ""Conclusion""]","[""technology"", ""it"", ""programming"", ""science"", ""evaluation"", ""data""]",4,Senior Developers & Tech Leads,"[""web development"", ""cybersecurity"", ""machine learning"", ""cloud computing""]",53,6,2025-10-25 21:09:20,en,Which frameworks support {keyword} implementation?,0.92,0.9421140841273749,0.61
8601691,brand management,marketing,What KPIs are most important for brand management?,comparison,Beginner,"[""Introduction to brand management"", ""Key points and analysis"", ""Practical examples"", ""Expert insights"", ""Action items"", ""Conclusion""]","[""promotion"", ""comparison"", ""marketing"", ""management"", ""branding"", ""brand""]",4,Marketing Students & Interns,"[""digital marketing"", ""social media"", ""content marketing""]",50,8,2025-10-25 21:09:20,en,What KPIs are most important for {keyword}?,0.67,0.48901355852367,0.82
8601692,cybersecurity,it,How does cybersecurity impact business operations?,comparison,Expert,"[""Introduction to cybersecurity"", ""Key points and analysis"", ""Practical examples"", ""Expert insights"", ""Action items"", ""Conclusion""]","[""development"", ""it"", ""comparison"", ""programming"", ""cybersecurity""]",4,Architects & Technical Directors,"[""cloud computing"", ""machine learning"", ""web development"", ""data science""]",50,6,2025-10-25 21:09:20,en,How does {keyword} impact business operations?,0.87,1.0,0.89
8601693,web development,it,What are the cost considerations for web development?,best_practice,Advanced,"[""Introduction to web development"", ""Key concepts and definitions"", ""Main categories or types"", ""Examples and case studies"", ""Benefits and advantages"", ""Summary and recommendations""]","[""software"", ""development"", ""it"", ""best_practice"", ""web""]",6,Senior Developers & Tech Leads,"[""data science"", ""cloud computing"", ""cybersecurity"", ""machine learning""]",53,8,2025-10-25 21:09:20,en,What are the cost considerations for {keyword}?,0.65,0.8609576931548295,0.89
8601694,data science,it,What are the cost considerations for data science?,best_practice,Beginner,"[""Introduction to data science"", ""Key concepts and definitions"", ""Main categories or types"", ""Examples and case studies"", ""Benefits and advantages"", ""Summary and recommendations""]","[""technology"", ""it"", ""best_practice"", ""programming"", ""science"", ""data""]",6,Students & Entry-level Developers,"[""machine learning"", ""web development"", ""cloud computing"", ""cybersecurity""]",50,8,2025-10-25 21:09:20,en,What are the cost considerations for {keyword}?,0.79,0.4439314228120102,0.55
8601695,social media,marketing,What are the latest trends in social media?,strategy,Beginner,"[""Introduction to social media"", ""Key concepts and definitions"", ""Main categories or types"", ""Examples and case studies"", ""Benefits and advantages"", ""Summary and recommendations""]","[""media"", ""marketing"", ""digital"", ""social"", ""branding"", ""strategy""]",6,Marketing Students & Interns,"[""content marketing"", ""brand management"", ""digital marketing""]",43,8,2025-10-25 21:09:20,en,What are the latest trends in {keyword}?,0.88,0.32443661724890405,0.67
8601696,financial modeling,economics,How do you measure financial modeling performance?,optimization,Intermediate,"[""Overview of financial modeling"", ""Step-by-step implementation"", ""Best practices and tips"", ""Common challenges and solutions"", ""Tools and resources needed"", ""Conclusion and next steps""]","[""finance"", ""modeling"", ""financial"", ""market"", ""optimization"", ""economics""]",6,Individual Investors & Analysts,"[""market analysis"", ""investment planning"", ""portfolio management""]",50,7,2025-10-25 21:09:20,en,How do you measure {keyword} performance?,0.92,0.6442150526929652,0.41
8601697,social media,marketing,What are the latest trends in social media?,best_practice,Advanced,"[""Introduction to social media"", ""Key concepts and definitions"", ""Main categories or types"", ""Examples and case studies"", ""Benefits and advantages"", ""Summary and recommendations""]","[""media"", ""promotion"", ""best_practice"", ""digital"", ""marketing"", ""social""]",6,Marketing Managers & Strategists,"[""brand management"", ""content marketing"", ""digital marketing""]",43,8,2025-10-25 21:09:20,en,What are the latest trends in {keyword}?,0.69,0.8714404180198017,0.39
8601698,data science,it,What are the best practices for data science development?,evaluation,Intermediate,"[""Introduction to data science"", ""Key concepts and definitions"", ""Main categories or types"", ""Examples and case studies"", ""Benefits and advantages"", ""Summary and recommendations""]","[""technology"", ""it"", ""programming"", ""science"", ""evaluation"", ""data""]",6,Junior to Mid-level Developers,"[""cloud computing"", ""cybersecurity"", ""web development"", ""machine learning""]",57,9,2025-10-25 21:09:20,en,What are the best practices for {keyword} development?,0.62,0.7822026913175221,0.75
8601699,investment planning,economics,What factors should be considered when evaluating investment planning?,planning,Beginner,"[""Introduction to investment planning"", ""Key points and analysis"", ""Practical examples"", ""Expert insights"", ""Action items"", ""Conclusion""]","[""investment"", ""economics"", ""planning"", ""business""]",4,Students & New Investors,"[""portfolio management"", ""financial modeling"", ""market analysis""]",70,9,2025-10-25 21:09:20,en,What factors should be considered when evaluating {keyword}?,0.66,0.3616843370248979,0.7
8601700,cybersecurity,it,How do you troubleshoot common issues with cybersecurity?,implementation,Advanced,"[""Overview of cybersecurity"", ""Step-by-step implementation"", ""Best practices and tips"", ""Common challenges and solutions"", ""Tools and resources needed"", ""Conclusion and next steps""]","[""development"", ""it"", ""implementation"", ""programming"", ""cybersecurity""]",5,Senior Developers & Tech Leads,"[""cloud computing"", ""machine learning"", ""data science"", ""web development""]",57,8,2025-10-25 21:09:20,en,How do you troubleshoot common issues with {keyword}?,0.76,0.9114213126874795,0.7
8601701,web development,it,How can web development improve system performance and scalability?,analysis,Advanced,"[""Introduction to web development"", ""Key points and analysis"", ""Practical examples"", ""Expert insights"", ""Action items"", ""Conclusion""]","[""technology"", ""software"", ""development"", ""analysis"", ""it"", ""web""]",4,Senior Developers & Tech Leads,"[""cybersecurity"", ""data science"", ""cloud computing"", ""machine learning""]",67,9,2025-10-25 21:09:20,en,How can {keyword} improve system performance and scalability?,0.7,0.9758973299922895,0.56
8601702,brand management,marketing,What does the future hold for brand management?,implementation,Beginner,"[""Introduction to brand management"", ""Key points and analysis"", ""Practical examples"", ""Expert insights"", ""Action items"", ""Conclusion""]","[""implementation"", ""promotion"", ""marketing"", ""management"", ""digital"", ""brand""]",4,Marketing Students & Interns,"[""social media"", ""content marketing"", ""digital marketing""]",47,8,2025-10-25 21:09:20,en,What does the future hold for {keyword}?,0.67,0.34059492393220964,0.88
8601703,machine learning,it,What are the cost considerations for machine learning?,best_practice,Intermediate,"[""Introduction to machine learning"", ""Key concepts and definitions"", ""Main categories or types"", ""Examples and case studies"", ""Benefits and advantages"", ""Summary and recommendations""]","[""software"", ""it"", ""programming"", ""best_practice"", ""learning"", ""machine""]",6,Junior to Mid-level Developers,"[""cybersecurity"", ""data science"", ""web development"", ""cloud computing""]",54,8,2025-10-25 21:09:20,en,What are the cost considerations for {keyword}?,0.62,0.6214287380054636,0.34
8601704,cybersecurity,it,Which frameworks support cybersecurity implementation?,planning,Advanced,"[""Introduction to cybersecurity"", ""Key points and analysis"", ""Practical examples"", ""Expert insights"", ""Action items"", ""Conclusion""]","[""software"", ""planning"", ""it"", ""cybersecurity"", ""technology""]",4,Senior Developers & Tech Leads,"[""web development"", ""machine learning"", ""cloud computing"", ""data science""]",54,5,2025-10-25 21:09:20,en,Which frameworks support {keyword} implementation?,0.7,0.9809706306581443,0.66
8601705,machine learning,it,What certifications are valuable for machine learning professionals?,implementation,Advanced,"[""Introduction to machine learning"", ""Key points and analysis"", ""Practical examples"", ""Expert insights"", ""Action items"", ""Conclusion""]","[""software"", ""it"", ""implementation"", ""learning"", ""machine"", ""technology""]",4,Senior Developers & Tech Leads,"[""web development"", ""data science"", ""cloud computing"", ""cybersecurity""]",68,8,2025-10-25 21:09:20,en,What certifications are valuable for {keyword} professionals?,0.64,0.8441302932538756,0.73
8601706,cybersecurity,it,What are the cost considerations for cybersecurity?,how_to,Intermediate,"[""Introduction to cybersecurity"", ""Key concepts and definitions"", ""Main categories or types"", ""Examples and case studies"", ""Benefits and advantages"", ""Summary and recommendations""]","[""how_to"", ""it"", ""programming"", ""cybersecurity"", ""technology""]",5,Junior to Mid-level Developers,"[""web development"", ""data science"", ""cloud computing"", ""machine learning""]",51,7,2025-10-25 21:09:20,en,What are the cost considerations for {keyword}?,0.67,0.6690844260118395,0.78
8601707,investment planning,economics,How do you analyze market trends in investment planning?,best_practice,Expert,"[""Overview of investment planning"", ""Step-by-step implementation"", ""Best practices and tips"", ""Common challenges and solutions"", ""Tools and resources needed"", ""Conclusion and next steps""]","[""investment"", ""planning"", ""finance"", ""best_practice"", ""economics""]",6,Portfolio Managers & Financial Experts,"[""portfolio management"", ""market analysis"", ""financial modeling""]",56,9,2025-10-25 21:09:20,en,How do you analyze market trends in {keyword}?,0.88,1.0,0.69
8601708,web development,it,How do you integrate web development with existing systems?,analysis,Advanced,"[""Overview of web development"", ""Step-by-step implementation"", ""Best practices and tips"", ""Common challenges and solutions"", ""Tools and resources needed"", ""Conclusion and next steps""]","[""development"", ""analysis"", ""it"", ""programming"", ""web""]",6,Senior Developers & Tech Leads,"[""cybersecurity"", ""machine learning"", ""cloud computing"", ""data science""]",59,9,2025-10-25 21:09:20,en,How do you integrate {keyword} with existing systems?,0.94,0.9755025313602896,0.57
8601709,content marketing,marketing,How do you create a content marketing roadmap?,troubleshooting,Beginner,"[""Overview of content marketing"", ""Step-by-step implementation"", ""Best practices and tips"", ""Common challenges and solutions"", ""Tools and resources needed"", ""Conclusion and next steps""]","[""content"", ""promotion"", ""troubleshooting"", ""marketing"", ""branding""]",6,Marketing Students & Interns,"[""brand management"", ""social media"", ""digital marketing""]",46,8,2025-10-25 21:09:20,en,How do you create a {keyword} roadmap?,0.9,0.33011124216126086,0.8
8601710,machine learning,it,What are the cost considerations for machine learning?,analysis,Beginner,"[""Introduction to machine learning"", ""Key concepts and definitions"", ""Main categories or types"", ""Examples and case studies"", ""Benefits and advantages"", ""Summary and recommendations""]","[""software"", ""analysis"", ""it"", ""programming"", ""learning"", ""machine""]",6,Students & Entry-level Developers,"[""cybersecurity"", ""web development"", ""cloud computing"", ""data science""]",54,8,2025-10-25 21:09:20,en,What are the cost considerations for {keyword}?,0.6,0.4463524087798641,0.71
8601711,brand management,marketing,How do you optimize brand management for mobile users?,implementation,Advanced,"[""Overview of brand management"", ""Step-by-step implementation"", ""Best practices and tips"", ""Common challenges and solutions"", ""Tools and resources needed"", ""Conclusion and next steps""]","[""implementation"", ""promotion"", ""marketing"", ""management"", ""branding"", ""brand""]",6,Marketing Managers & Strategists,"[""content marketing"", ""digital marketing"", ""social media""]",54,9,2025-10-25 21:09:20,en,How do you optimize {keyword} for mobile users?,0.81,0.8677492684195846,0.41
8601712,cybersecurity,it,How do you design a scalable cybersecurity solution?,best_practice,Advanced,"[""Overview of cybersecurity"", ""Step-by-step implementation"", ""Best practices and tips"", ""Common challenges and solutions"", ""Tools and resources needed"", ""Conclusion and next steps""]","[""software"", ""it"", ""best_practice"", ""cybersecurity"", ""technology""]",5,Senior Developers & Tech Leads,"[""data science"", ""web development"", ""cloud computing"", ""machine learning""]",52,8,2025-10-25 21:09:20,en,How do you design a scalable {keyword} solution?,0.61,0.971680082142898,0.35
8601713,machine learning,it,How do you implement machine learning in a production environment?,evaluation,Expert,"[""Overview of machine learning"", ""Step-by-step implementation"", ""Best practices and tips"", ""Common challenges and solutions"", ""Tools and resources needed"", ""Conclusion and next steps""]","[""software"", ""it"", ""learning"", ""evaluation"", ""machine"", ""technology""]",6,Architects & Technical Directors,"[""cybersecurity"", ""data science"", ""web development"", ""cloud computing""]",66,10,2025-10-25 21:09:20,en,How do you implement {keyword} in a production environment?,0.86,1.0,0.74
8601714,brand management,marketing,What A/B tests should you run for brand management?,evaluation,Advanced,"[""Introduction to brand management"", ""Key points and analysis"", ""Practical examples"", ""Expert insights"", ""Action items"", ""Conclusion""]","[""marketing"", ""management"", ""digital"", ""branding"", ""evaluation"", ""brand""]",4,Marketing Managers & Strategists,"[""content marketing"", ""social media"", ""digital marketing""]",51,9,2025-10-25 21:09:20,en,What A/B tests should you run for {keyword}?,0.74,0.9209414123261115,0.61
8601715,market analysis,economics,What is the optimal allocation for market analysis in a portfolio?,strategy,Advanced,"[""Introduction to market analysis"", ""Key points and analysis"", ""Practical examples"", ""Expert insights"", ""Action items"", ""Conclusion""]","[""investment"", ""analysis"", ""market"", ""strategy"", ""economics""]",4,Professional Investors & Advisors,"[""investment planning"", ""financial modeling"", ""portfolio management""]",66,11,2025-10-25 21:09:20,en,What is the optimal allocation for {keyword} in a portfolio?,0.63,0.8121437843827437,0.32
8601716,content marketing,marketing,What emerging platforms support content marketing?,strategy,Intermediate,"[""Introduction to content marketing"", ""Key points and analysis"", ""Practical examples"", ""Expert insights"", ""Action items"", ""Conclusion""]","[""content"", ""marketing"", ""advertising"", ""branding"", ""strategy""]",4,Marketing Coordinators & Specialists,"[""brand management"", ""social media"", ""digital marketing""]",50,6,2025-10-25 21:09:20,en,What emerging platforms support {keyword}?,0.69,0.6972292225586709,0.62
8601717,machine learning,it,What certifications are valuable for machine learning professionals?,analysis,Beginner,"[""Introduction to machine learning"", ""Key points and analysis"", ""Practical examples"", ""Expert insights"", ""Action items"", ""Conclusion""]","[""analysis"", ""it"", ""development"", ""learning"", ""machine"", ""technology""]",4,Students & Entry-level Developers,"[""data science"", ""cybersecurity"", ""web development"", ""cloud computing""]",68,8,2025-10-25 21:09:20,en,What certifications are valuable for {keyword} professionals?,0.75,0.30675568160084804,0.5
8601718,cybersecurity,it,What skills are needed to master cybersecurity?,troubleshooting,Advanced,"[""Introduction to cybersecurity"", ""Key points and analysis"", ""Practical examples"", ""Expert insights"", ""Action items"", ""Conclusion""]","[""software"", ""it"", ""troubleshooting"", ""cybersecurity"", ""technology""]",4,Senior Developers & Tech Leads,"[""data science"", ""cloud computing"", ""machine learning"", ""web development""]",47,7,2025-10-25 21:09:20,en,What skills are needed to master {keyword}?,0.62,0.9043743473171642,0.88
8601719,brand management,marketing,What A/B tests should you run for brand management?,comparison,Advanced,"[""Introduction to brand management"", ""Key points and analysis"", ""Practical examples"", ""Expert insights"", ""Action items"", ""Conclusion""]","[""promotion"", ""comparison"", ""digital"", ""marketing"", ""management"", ""brand""]",4,Marketing Managers & Strategists,"[""content marketing"", ""digital marketing"", ""social media""]",51,9,2025-10-25 21:09:20,en,What A/B tests should you run for {keyword}?,0.93,0.9238459695324601,0.86
8601720,machine learning,it,What are the latest trends in machine learning technology?,optimization,Advanced,"[""Introduction to machine learning"", ""Key concepts and definitions"", ""Main categories or types"", ""Examples and case studies"", ""Benefits and advantages"", ""Summary and recommendations""]","[""development"", ""it"", ""learning"", ""optimization"", ""machine"", ""technology""]",6,Senior Developers & Tech Leads,"[""web development"", ""cloud computing"", ""cybersecurity"", ""data science""]",58,9,2025-10-25 21:09:20,en,What are the latest trends in {keyword} technology?,0.64,0.9588015692373408,0.47
8601721,brand management,marketing,How do you attribute success to brand management efforts?,strategy,Beginner,"[""Overview of brand management"", ""Step-by-step implementation"", ""Best practices and tips"", ""Common challenges and solutions"", ""Tools and resources needed"", ""Conclusion and next steps""]","[""promotion"", ""marketing"", ""management"", ""branding"", ""strategy"", ""brand""]",6,Marketing Students & Interns,"[""digital marketing"", ""social media"", ""content marketing""]",57,9,2025-10-25 21:09:20,en,How do you attribute success to {keyword} efforts?,0.88,0.3287274593208636,0.86
8601722,digital marketing,marketing,What demographics respond best to digital marketing?,analysis,Intermediate,"[""Introduction to digital marketing"", ""Key points and analysis"", ""Practical examples"", ""Expert insights"", ""Action items"", ""Conclusion""]","[""branding"", ""marketing"", ""analysis"", ""digital""]",4,Marketing Coordinators & Specialists,"[""content marketing"", ""brand management"", ""social media""]",52,7,2025-10-25 21:09:20,en,What demographics respond best to {keyword}?,0.85,0.7196519414701859,0.49
8601723,brand management,marketing,What KPIs are most important for brand management?,analysis,Advanced,"[""Introduction to brand management"", ""Key points and analysis"", ""Practical examples"", ""Expert insights"", ""Action items"", ""Conclusion""]","[""analysis"", ""promotion"", ""marketing"", ""management"", ""advertising"", ""brand""]",4,Marketing Managers & Strategists,"[""content marketing"", ""social media"", ""digital marketing""]",50,8,2025-10-25 21:09:20,en,What KPIs are most important for {keyword}?,0.9,0.8307670982530426,0.6
8601724,investment planning,economics,How do you adjust your investment planning strategy during volatility?,troubleshooting,Advanced,"[""Overview of investment planning"", ""Step-by-step implementation"", ""Best practices and tips"", ""Common challenges and solutions"", ""Tools and resources needed"", ""Conclusion and next steps""]","[""investment"", ""planning"", ""finance"", ""troubleshooting"", ""market"", ""economics""]",6,Professional Investors & Advisors,"[""financial modeling"", ""portfolio management"", ""market analysis""]",70,10,2025-10-25 21:09:20,en,How do you adjust your {keyword} strategy during volatility?,0.8,0.854902202255911,0.88
8601725,digital marketing,marketing,How do you create a digital marketing roadmap?,planning,Advanced,"[""Overview of digital marketing"", ""Step-by-step implementation"", ""Best practices and tips"", ""Common challenges and solutions"", ""Tools and resources needed"", ""Conclusion and next steps""]","[""planning"", ""marketing"", ""digital"", ""advertising"", ""branding""]",6,Marketing Managers & Strategists,"[""brand management"", ""content marketing"", ""social media""]",46,8,2025-10-25 21:09:20,en,How do you create a {keyword} roadmap?,0.87,0.9351743454068178,0.3
8601726,web development,it,How does web development impact business operations?,strategy,Expert,"[""Introduction to web development"", ""Key points and analysis"", ""Practical examples"", ""Expert insights"", ""Action items"", ""Conclusion""]","[""software"", ""development"", ""it"", ""strategy"", ""web""]",4,Architects & Technical Directors,"[""machine learning"", ""cybersecurity"", ""data science"", ""cloud computing""]",52,7,2025-10-25 21:09:20,en,How does {keyword} impact business operations?,0.7,1.0,0.36
8601727,digital marketing,marketing,What KPIs are most important for digital marketing?,planning,Expert,"[""Introduction to digital marketing"", ""Key points and analysis"", ""Practical examples"", ""Expert insights"", ""Action items"", ""Conclusion""]","[""planning"", ""marketing"", ""digital"", ""advertising"", ""branding""]",4,Marketing Directors & CMOs,"[""content marketing"", ""social media"", ""brand management""]",51,8,2025-10-25 21:09:20,en,What KPIs are most important for {keyword}?,0.84,1.0,0.55
8601728,content marketing,marketing,What timing strategies work for content marketing?,planning,Beginner,"[""Introduction to content marketing"", ""Key points and analysis"", ""Practical examples"", ""Expert insights"", ""Action items"", ""Conclusion""]","[""planning"", ""content"", ""marketing"", ""advertising"", ""branding""]",4,Marketing Students & Interns,"[""brand management"", ""social media"", ""digital marketing""]",50,7,2025-10-25 21:09:20,en,What timing strategies work for {keyword}?,0.87,0.39801613026220023,0.74
8601729,digital marketing,marketing,What content types work best for digital marketing?,how_to,Advanced,"[""Introduction to digital marketing"", ""Key points and analysis"", ""Practical examples"", ""Expert insights"", ""Action items"", ""Conclusion""]","[""marketing"", ""promotion"", ""how_to"", ""digital""]",4,Marketing Managers & Strategists,"[""social media"", ""content marketing"", ""brand management""]",51,8,2025-10-25 21:09:20,en,What content types work best for {keyword}?,0.83,0.9651736887763718,0.53
8601730,brand management,marketing,How do you measure the ROI of brand management campaigns?,analysis,Intermediate,"[""Overview of brand management"", ""Step-by-step implementation"", ""Best practices and tips"", ""Common challenges and solutions"", ""Tools and resources needed"", ""Conclusion and next steps""]","[""analysis"", ""promotion"", ""digital"", ""marketing"", ""management"", ""brand""]",6,Marketing Coordinators & Specialists,"[""content marketing"", ""digital marketing"", ""social media""]",57,10,2025-10-25 21:09:20,en,How do you measure the ROI of {keyword} campaigns?,0.68,0.7817527319948383,0.45
8601731,machine learning,it,What design patterns work best with machine learning?,how_to,Intermediate,"[""Introduction to machine learning"", ""Key points and analysis"", ""Practical examples"", ""Expert insights"", ""Action items"", ""Conclusion""]","[""how_to"", ""software"", ""it"", ""learning"", ""machine"", ""technology""]",4,Junior to Mid-level Developers,"[""cloud computing"", ""cybersecurity"", ""web development"", ""data science""]",53,8,2025-10-25 21:09:20,en,What design patterns work best with {keyword}?,0.83,0.6272631442256666,0.34
8601732,portfolio management,economics,What metrics are most important for portfolio management?,planning,Beginner,"[""Introduction to portfolio management"", ""Key points and analysis"", ""Practical examples"", ""Expert insights"", ""Action items"", ""Conclusion""]","[""planning"", ""finance"", ""portfolio"", ""management"", ""market"", ""economics""]",4,Students & New Investors,"[""financial modeling"", ""investment planning"", ""market analysis""]",57,8,2025-10-25 21:09:20,en,What metrics are most important for {keyword}?,0.67,0.3108691869692615,0.88
8601733,brand management,marketing,How do you measure the ROI of brand management campaigns?,analysis,Advanced,"[""Overview of brand management"", ""Step-by-step implementation"", ""Best practices and tips"", ""Common challenges and solutions"", ""Tools and resources needed"", ""Conclusion and next steps""]","[""analysis"", ""promotion"", ""marketing"", ""management"", ""digital"", ""brand""]",6,Marketing Managers & Strategists,"[""content marketing"", ""social media"", ""digital marketing""]",57,10,2025-10-25 21:09:20,en,How do you measure the ROI of {keyword} campaigns?,0.69,0.9688624926077243,0.8
8601734,machine learning,it,How do you stay updated with machine learning developments?,implementation,Intermediate,"[""Overview of machine learning"", ""Step-by-step implementation"", ""Best practices and tips"", ""Common challenges and solutions"", ""Tools and resources needed"", ""Conclusion and next steps""]","[""software"", ""development"", ""it"", ""implementation"", ""learning"", ""machine""]",6,Junior to Mid-level Developers,"[""cybersecurity"", ""data science"", ""cloud computing"", ""web development""]",59,9,2025-10-25 21:09:20,en,How do you stay updated with {keyword} developments?,0.65,0.6693121054516424,0.67
8601735,investment planning,economics,How do you diversify your portfolio using investment planning?,optimization,Intermediate,"[""Overview of investment planning"", ""Step-by-step implementation"", ""Best practices and tips"", ""Common challenges and solutions"", ""Tools and resources needed"", ""Conclusion and next steps""]","[""investment"", ""planning"", ""business"", ""market"", ""optimization"", ""economics""]",6,Individual Investors & Analysts,"[""market analysis"", ""financial modeling"", ""portfolio management""]",62,9,2025-10-25 21:09:20,en,How do you diversify your portfolio using {keyword}?,0.9,0.7419119785192982,0.57
8601736,social media,marketing,How do you personalize social media for different segments?,optimization,Beginner,"[""Overview of social media"", ""Step-by-step implementation"", ""Best practices and tips"", ""Common challenges and solutions"", ""Tools and resources needed"", ""Conclusion and next steps""]","[""media"", ""promotion"", ""digital"", ""marketing"", ""social"", ""optimization""]",6,Marketing Students & Interns,"[""content marketing"", ""brand management"", ""digital marketing""]",59,9,2025-10-25 21:09:20,en,How do you personalize {keyword} for different segments?,0.75,0.39906458702176195,0.44
8601737,cybersecurity,it,How do you stay updated with cybersecurity developments?,comparison,Expert,"[""Overview of cybersecurity"", ""Step-by-step implementation"", ""Best practices and tips"", ""Common challenges and solutions"", ""Tools and resources needed"", ""Conclusion and next steps""]","[""software"", ""it"", ""comparison"", ""cybersecurity"", ""technology""]",5,Architects & Technical Directors,"[""data science"", ""machine learning"", ""cloud computing"", ""web development""]",56,8,2025-10-25 21:09:20,en,How do you stay updated with {keyword} developments?,0.95,1.0,0.85
8601738,cloud computing,it,What are the cost considerations for cloud computing?,planning,Intermediate,"[""Introduction to cloud computing"", ""Key concepts and definitions"", ""Main categories or types"", ""Examples and case studies"", ""Benefits and advantages"", ""Summary and recommendations""]","[""computing"", ""planning"", ""development"", ""it"", ""programming"", ""cloud""]",6,Junior to Mid-level Developers,"[""web development"", ""data science"", ""cybersecurity"", ""machine learning""]",53,8,2025-10-25 21:09:20,en,What are the cost considerations for {keyword}?,0.8,0.6805955845019637,0.58
8601739,social media,marketing,How do you personalize social media for different segments?,optimization,Advanced,"[""Overview of social media"", ""Step-by-step implementation"", ""Best practices and tips"", ""Common challenges and solutions"", ""Tools and resources needed"", ""Conclusion and next steps""]","[""media"", ""marketing"", ""digital"", ""social"", ""branding"", ""optimization""]",6,Marketing Managers & Strategists,"[""digital marketing"", ""content marketing"", ""brand management""]",59,9,2025-10-25 21:09:20,en,How do you personalize {keyword} for different segments?,0.61,0.902717505587147,0.31
8601740,web development,it,What design patterns work best with web development?,best_practice,Intermediate,"[""Introduction to web development"", ""Key points and analysis"", ""Practical examples"", ""Expert insights"", ""Action items"", ""Conclusion""]","[""technology"", ""development"", ""it"", ""best_practice"", ""web""]",4,Junior to Mid-level Developers,"[""data science"", ""cloud computing"", ""cybersecurity"", ""machine learning""]",52,8,2025-10-25 21:09:20,en,What design patterns work best with {keyword}?,0.73,0.7757916967530357,0.37
8601741,investment planning,economics,What are the seasonal patterns in investment planning?,optimization,Expert,"[""Introduction to investment planning"", ""Key concepts and definitions"", ""Main categories or types"", ""Examples and case studies"", ""Benefits and advantages"", ""Summary and recommendations""]","[""investment"", ""planning"", ""finance"", ""market"", ""optimization"", ""economics""]",6,Portfolio Managers & Financial Experts,"[""financial modeling"", ""portfolio management"", ""market analysis""]",54,8,2025-10-25 21:09:20,en,What are the seasonal patterns in {keyword}?,0.91,1.0,0.85
8601742,machine learning,it,What design patterns work best with machine learning?,comparison,Advanced,"[""Introduction to machine learning"", ""Key points and analysis"", ""Practical examples"", ""Expert insights"", ""Action items"", ""Conclusion""]","[""development"", ""it"", ""comparison"", ""learning"", ""machine"", ""technology""]",4,Senior Developers & Tech Leads,"[""cloud computing"", ""data science"", ""web development"", ""cybersecurity""]",53,8,2025-10-25 21:09:20,en,What design patterns work best with {keyword}?,0.69,0.9552302115122211,0.7
8601743,cloud computing,it,What certifications are valuable for cloud computing professionals?,optimization,Intermediate,"[""Introduction to cloud computing"", ""Key points and analysis"", ""Practical examples"", ""Expert insights"", ""Action items"", ""Conclusion""]","[""computing"", ""cloud"", ""development"", ""it"", ""software"", ""optimization""]",4,Junior to Mid-level Developers,"[""machine learning"", ""cybersecurity"", ""data science"", ""web development""]",67,8,2025-10-25 21:09:20,en,What certifications are valuable for {keyword} professionals?,0.66,0.7569775122996789,0.65
8601744,web development,it,How do you design a scalable web development solution?,how_to,Beginner,"[""Overview of web development"", ""Step-by-step implementation"", ""Best practices and tips"", ""Common challenges and solutions"", ""Tools and resources needed"", ""Conclusion and next steps""]","[""how_to"", ""software"", ""development"", ""it"", ""web""]",6,Students & Entry-level Developers,"[""data science"", ""cloud computing"", ""machine learning"", ""cybersecurity""]",54,9,2025-10-25 21:09:20,en,How do you design a scalable {keyword} solution?,0.92,0.45452047113207394,0.43
8601745,financial modeling,economics,How do you protect your financial modeling investments?,implementation,Advanced,"[""Overview of financial modeling"", ""Step-by-step implementation"", ""Best practices and tips"", ""Common challenges and solutions"", ""Tools and resources needed"", ""Conclusion and next steps""]","[""investment"", ""finance"", ""implementation"", ""modeling"", ""financial"", ""economics""]",6,Professional Investors & Advisors,"[""investment planning"", ""market analysis"", ""portfolio management""]",55,8,2025-10-25 21:09:20,en,How do you protect your {keyword} investments?,0.64,0.8967656059404477,0.62
8601746,financial modeling,economics,What tools help analyze financial modeling data?,comparison,Intermediate,"[""Introduction to financial modeling"", ""Key points and analysis"", ""Practical examples"", ""Expert insights"", ""Action items"", ""Conclusion""]","[""finance"", ""comparison"", ""modeling"", ""financial"", ""business"", ""economics""]",4,Individual Investors & Analysts,"[""investment planning"", ""portfolio management"", ""market analysis""]",48,7,2025-10-25 21:09:20,en,What tools help analyze {keyword} data?,0.61,0.7116476425603847,0.76
8601747,content marketing,marketing,How do you personalize content marketing for different segments?,how_to,Expert,"[""Overview of content marketing"", ""Step-by-step implementation"", ""Best practices and tips"", ""Common challenges and solutions"", ""Tools and resources needed"", ""Conclusion and next steps""]","[""how_to"", ""content"", ""marketing"", ""digital"", ""branding""]",6,Marketing Directors & CMOs,"[""social media"", ""brand management"", ""digital marketing""]",64,9,2025-10-25 21:09:20,en,How do you personalize {keyword} for different segments?,0.83,1.0,0.87
8601748,cybersecurity,it,What are the cost considerations for cybersecurity?,strategy,Expert,"[""Introduction to cybersecurity"", ""Key concepts and definitions"", ""Main categories or types"", ""Examples and case studies"", ""Benefits and advantages"", ""Summary and recommendations""]","[""software"", ""development"", ""it"", ""strategy"", ""cybersecurity""]",5,Architects & Technical Directors,"[""data science"", ""machine learning"", ""web development"", ""cloud computing""]",51,7,2025-10-25 21:09:20,en,What are the cost considerations for {keyword}?,0.78,1.0,0.77
8601749,brand management,marketing,How do you innovate within brand management?,planning,Expert,"[""Overview of brand management"", ""Step-by-step implementation"", ""Best practices and tips"", ""Common challenges and solutions"", ""Tools and resources needed"", ""Conclusion and next steps""]","[""planning"", ""marketing"", ""management"", ""advertising"", ""digital"", ""brand""]",6,Marketing Directors & CMOs,"[""digital marketing"", ""content marketing"", ""social media""]",44,7,2025-10-25 21:09:20,en,How do you innovate within {keyword}?,0.81,1.0,0.71
8601750,brand management,marketing,What messaging works best in brand management campaigns?,how_to,Advanced,"[""Introduction to brand management"", ""Key points and analysis"", ""Practical examples"", ""Expert insights"", ""Action items"", ""Conclusion""]","[""how_to"", ""digital"", ""marketing"", ""management"", ""advertising"", ""brand""]",4,Marketing Managers & Strategists,"[""content marketing"", ""digital marketing"", ""social media""]",56,8,2025-10-25 21:09:20,en,What messaging works best in {keyword} campaigns?,0.87,0.9375495567091332,0.68
8601751,data science,it,How do you implement data science in a production environment?,best_practice,Intermediate,"[""Overview of data science"", ""Step-by-step implementation"", ""Best practices and tips"", ""Common challenges and solutions"", ""Tools and resources needed"", ""Conclusion and next steps""]","[""technology"", ""development"", ""it"", ""best_practice"", ""science"", ""data""]",6,Junior to Mid-level Developers,"[""machine learning"", ""cloud computing"", ""cybersecurity"", ""web development""]",62,10,2025-10-25 21:09:20,en,How do you implement {keyword} in a production environment?,0.85,0.7926218018949783,0.59
8601752,social media,marketing,How do you improve social media conversion rates?,planning,Expert,"[""Overview of social media"", ""Step-by-step implementation"", ""Best practices and tips"", ""Common challenges and solutions"", ""Tools and resources needed"", ""Conclusion and next steps""]","[""planning"", ""media"", ""promotion"", ""marketing"", ""social"", ""branding""]",6,Marketing Directors & CMOs,"[""brand management"", ""content marketing"", ""digital marketing""]",49,8,2025-10-25 21:09:20,en,How do you improve {keyword} conversion rates?,0.76,1.0,0.64
8601753,investment planning,economics,What factors should be considered when evaluating investment planning?,planning,Beginner,"[""Introduction to investment planning"", ""Key points and analysis"", ""Practical examples"", ""Expert insights"", ""Action items"", ""Conclusion""]","[""investment"", ""planning"", ""finance"", ""business"", ""economics""]",4,Students & New Investors,"[""portfolio management"", ""market analysis"", ""financial modeling""]",70,9,2025-10-25 21:09:20,en,What factors should be considered when evaluating {keyword}?,0.77,0.3723031087975097,0.7
8601754,financial modeling,economics,What factors should be considered when evaluating financial modeling?,how_to,Advanced,"[""Introduction to financial modeling"", ""Key points and analysis"", ""Practical examples"", ""Expert insights"", ""Action items"", ""Conclusion""]","[""investment"", ""how_to"", ""modeling"", ""financial"", ""market"", ""economics""]",4,Professional Investors & Advisors,"[""investment planning"", ""portfolio management"", ""market analysis""]",69,9,2025-10-25 21:09:20,en,What factors should be considered when evaluating {keyword}?,0.6,0.9312515499424808,0.85
8601755,content marketing,marketing,How do you reach new customers through content marketing?,troubleshooting,Expert,"[""Overview of content marketing"", ""Step-by-step implementation"", ""Best practices and tips"", ""Common challenges and solutions"", ""Tools and resources needed"", ""Conclusion and next steps""]","[""content"", ""promotion"", ""troubleshooting"", ""marketing"", ""digital""]",6,Marketing Directors & CMOs,"[""social media"", ""digital marketing"", ""brand management""]",57,9,2025-10-25 21:09:20,en,How do you reach new customers through {keyword}?,0.91,1.0,0.89
8601756,financial modeling,economics,What are the risks associated with financial modeling?,strategy,Intermediate,"[""Introduction to financial modeling"", ""Key concepts and definitions"", ""Main categories or types"", ""Examples and case studies"", ""Benefits and advantages"", ""Summary and recommendations""]","[""investment"", ""modeling"", ""financial"", ""market"", ""strategy"", ""economics""]",6,Individual Investors & Analysts,"[""portfolio management"", ""market analysis"", ""investment planning""]",54,8,2025-10-25 21:09:20,en,What are the risks associated with {keyword}?,0.91,0.658215068852425,0.78
8601757,web development,it,How do you troubleshoot common issues with web development?,strategy,Advanced,"[""Overview of web development"", ""Step-by-step implementation"", ""Best practices and tips"", ""Common challenges and solutions"", ""Tools and resources needed"", ""Conclusion and next steps""]","[""software"", ""development"", ""web"", ""it"", ""strategy"", ""technology""]",6,Senior Developers & Tech Leads,"[""cloud computing"", ""cybersecurity"", ""machine learning"", ""data science""]",59,9,2025-10-25 21:09:20,en,How do you troubleshoot common issues with {keyword}?,0.9,0.9579576707891142,0.33
8601758,cloud computing,it,What skills are needed to master cloud computing?,analysis,Expert,"[""Introduction to cloud computing"", ""Key points and analysis"", ""Practical examples"", ""Expert insights"", ""Action items"", ""Conclusion""]","[""computing"", ""software"", ""analysis"", ""it"", ""programming"", ""cloud""]",4,Architects & Technical Directors,"[""cybersecurity"", ""data science"", ""web development"", ""machine learning""]",49,8,2025-10-25 21:09:20,en,What skills are needed to master {keyword}?,0.73,1.0,0.36
8601759,market analysis,economics,What timeline is realistic for market analysis returns?,best_practice,Intermediate,"[""Introduction to market analysis"", ""Key points and analysis"", ""Practical examples"", ""Expert insights"", ""Action items"", ""Conclusion""]","[""analysis"", ""finance"", ""best_practice"", ""market"", ""business"", ""economics""]",4,Individual Investors & Analysts,"[""portfolio management"", ""investment planning"", ""financial modeling""]",55,8,2025-10-25 21:09:20,en,What timeline is realistic for {keyword} returns?,0.8,0.6635076139801833,0.5
8601760,cybersecurity,it,How do you optimize cybersecurity for different platforms?,strategy,Expert,"[""Overview of cybersecurity"", ""Step-by-step implementation"", ""Best practices and tips"", ""Common challenges and solutions"", ""Tools and resources needed"", ""Conclusion and next steps""]","[""it"", ""programming"", ""strategy"", ""cybersecurity"", ""technology""]",5,Architects & Technical Directors,"[""cloud computing"", ""web development"", ""data science"", ""machine learning""]",58,8,2025-10-25 21:09:20,en,How do you optimize {keyword} for different platforms?,0.66,1.0,0.53
8601761,investment planning,economics,How does global economics impact investment planning?,optimization,Intermediate,"[""Introduction to investment planning"", ""Key points and analysis"", ""Practical examples"", ""Expert insights"", ""Action items"", ""Conclusion""]","[""investment"", ""planning"", ""finance"", ""market"", ""optimization"", ""economics""]",4,Individual Investors & Analysts,"[""portfolio management"", ""financial modeling"", ""market analysis""]",53,7,2025-10-25 21:09:20,en,How does global economics impact {keyword}?,0.76,0.6323533109521635,0.6
8601762,brand management,marketing,How do you optimize brand management for mobile users?,how_to,Expert,"[""Overview of brand management"", ""Step-by-step implementation"", ""Best practices and tips"", ""Common challenges and solutions"", ""Tools and resources needed"", ""Conclusion and next steps""]","[""how_to"", ""promotion"", ""marketing"", ""management"", ""branding"", ""brand""]",6,Marketing Directors & CMOs,"[""social media"", ""digital marketing"", ""content marketing""]",54,9,2025-10-25 21:09:20,en,How do you optimize {keyword} for mobile users?,0.76,1.0,0.83
8601763,cybersecurity,it,What are the latest trends in cybersecurity technology?,best_practice,Intermediate,"[""Introduction to cybersecurity"", ""Key concepts and definitions"", ""Main categories or types"", ""Examples and case studies"", ""Benefits and advantages"", ""Summary and recommendations""]","[""software"", ""development"", ""it"", ""best_practice"", ""cybersecurity""]",5,Junior to Mid-level Developers,"[""data science"", ""web development"", ""machine learning"", ""cloud computing""]",55,8,2025-10-25 21:09:20,en,What are the latest trends in {keyword} technology?,0.81,0.7252841539062249,0.85
8601764,data science,it,What are the best practices for data science development?,strategy,Advanced,"[""Introduction to data science"", ""Key concepts and definitions"", ""Main categories or types"", ""Examples and case studies"", ""Benefits and advantages"", ""Summary and recommendations""]","[""software"", ""it"", ""programming"", ""science"", ""strategy"", ""data""]",6,Senior Developers & Tech Leads,"[""cloud computing"", ""machine learning"", ""web development"", ""cybersecurity""]",57,9,2025-10-25 21:09:20,en,What are the best practices for {keyword} development?,0.94,0.988394849494023,0.75
8601765,digital marketing,marketing,How do you automate digital marketing processes?,optimization,Intermediate,"[""Overview of digital marketing"", ""Step-by-step implementation"", ""Best practices and tips"", ""Common challenges and solutions"", ""Tools and resources needed"", ""Conclusion and next steps""]","[""marketing"", ""optimization"", ""promotion"", ""digital""]",6,Marketing Coordinators & Specialists,"[""brand management"", ""content marketing"", ""social media""]",48,7,2025-10-25 21:09:20,en,How do you automate {keyword} processes?,0.88,0.6738082934254086,0.85
8601766,data science,it,How do you implement data science in a production environment?,evaluation,Advanced,"[""Overview of data science"", ""Step-by-step implementation"", ""Best practices and tips"", ""Common challenges and solutions"", ""Tools and resources needed"", ""Conclusion and next steps""]","[""technology"", ""development"", ""it"", ""science"", ""evaluation"", ""data""]",6,Senior Developers & Tech Leads,"[""web development"", ""cloud computing"", ""machine learning"", ""cybersecurity""]",62,10,2025-10-25 21:09:20,en,How do you implement {keyword} in a production environment?,0.79,0.947449618936842,0.56
8601767,portfolio management,economics,How do you hedge against portfolio management market downturns?,strategy,Intermediate,"[""Overview of portfolio management"", ""Step-by-step implementation"", ""Best practices and tips"", ""Common challenges and solutions"", ""Tools and resources needed"", ""Conclusion and next steps""]","[""finance"", ""portfolio"", ""management"", ""market"", ""strategy"", ""economics""]",6,Individual Investors & Analysts,"[""market analysis"", ""investment planning"", ""financial modeling""]",63,9,2025-10-25 21:09:20,en,How do you hedge against {keyword} market downturns?,0.64,0.7509328806559961,0.31
8601768,portfolio management,economics,How do you create a long-term plan for portfolio management?,analysis,Advanced,"[""Overview of portfolio management"", ""Step-by-step implementation"", ""Best practices and tips"", ""Common challenges and solutions"", ""Tools and resources needed"", ""Conclusion and next steps""]","[""investment"", ""analysis"", ""finance"", ""portfolio"", ""management"", ""economics""]",6,Professional Investors & Advisors,"[""investment planning"", ""market analysis"", ""financial modeling""]",60,10,2025-10-25 21:09:20,en,How do you create a long-term plan for {keyword}?,0.88,0.9635071983275417,0.73
8601769,investment planning,economics,How do you report on investment planning performance to stakeholders?,troubleshooting,Advanced,"[""Overview of investment planning"", ""Step-by-step implementation"", ""Best practices and tips"", ""Common challenges and solutions"", ""Tools and resources needed"", ""Conclusion and next steps""]","[""investment"", ""planning"", ""troubleshooting"", ""market"", ""economics""]",6,Professional Investors & Advisors,"[""financial modeling"", ""market analysis"", ""portfolio management""]",69,10,2025-10-25 21:09:20,en,How do you report on {keyword} performance to stakeholders?,0.78,0.9695407817109685,0.5
8601770,machine learning,it,How do you get started with machine learning as a beginner?,planning,Expert,"[""Overview of machine learning"", ""Step-by-step implementation"", ""Best practices and tips"", ""Common challenges and solutions"", ""Tools and resources needed"", ""Conclusion and next steps""]","[""planning"", ""development"", ""it"", ""programming"", ""learning"", ""machine""]",6,Architects & Technical Directors,"[""cybersecurity"", ""data science"", ""web development"", ""cloud computing""]",59,11,2025-10-25 21:09:20,en,How do you get started with {keyword} as a beginner?,0.67,1.0,0.42
8601771,investment planning,economics,How do economic conditions affect investment planning performance?,implementation,Advanced,"[""Introduction to investment planning"", ""Key points and analysis"", ""Practical examples"", ""Expert insights"", ""Action items"", ""Conclusion""]","[""investment"", ""planning"", ""finance"", ""implementation"", ""business"", ""economics""]",4,Professional Investors & Advisors,"[""portfolio management"", ""market analysis"", ""financial modeling""]",66,8,2025-10-25 21:09:20,en,How do economic conditions affect {keyword} performance?,0.69,0.8092719111857763,0.48
8601772,financial modeling,economics,What are the seasonal patterns in financial modeling?,troubleshooting,Beginner,"[""Introduction to financial modeling"", ""Key concepts and definitions"", ""Main categories or types"", ""Examples and case studies"", ""Benefits and advantages"", ""Summary and recommendations""]","[""investment"", ""finance"", ""troubleshooting"", ""modeling"", ""financial"", ""economics""]",6,Students & New Investors,"[""portfolio management"", ""investment planning"", ""market analysis""]",53,8,2025-10-25 21:09:20,en,What are the seasonal patterns in {keyword}?,0.9,0.44697061806857935,0.74
8601773,brand management,marketing,How do you optimize brand management for mobile users?,strategy,Advanced,"[""Overview of brand management"", ""Step-by-step implementation"", ""Best practices and tips"", ""Common challenges and solutions"", ""Tools and resources needed"", ""Conclusion and next steps""]","[""marketing"", ""management"", ""advertising"", ""branding"", ""strategy"", ""brand""]",6,Marketing Managers & Strategists,"[""digital marketing"", ""content marketing"", ""social media""]",54,9,2025-10-25 21:09:20,en,How do you optimize {keyword} for mobile users?,0.91,0.8745847914661656,0.88
8601774,machine learning,it,What are the cost considerations for machine learning?,analysis,Beginner,"[""Introduction to machine learning"", ""Key concepts and definitions"", ""Main categories or types"", ""Examples and case studies"", ""Benefits and advantages"", ""Summary and recommendations""]","[""development"", ""analysis"", ""it"", ""learning"", ""machine"", ""technology""]",6,Students & Entry-level Developers,"[""data science"", ""cybersecurity"", ""web development"", ""cloud computing""]",54,8,2025-10-25 21:09:20,en,What are the cost considerations for {keyword}?,0.84,0.315725947211433,0.46
8601775,data science,it,What ROI can be expected from data science implementation?,how_to,Advanced,"[""Introduction to data science"", ""Key points and analysis"", ""Practical examples"", ""Expert insights"", ""Action items"", ""Conclusion""]","[""how_to"", ""technology"", ""it"", ""programming"", ""science"", ""data""]",4,Senior Developers & Tech Leads,"[""cloud computing"", ""web development"", ""machine learning"", ""cybersecurity""]",58,9,2025-10-25 21:09:20,en,What ROI can be expected from {keyword} implementation?,0.81,0.919355887139118,0.55
8601776,social media,marketing,How is AI changing social media approaches?,optimization,Intermediate,"[""Introduction to social media"", ""Key points and analysis"", ""Practical examples"", ""Expert insights"", ""Action items"", ""Conclusion""]","[""media"", ""marketing"", ""social"", ""advertising"", ""branding"", ""optimization""]",4,Marketing Coordinators & Specialists,"[""digital marketing"", ""brand management"", ""content marketing""]",43,7,2025-10-25 21:09:20,en,How is AI changing {keyword} approaches?,0.83,0.6235653979473251,0.64
8601777,digital marketing,marketing,How do you measure the ROI of digital marketing campaigns?,evaluation,Intermediate,"[""Overview of digital marketing"", ""Step-by-step implementation"", ""Best practices and tips"", ""Common challenges and solutions"", ""Tools and resources needed"", ""Conclusion and next steps""]","[""promotion"", ""marketing"", ""digital"", ""branding"", ""evaluation""]",6,Marketing Coordinators & Specialists,"[""social media"", ""content marketing"", ""brand management""]",58,10,2025-10-25 21:09:20,en,How do you measure the ROI of {keyword} campaigns?,0.93,0.7923313662127676,0.61
8601778,data science,it,How do you measure the success of data science projects?,optimization,Beginner,"[""Overview of data science"", ""Step-by-step implementation"", ""Best practices and tips"", ""Common challenges and solutions"", ""Tools and resources needed"", ""Conclusion and next steps""]","[""technology"", ""development"", ""it"", ""science"", ""optimization"", ""data""]",6,Students & Entry-level Developers,"[""web development"", ""cloud computing"", ""machine learning"", ""cybersecurity""]",56,10,2025-10-25 21:09:20,en,How do you measure the success of {keyword} projects?,0.71,0.3882471442048397,0.57
8601779,data science,it,What ROI can be expected from data science implementation?,best_practice,Expert,"[""Introduction to data science"", ""Key points and analysis"", ""Practical examples"", ""Expert insights"", ""Action items"", ""Conclusion""]","[""technology"", ""it"", ""programming"", ""best_practice"", ""science"", ""data""]",4,Architects & Technical Directors,"[""machine learning"", ""cybersecurity"", ""cloud computing"", ""web development""]",58,9,2025-10-25 21:09:20,en,What ROI can be expected from {keyword} implementation?,0.76,1.0,0.39
8601780,machine learning,it,How do you convince stakeholders to invest in machine learning?,comparison,Expert,"[""Overview of machine learning"", ""Step-by-step implementation"", ""Best practices and tips"", ""Common challenges and solutions"", ""Tools and resources needed"", ""Conclusion and next steps""]","[""development"", ""it"", ""comparison"", ""programming"", ""learning"", ""machine""]",6,Architects & Technical Directors,"[""web development"", ""data science"", ""cybersecurity"", ""cloud computing""]",63,10,2025-10-25 21:09:20,en,How do you convince stakeholders to invest in {keyword}?,0.84,1.0,0.86
8601781,financial modeling,economics,What is the optimal allocation for financial modeling in a portfolio?,optimization,Intermediate,"[""Introduction to financial modeling"", ""Key points and analysis"", ""Practical examples"", ""Expert insights"", ""Action items"", ""Conclusion""]","[""finance"", ""modeling"", ""financial"", ""market"", ""optimization"", ""economics""]",4,Individual Investors & Analysts,"[""portfolio management"", ""investment planning"", ""market analysis""]",69,11,2025-10-25 21:09:20,en,What is the optimal allocation for {keyword} in a portfolio?,0.68,0.6028709096192861,0.61
8601782,financial modeling,economics,How do you report on financial modeling performance to stakeholders?,evaluation,Intermediate,"[""Overview of financial modeling"", ""Step-by-step implementation"", ""Best practices and tips"", ""Common challenges and solutions"", ""Tools and resources needed"", ""Conclusion and next steps""]","[""modeling"", ""financial"", ""evaluation"", ""market"", ""business"", ""economics""]",6,Individual Investors & Analysts,"[""investment planning"", ""portfolio management"", ""market analysis""]",68,10,2025-10-25 21:09:20,en,How do you report on {keyword} performance to stakeholders?,0.84,0.7774230539358961,0.65
8601783,brand management,marketing,How do you attribute success to brand management efforts?,evaluation,Expert,"[""Overview of brand management"", ""Step-by-step implementation"", ""Best practices and tips"", ""Common challenges and solutions"", ""Tools and resources needed"", ""Conclusion and next steps""]","[""marketing"", ""digital"", ""management"", ""branding"", ""evaluation"", ""brand""]",6,Marketing Directors & CMOs,"[""social media"", ""content marketing"", ""digital marketing""]",57,9,2025-10-25 21:09:20,en,How do you attribute success to {keyword} efforts?,0.86,1.0,0.77
8601784,market analysis,economics,What strategies work best for market analysis investment?,evaluation,Advanced,"[""Introduction to market analysis"", ""Key points and analysis"", ""Practical examples"", ""Expert insights"", ""Action items"", ""Conclusion""]","[""investment"", ""analysis"", ""evaluation"", ""market"", ""business"", ""economics""]",4,Professional Investors & Advisors,"[""investment planning"", ""financial modeling"", ""portfolio management""]",57,8,2025-10-25 21:09:20,en,What strategies work best for {keyword} investment?,0.81,0.8098865718197453,0.52
8601785,social media,marketing,What does the future hold for social media?,strategy,Advanced,"[""Introduction to social media"", ""Key points and analysis"", ""Practical examples"", ""Expert insights"", ""Action items"", ""Conclusion""]","[""media"", ""digital"", ""marketing"", ""social"", ""advertising"", ""strategy""]",4,Marketing Managers & Strategists,"[""digital marketing"", ""content marketing"", ""brand management""]",43,8,2025-10-25 21:09:20,en,What does the future hold for {keyword}?,0.93,0.8402110914536167,0.85
8601786,digital marketing,marketing,How do you track and analyze digital marketing performance?,implementation,Intermediate,"[""Overview of digital marketing"", ""Step-by-step implementation"", ""Best practices and tips"", ""Common challenges and solutions"", ""Tools and resources needed"", ""Conclusion and next steps""]","[""implementation"", ""marketing"", ""promotion"", ""digital""]",6,Marketing Coordinators & Specialists,"[""social media"", ""brand management"", ""content marketing""]",59,9,2025-10-25 21:09:20,en,How do you track and analyze {keyword} performance?,0.73,0.7934434864320252,0.55
8601787,web development,it,What ROI can be expected from web development implementation?,implementation,Intermediate,"[""Introduction to web development"", ""Key points and analysis"", ""Practical examples"", ""Expert insights"", ""Action items"", ""Conclusion""]","[""development"", ""it"", ""implementation"", ""programming"", ""web""]",4,Junior to Mid-level Developers,"[""cybersecurity"", ""machine learning"", ""data science"", ""cloud computing""]",61,9,2025-10-25 21:09:20,en,What ROI can be expected from {keyword} implementation?,0.81,0.6247667142784459,0.51
8601788,social media,marketing,How do you create a social media roadmap?,troubleshooting,Beginner,"[""Overview of social media"", ""Step-by-step implementation"", ""Best practices and tips"", ""Common challenges and solutions"", ""Tools and resources needed"", ""Conclusion and next steps""]","[""media"", ""troubleshooting"", ""marketing"", ""digital"", ""social"", ""branding""]",6,Marketing Students & Interns,"[""content marketing"", ""brand management"", ""digital marketing""]",41,8,2025-10-25 21:09:20,en,How do you create a {keyword} roadmap?,0.68,0.43485089565045265,0.76
8601789,cloud computing,it,How do you integrate cloud computing with existing systems?,comparison,Intermediate,"[""Overview of cloud computing"", ""Step-by-step implementation"", ""Best practices and tips"", ""Common challenges and solutions"", ""Tools and resources needed"", ""Conclusion and next steps""]","[""computing"", ""development"", ""it"", ""comparison"", ""cloud"", ""technology""]",6,Junior to Mid-level Developers,"[""data science"", ""web development"", ""machine learning"", ""cybersecurity""]",59,9,2025-10-25 21:09:20,en,How do you integrate {keyword} with existing systems?,0.82,0.737879232690902,0.7
8601790,digital marketing,marketing,How do you improve digital marketing conversion rates?,troubleshooting,Expert,"[""Overview of digital marketing"", ""Step-by-step implementation"", ""Best practices and tips"", ""Common challenges and solutions"", ""Tools and resources needed"", ""Conclusion and next steps""]","[""marketing"", ""advertising"", ""troubleshooting"", ""digital""]",6,Marketing Directors & CMOs,"[""social media"", ""brand management"", ""content marketing""]",54,8,2025-10-25 21:09:20,en,How do you improve {keyword} conversion rates?,0.76,1.0,0.67
8601791,portfolio management,economics,How do you hedge against portfolio management market downturns?,troubleshooting,Beginner,"[""Overview of portfolio management"", ""Step-by-step implementation"", ""Best practices and tips"", ""Common challenges and solutions"", ""Tools and resources needed"", ""Conclusion and next steps""]","[""finance"", ""portfolio"", ""troubleshooting"", ""management"", ""business"", ""economics""]",6,Students & New Investors,"[""market analysis"", ""financial modeling"", ""investment planning""]",63,9,2025-10-25 21:09:20,en,How do you hedge against {keyword} market downturns?,0.83,0.34721582797054484,0.67
8601792,digital marketing,marketing,How do you optimize digital marketing for mobile users?,how_to,Advanced,"[""Overview of digital marketing"", ""Step-by-step implementation"", ""Best practices and tips"", ""Common challenges and solutions"", ""Tools and resources needed"", ""Conclusion and next steps""]","[""marketing"", ""how_to"", ""advertising"", ""digital""]",6,Marketing Managers & Strategists,"[""brand management"", ""content marketing"", ""social media""]",55,9,2025-10-25 21:09:20,en,How do you optimize {keyword} for mobile users?,0.91,0.8006759463375703,0.33
8601793,cloud computing,it,How do you integrate cloud computing with existing systems?,implementation,Expert,"[""Overview of cloud computing"", ""Step-by-step implementation"", ""Best practices and tips"", ""Common challenges and solutions"", ""Tools and resources needed"", ""Conclusion and next steps""]","[""computing"", ""software"", ""it"", ""implementation"", ""programming"", ""cloud""]",6,Architects & Technical Directors,"[""web development"", ""cybersecurity"", ""machine learning"", ""data science""]",59,9,2025-10-25 21:09:20,en,How do you integrate {keyword} with existing systems?,0.85,1.0,0.56
8601794,content marketing,marketing,What KPIs are most important for content marketing?,evaluation,Expert,"[""Introduction to content marketing"", ""Key points and analysis"", ""Practic